0 0.359375 0.30078125 0.12890625 0.04296875
0 0.47265625 0.3046875 0.12890625 0.04296875
0 0.484375 0.3671875 0.12890625 0.04296875
0 0.84765625 0.37109375 0.12890625 0.04296875
0 0.4921875 0.44140625 0.12890625 0.04296875
0 0.9921875 0.453125 0.12890625 0.04296875
0 0.8671875 0.51171875 0.12890625 0.04296875
0 0.5078125 0.5234375 0.12890625 0.04296875
0 0.84765625 0.578125 0.12890625 0.04296875
0 0.484375 0.5859375 0.12890625 0.04296875
0 0.86328125 0.65234375 0.12890625 0.04296875
0 0.484375 0.65625 0.12890625 0.04296875
0 0.5 0.73046875 0.12890625 0.04296875
0 0.85546875 0.73046875 0.12890625 0.04296875
0 0.8671875 0.80078125 0.12890625 0.04296875
0 0.45703125 0.80859375 0.12890625 0.04296875
0 0.83984375 0.8671875 0.12890625 0.04296875
0 0.484375 0.8828125 0.12890625 0.04296875
0 0.97265625 0.8828125 0.12890625 0.04296875
0 0.83203125 0.94140625 0.12890625 0.04296875
0 0.984375 0.953125 0.12890625 0.04296875
