0 0.2421875 0.140625 0.12890625 0.04296875
0 0.44921875 0.15234375 0.12890625 0.04296875
0 0.62890625 0.3984375 0.12890625 0.04296875
0 0.01953125 0.44921875 0.12890625 0.04296875
0 0.30078125 0.453125 0.12890625 0.04296875
0 0.08984375 0.46484375 0.12890625 0.04296875
0 0.1640625 0.46484375 0.12890625 0.04296875
0 0.625 0.46484375 0.12890625 0.04296875
0 0.625 0.546875 0.12890625 0.04296875
0 0.234375 0.58203125 0.12890625 0.04296875
0 0.15234375 0.59765625 0.12890625 0.04296875
0 0.0234375 0.6015625 0.12890625 0.04296875
0 0.08984375 0.6015625 0.12890625 0.04296875
0 0.6328125 0.69140625 0.12890625 0.04296875
0 0.6328125 0.75390625 0.12890625 0.04296875
0 0.28515625 0.92578125 0.12890625 0.04296875
0 0.01171875 0.93359375 0.12890625 0.04296875
0 0.0859375 0.93359375 0.12890625 0.04296875
0 0.15234375 0.93359375 0.12890625 0.04296875
