0 0.58984375 0.13671875 0.12890625 0.04296875
0 0.7890625 0.16796875 0.12890625 0.04296875
0 0.59765625 0.2109375 0.12890625 0.04296875
0 0.80078125 0.234375 0.12890625 0.04296875
0 0.7890625 0.296875 0.12890625 0.04296875
0 0.60546875 0.3515625 0.12890625 0.04296875
0 0.7890625 0.37109375 0.12890625 0.04296875
0 0.7890625 0.44140625 0.12890625 0.04296875
0 0.78515625 0.51171875 0.12890625 0.04296875
0 0.7734375 0.57421875 0.12890625 0.04296875
0 0.78515625 0.6640625 0.12890625 0.04296875
0 0.87890625 0.8203125 0.12890625 0.04296875
0 0.88671875 0.90625 0.12890625 0.04296875
0 0.4453125 0.96484375 0.12890625 0.04296875
0 0.89453125 0.98046875 0.12890625 0.04296875
