0 0.4921875 0.08984375 0.12890625 0.04296875
0 0.05859375 0.09375 0.12890625 0.04296875
0 0.1328125 0.09375 0.12890625 0.04296875
0 0.2734375 0.09375 0.12890625 0.04296875
0 0.41796875 0.09375 0.12890625 0.04296875
0 0.921875 0.09375 0.12890625 0.04296875
0 0.546875 0.09765625 0.12890625 0.04296875
0 0.33984375 0.1015625 0.12890625 0.04296875
0 0.76953125 0.1015625 0.12890625 0.04296875
0 0.84375 0.1015625 0.12890625 0.04296875
0 0.98046875 0.1015625 0.12890625 0.04296875
0 0.6328125 0.10546875 0.12890625 0.04296875
0 0.703125 0.109375 0.12890625 0.04296875
0 0.3828125 0.265625 0.12890625 0.04296875
0 0.80859375 0.265625 0.12890625 0.04296875
0 0.515625 0.2734375 0.12890625 0.04296875
0 0.7265625 0.2734375 0.12890625 0.04296875
0 0.8828125 0.27734375 0.12890625 0.04296875
0 0.59375 0.28125 0.12890625 0.04296875
0 0.453125 0.28515625 0.12890625 0.04296875
0 0.671875 0.28515625 0.12890625 0.04296875
0 0.953125 0.2890625 0.12890625 0.04296875
0 0.328125 0.546875 0.12890625 0.04296875
0 0.48046875 0.55078125 0.12890625 0.04296875
0 0.80859375 0.55078125 0.12890625 0.04296875
0 0.32421875 0.62109375 0.12890625 0.04296875
0 0.98828125 0.625 0.12890625 0.04296875
0 0.4765625 0.62890625 0.12890625 0.04296875
0 0.8359375 0.62890625 0.12890625 0.04296875
0 0.47265625 0.6875 0.12890625 0.04296875
0 0.80859375 0.70703125 0.12890625 0.04296875
0 0.9609375 0.70703125 0.12890625 0.04296875
0 0.31640625 0.765625 0.12890625 0.04296875
0 0.4765625 0.765625 0.12890625 0.04296875
0 0.9609375 0.7734375 0.12890625 0.04296875
0 0.80859375 0.83984375 0.12890625 0.04296875
0 0.95703125 0.83984375 0.12890625 0.04296875
0 0.32421875 0.84375 0.12890625 0.04296875
0 0.30078125 0.91015625 0.12890625 0.04296875
0 0.48046875 0.91015625 0.12890625 0.04296875
0 0.828125 0.91796875 0.12890625 0.04296875
0 0.96484375 0.91796875 0.12890625 0.04296875
0 0.48828125 0.984375 0.12890625 0.04296875
0 0.81640625 0.98828125 0.12890625 0.04296875
0 0.95703125 0.98828125 0.12890625 0.04296875
0 0.328125 0.9921875 0.12890625 0.04296875
