0 0.10546875 0.12890625 0.12890625 0.04296875
0 0.2578125 0.13671875 0.12890625 0.04296875
0 0.546875 0.15234375 0.12890625 0.04296875
0 0.75390625 0.17578125 0.12890625 0.04296875
0 0.11328125 0.50390625 0.12890625 0.04296875
0 0.6015625 0.52734375 0.12890625 0.04296875
0 0.74609375 0.53125 0.12890625 0.04296875
0 0.88671875 0.53125 0.12890625 0.04296875
0 0.77734375 0.65234375 0.12890625 0.04296875
0 0.86328125 0.66015625 0.12890625 0.04296875
0 0.9609375 0.66015625 0.12890625 0.04296875
0 0.9609375 0.9609375 0.12890625 0.04296875
0 0.74609375 0.96484375 0.12890625 0.04296875
0 0.81640625 0.96484375 0.12890625 0.04296875
