0 0.3984375 0.1015625 0.12890625 0.04296875
0 0.48828125 0.11328125 0.12890625 0.04296875
0 0.5625 0.11328125 0.12890625 0.04296875
0 0.89453125 0.359375 0.12890625 0.04296875
0 0.6875 0.375 0.12890625 0.04296875
0 0.703125 0.47265625 0.12890625 0.04296875
0 0.14453125 0.5 0.12890625 0.04296875
0 0.90234375 0.5078125 0.12890625 0.04296875
0 0.6796875 0.5390625 0.12890625 0.04296875
0 0.12890625 0.66015625 0.12890625 0.04296875
0 0.90234375 0.67578125 0.12890625 0.04296875
0 0.68359375 0.734375 0.12890625 0.04296875
0 0.15234375 0.84375 0.12890625 0.04296875
0 0.67578125 0.89453125 0.12890625 0.04296875
0 0.14453125 0.921875 0.12890625 0.04296875
0 0.69140625 0.97265625 0.12890625 0.04296875
