0 0.546875 0.15234375 0.12890625 0.04296875
0 0.5625 0.3671875 0.12890625 0.04296875
0 0.703125 0.37109375 0.12890625 0.04296875
0 0.63671875 0.37890625 0.12890625 0.04296875
0 0.015625 0.5859375 0.12890625 0.04296875
0 0.07421875 0.58984375 0.12890625 0.04296875
0 0.203125 0.6015625 0.12890625 0.04296875
0 0.265625 0.609375 0.12890625 0.04296875
0 0.26171875 0.95703125 0.12890625 0.04296875
0 0.0 0.97265625 0.12890625 0.04296875
0 0.06640625 0.97265625 0.12890625 0.04296875
0 0.125 0.97265625 0.12890625 0.04296875
