0 0.015625 0.015625 0.12890625 0.04296875
0 0.36328125 0.0703125 0.12890625 0.04296875
0 0.3359375 0.12890625 0.12890625 0.04296875
0 0.015625 0.13671875 0.12890625 0.04296875
0 0.34375 0.19140625 0.12890625 0.04296875
0 0.0078125 0.22265625 0.12890625 0.04296875
0 0.34765625 0.2734375 0.12890625 0.04296875
0 0.3359375 0.33984375 0.12890625 0.04296875
0 0.32421875 0.41015625 0.12890625 0.04296875
0 0.35546875 0.484375 0.12890625 0.04296875
0 0.015625 0.53125 0.12890625 0.04296875
0 0.34765625 0.56640625 0.12890625 0.04296875
0 0.95703125 0.8671875 0.12890625 0.04296875
