0 0.25 0.35546875 0.12890625 0.04296875
0 0.421875 0.35546875 0.12890625 0.04296875
0 0.9609375 0.35546875 0.12890625 0.04296875
0 0.0859375 0.359375 0.12890625 0.04296875
0 0.0546875 0.45703125 0.12890625 0.04296875
0 0.19140625 0.46484375 0.12890625 0.04296875
0 0.484375 0.46484375 0.12890625 0.04296875
0 0.5859375 0.47265625 0.12890625 0.04296875
0 0.6953125 0.47265625 0.12890625 0.04296875
0 0.90625 0.47265625 0.12890625 0.04296875
0 0.98828125 0.47265625 0.12890625 0.04296875
0 0.30078125 0.48046875 0.12890625 0.04296875
0 0.3984375 0.48046875 0.12890625 0.04296875
0 0.80078125 0.49609375 0.12890625 0.04296875
0 0.69140625 0.75390625 0.12890625 0.04296875
0 0.25 0.76171875 0.12890625 0.04296875
0 0.42578125 0.76171875 0.12890625 0.04296875
0 0.5 0.76953125 0.12890625 0.04296875
0 0.59375 0.7734375 0.12890625 0.04296875
0 0.76171875 0.77734375 0.12890625 0.04296875
0 0.84765625 0.77734375 0.12890625 0.04296875
0 0.984375 0.88671875 0.12890625 0.04296875
0 0.65234375 0.89453125 0.12890625 0.04296875
0 0.30859375 0.8984375 0.12890625 0.04296875
0 0.3984375 0.90234375 0.12890625 0.04296875
0 0.90625 0.90234375 0.12890625 0.04296875
0 0.56640625 0.90625 0.12890625 0.04296875
0 0.23046875 0.91015625 0.12890625 0.04296875
0 0.82421875 0.91015625 0.12890625 0.04296875
