0 0.32421875 0.1640625 0.12890625 0.04296875
0 0.07421875 0.22265625 0.12890625 0.04296875
0 0.6640625 0.2265625 0.12890625 0.04296875
0 0.765625 0.2421875 0.12890625 0.04296875
0 0.765625 0.24609375 0.12890625 0.04296875
0 0.15625 0.25390625 0.12890625 0.04296875
0 0.1328125 0.52734375 0.12890625 0.04296875
0 0.0 0.53125 0.12890625 0.04296875
0 0.765625 0.53125 0.12890625 0.04296875
0 0.32421875 0.5390625 0.12890625 0.04296875
0 0.6328125 0.54296875 0.12890625 0.04296875
0 0.89453125 0.546875 0.12890625 0.04296875
