0 0.890625 0.046875 0.12890625 0.04296875
0 0.60546875 0.06640625 0.12890625 0.04296875
0 0.9921875 0.0703125 0.12890625 0.04296875
0 0.59765625 0.13671875 0.12890625 0.04296875
0 0.89453125 0.13671875 0.12890625 0.04296875
0 0.6015625 0.22265625 0.12890625 0.04296875
0 0.859375 0.23046875 0.12890625 0.04296875
0 0.9765625 0.25 0.12890625 0.04296875
0 0.0625 0.4921875 0.12890625 0.04296875
0 0.1953125 0.49609375 0.12890625 0.04296875
0 0.375 0.5 0.12890625 0.04296875
0 0.92578125 0.50390625 0.12890625 0.04296875
0 0.53515625 0.5078125 0.12890625 0.04296875
0 0.2421875 0.8984375 0.12890625 0.04296875
