0 0.24609375 0.1640625 0.12890625 0.04296875
0 0.4609375 0.1640625 0.12890625 0.04296875
0 0.390625 0.16796875 0.12890625 0.04296875
0 0.81640625 0.16796875 0.12890625 0.04296875
0 0.171875 0.171875 0.12890625 0.04296875
0 0.32421875 0.171875 0.12890625 0.04296875
0 0.03515625 0.17578125 0.12890625 0.04296875
0 0.671875 0.17578125 0.12890625 0.04296875
0 0.1015625 0.1796875 0.12890625 0.04296875
0 0.53125 0.1796875 0.12890625 0.04296875
0 0.59765625 0.1796875 0.12890625 0.04296875
0 0.95703125 0.1796875 0.12890625 0.04296875
0 0.8984375 0.18359375 0.12890625 0.04296875
0 0.10546875 0.515625 0.12890625 0.04296875
0 0.37890625 0.51953125 0.12890625 0.04296875
0 0.6640625 0.51953125 0.12890625 0.04296875
0 0.17578125 0.5234375 0.12890625 0.04296875
0 0.2421875 0.5234375 0.12890625 0.04296875
0 0.58203125 0.52734375 0.12890625 0.04296875
0 0.82421875 0.52734375 0.12890625 0.04296875
0 0.02734375 0.53125 0.12890625 0.04296875
0 0.30859375 0.53125 0.12890625 0.04296875
0 0.51953125 0.53125 0.12890625 0.04296875
0 0.73828125 0.53125 0.12890625 0.04296875
0 0.890625 0.53515625 0.12890625 0.04296875
0 0.95703125 0.53515625 0.12890625 0.04296875
0 0.2421875 0.7265625 0.12890625 0.04296875
0 0.52734375 0.73046875 0.12890625 0.04296875
0 0.58203125 0.73046875 0.12890625 0.04296875
0 0.8828125 0.73046875 0.12890625 0.04296875
0 0.02734375 0.734375 0.12890625 0.04296875
0 0.37890625 0.734375 0.12890625 0.04296875
0 0.08984375 0.73828125 0.12890625 0.04296875
0 0.16796875 0.73828125 0.12890625 0.04296875
0 0.31640625 0.73828125 0.12890625 0.04296875
0 0.8125 0.73828125 0.12890625 0.04296875
0 0.4609375 0.7421875 0.12890625 0.04296875
0 0.73828125 0.7421875 0.12890625 0.04296875
0 0.671875 0.75 0.12890625 0.04296875
0 0.95703125 0.75 0.12890625 0.04296875
