0 0.0703125 0.046875 0.12890625 0.04296875
0 0.4140625 0.0625 0.12890625 0.04296875
0 0.0625 0.12890625 0.12890625 0.04296875
0 0.40625 0.13671875 0.12890625 0.04296875
0 0.41796875 0.19921875 0.12890625 0.04296875
0 0.05859375 0.33203125 0.12890625 0.04296875
0 0.0234375 0.48046875 0.12890625 0.04296875
0 0.38671875 0.4921875 0.12890625 0.04296875
0 0.05078125 0.55078125 0.12890625 0.04296875
0 0.38671875 0.5625 0.12890625 0.04296875
0 0.03125 0.6171875 0.12890625 0.04296875
0 0.0390625 0.703125 0.12890625 0.04296875
0 0.2265625 0.93359375 0.12890625 0.04296875
0 0.0078125 0.9453125 0.12890625 0.04296875
0 0.08984375 0.9453125 0.12890625 0.04296875
