0 0.3984375 0.40625 0.12890625 0.04296875
0 0.26953125 0.4140625 0.12890625 0.04296875
0 0.609375 0.43359375 0.12890625 0.04296875
0 0.26953125 0.5234375 0.12890625 0.04296875
0 0.40625 0.52734375 0.12890625 0.04296875
0 0.6171875 0.55859375 0.12890625 0.04296875
0 0.27734375 0.60546875 0.12890625 0.04296875
0 0.39453125 0.62109375 0.12890625 0.04296875
0 0.95703125 0.62890625 0.12890625 0.04296875
0 0.03515625 0.70703125 0.12890625 0.04296875
0 0.390625 0.70703125 0.12890625 0.04296875
0 0.265625 0.71875 0.12890625 0.04296875
0 0.03515625 0.80078125 0.12890625 0.04296875
0 0.27734375 0.80078125 0.12890625 0.04296875
0 0.609375 0.8203125 0.12890625 0.04296875
0 0.04296875 0.90234375 0.12890625 0.04296875
0 0.38671875 0.90234375 0.12890625 0.04296875
0 0.296875 0.98828125 0.12890625 0.04296875
0 0.03515625 0.9921875 0.12890625 0.04296875
