0 0.296875 0.01171875 0.12890625 0.04296875
0 0.296875 0.015625 0.12890625 0.04296875
0 0.21875 0.02734375 0.12890625 0.04296875
0 0.00390625 0.04296875 0.12890625 0.04296875
0 0.15234375 0.046875 0.12890625 0.04296875
0 0.00390625 0.2265625 0.12890625 0.04296875
0 0.21875 0.234375 0.12890625 0.04296875
0 0.43359375 0.42578125 0.12890625 0.04296875
0 0.42578125 0.50390625 0.12890625 0.04296875
0 0.05859375 0.69140625 0.12890625 0.04296875
0 0.421875 0.71484375 0.12890625 0.04296875
0 0.078125 0.77734375 0.12890625 0.04296875
0 0.41796875 0.78125 0.12890625 0.04296875
0 0.07421875 0.9921875 0.12890625 0.04296875
