0 0.6875 0.39453125 0.12890625 0.04296875
0 0.7109375 0.47265625 0.12890625 0.04296875
0 0.71484375 0.56640625 0.12890625 0.04296875
0 0.734375 0.62890625 0.12890625 0.04296875
0 0.7421875 0.62890625 0.12890625 0.04296875
0 0.33203125 0.68359375 0.12890625 0.04296875
0 0.76171875 0.7265625 0.12890625 0.04296875
0 0.76171875 0.73046875 0.12890625 0.04296875
0 0.3359375 0.82421875 0.12890625 0.04296875
0 0.9609375 0.91015625 0.12890625 0.04296875
0 0.3359375 0.96875 0.12890625 0.04296875
0 0.48046875 0.97265625 0.12890625 0.04296875
