0 0.8359375 0.01171875 0.12890625 0.04296875
0 0.6171875 0.015625 0.12890625 0.04296875
0 0.1171875 0.0703125 0.12890625 0.04296875
0 0.609375 0.0859375 0.12890625 0.04296875
0 0.84765625 0.0859375 0.12890625 0.04296875
0 0.859375 0.16015625 0.12890625 0.04296875
0 0.84765625 0.22265625 0.12890625 0.04296875
0 0.17578125 0.51171875 0.12890625 0.04296875
0 0.453125 0.51171875 0.12890625 0.04296875
0 0.328125 0.52734375 0.12890625 0.04296875
0 0.30859375 0.84375 0.12890625 0.04296875
0 0.45703125 0.8515625 0.12890625 0.04296875
0 0.53125 0.859375 0.12890625 0.04296875
