0 0.23046875 0.00390625 0.12890625 0.04296875
0 0.26953125 0.05859375 0.12890625 0.04296875
0 0.6171875 0.0703125 0.12890625 0.04296875
0 0.47265625 0.13671875 0.12890625 0.04296875
0 0.62109375 0.1484375 0.12890625 0.04296875
0 0.234375 0.15234375 0.12890625 0.04296875
0 0.62109375 0.2265625 0.12890625 0.04296875
0 0.23828125 0.23046875 0.12890625 0.04296875
0 0.6171875 0.30078125 0.12890625 0.04296875
0 0.234375 0.30859375 0.12890625 0.04296875
0 0.87890625 0.3203125 0.12890625 0.04296875
0 0.4921875 0.375 0.12890625 0.04296875
0 0.11328125 0.3828125 0.12890625 0.04296875
0 0.859375 0.41796875 0.12890625 0.04296875
0 0.87109375 0.5 0.12890625 0.04296875
0 0.86328125 0.765625 0.12890625 0.04296875
