0 0.40234375 0.1875 0.12890625 0.04296875
0 0.390625 0.24609375 0.12890625 0.04296875
0 0.9921875 0.2734375 0.12890625 0.04296875
0 0.41015625 0.3046875 0.12890625 0.04296875
0 0.75390625 0.31640625 0.12890625 0.04296875
0 0.99609375 0.3515625 0.12890625 0.04296875
0 0.234375 0.375 0.12890625 0.04296875
0 0.3984375 0.375 0.12890625 0.04296875
0 0.75390625 0.3984375 0.12890625 0.04296875
0 0.99609375 0.43359375 0.12890625 0.04296875
0 0.23828125 0.4453125 0.12890625 0.04296875
0 0.40234375 0.44921875 0.12890625 0.04296875
0 0.984375 0.69921875 0.12890625 0.04296875
0 0.83203125 0.7265625 0.12890625 0.04296875
0 0.421875 0.76171875 0.12890625 0.04296875
0 0.97265625 0.78125 0.12890625 0.04296875
0 0.984375 0.8515625 0.12890625 0.04296875
0 0.98046875 0.91796875 0.12890625 0.04296875
