0 0.6796875 0.05859375 0.12890625 0.04296875
0 0.69921875 0.125 0.12890625 0.04296875
0 0.26171875 0.140625 0.12890625 0.04296875
0 0.25 0.2265625 0.12890625 0.04296875
0 0.6796875 0.4296875 0.12890625 0.04296875
0 0.48828125 0.5859375 0.12890625 0.04296875
0 0.05078125 0.58984375 0.12890625 0.04296875
0 0.66015625 0.58984375 0.12890625 0.04296875
0 0.140625 0.59765625 0.12890625 0.04296875
0 0.2265625 0.59765625 0.12890625 0.04296875
0 0.40625 0.59765625 0.12890625 0.04296875
0 0.5703125 0.59765625 0.12890625 0.04296875
0 0.3203125 0.6015625 0.12890625 0.04296875
