0 0.234375 0.0546875 0.12890625 0.04296875
0 0.42578125 0.05859375 0.12890625 0.04296875
0 0.0703125 0.0625 0.12890625 0.04296875
0 0.96484375 0.6953125 0.12890625 0.04296875
0 0.140625 0.69921875 0.12890625 0.04296875
0 0.2421875 0.69921875 0.12890625 0.04296875
0 0.63671875 0.69921875 0.12890625 0.04296875
0 0.7421875 0.69921875 0.12890625 0.04296875
0 0.84765625 0.69921875 0.12890625 0.04296875
0 0.03515625 0.703125 0.12890625 0.04296875
0 0.3671875 0.703125 0.12890625 0.04296875
0 0.55078125 0.703125 0.12890625 0.04296875
0 0.45703125 0.7109375 0.12890625 0.04296875
