0 0.01171875 0.08984375 0.12890625 0.04296875
0 0.16015625 0.08984375 0.12890625 0.04296875
0 0.578125 0.09375 0.12890625 0.04296875
0 0.08984375 0.09765625 0.12890625 0.04296875
0 0.22265625 0.09765625 0.12890625 0.04296875
0 0.66015625 0.09765625 0.12890625 0.04296875
0 0.375 0.1015625 0.12890625 0.04296875
0 0.4453125 0.1015625 0.12890625 0.04296875
0 0.72265625 0.1015625 0.12890625 0.04296875
0 0.8671875 0.1015625 0.12890625 0.04296875
0 0.30078125 0.10546875 0.12890625 0.04296875
0 0.515625 0.10546875 0.12890625 0.04296875
0 0.796875 0.10546875 0.12890625 0.04296875
0 0.94140625 0.109375 0.12890625 0.04296875
