0 0.82421875 0.11328125 0.12890625 0.04296875
0 0.68359375 0.12109375 0.12890625 0.04296875
0 0.91015625 0.12109375 0.12890625 0.04296875
0 0.39453125 0.1328125 0.12890625 0.04296875
0 0.55078125 0.140625 0.12890625 0.04296875
0 0.6171875 0.140625 0.12890625 0.04296875
0 0.9609375 0.23046875 0.12890625 0.04296875
0 0.62109375 0.23828125 0.12890625 0.04296875
0 0.36328125 0.51953125 0.12890625 0.04296875
0 0.71484375 0.5234375 0.12890625 0.04296875
0 0.5078125 0.52734375 0.12890625 0.04296875
0 0.4375 0.53515625 0.12890625 0.04296875
0 0.578125 0.53515625 0.12890625 0.04296875
0 0.27734375 0.5390625 0.12890625 0.04296875
0 0.78515625 0.5390625 0.12890625 0.04296875
0 0.85546875 0.5390625 0.12890625 0.04296875
0 0.9296875 0.54296875 0.12890625 0.04296875
