0 0.87890625 0.01171875 0.12890625 0.04296875
0 0.53515625 0.015625 0.12890625 0.04296875
0 0.52734375 0.0859375 0.12890625 0.04296875
0 0.8671875 0.0859375 0.12890625 0.04296875
0 0.89453125 0.140625 0.12890625 0.04296875
0 0.54296875 0.15234375 0.12890625 0.04296875
0 0.875 0.22265625 0.12890625 0.04296875
0 0.8828125 0.3515625 0.12890625 0.04296875
0 0.53125 0.421875 0.12890625 0.04296875
0 0.875 0.421875 0.12890625 0.04296875
0 0.890625 0.4921875 0.12890625 0.04296875
0 0.52734375 0.49609375 0.12890625 0.04296875
0 0.54296875 0.56640625 0.12890625 0.04296875
0 0.87109375 0.5703125 0.12890625 0.04296875
0 0.875 0.6328125 0.12890625 0.04296875
0 0.53515625 0.640625 0.12890625 0.04296875
0 0.8671875 0.70703125 0.12890625 0.04296875
0 0.5546875 0.796875 0.12890625 0.04296875
0 0.5625 0.86328125 0.12890625 0.04296875
