0 0.90625 0.078125 0.12890625 0.04296875
0 0.7734375 0.08203125 0.12890625 0.04296875
0 0.828125 0.08203125 0.12890625 0.04296875
0 0.98046875 0.09375 0.12890625 0.04296875
0 0.66015625 0.25390625 0.12890625 0.04296875
0 0.35546875 0.30078125 0.12890625 0.04296875
0 0.65625 0.328125 0.12890625 0.04296875
0 0.9921875 0.3828125 0.12890625 0.04296875
0 0.9921875 0.46484375 0.12890625 0.04296875
0 0.34375 0.4921875 0.12890625 0.04296875
0 0.671875 0.5234375 0.12890625 0.04296875
0 0.34375 0.64453125 0.12890625 0.04296875
0 0.66796875 0.66015625 0.12890625 0.04296875
0 0.97265625 0.7265625 0.12890625 0.04296875
0 0.3515625 0.82421875 0.12890625 0.04296875
0 0.6640625 0.859375 0.12890625 0.04296875
0 0.3515625 0.94921875 0.12890625 0.04296875
