0 0.8671875 0.22265625 0.12890625 0.04296875
0 0.76953125 0.2265625 0.12890625 0.04296875
0 0.5859375 0.23046875 0.12890625 0.04296875
0 0.68359375 0.23046875 0.12890625 0.04296875
0 0.96484375 0.23046875 0.12890625 0.04296875
0 0.4296875 0.3984375 0.12890625 0.04296875
0 0.765625 0.48046875 0.12890625 0.04296875
0 0.8984375 0.49609375 0.12890625 0.04296875
0 0.42578125 0.5 0.12890625 0.04296875
0 0.99609375 0.5 0.12890625 0.04296875
0 0.7578125 0.59375 0.12890625 0.04296875
0 0.43359375 0.59765625 0.12890625 0.04296875
0 0.90625 0.6953125 0.12890625 0.04296875
0 0.4453125 0.69921875 0.12890625 0.04296875
0 0.98046875 0.70703125 0.12890625 0.04296875
0 0.37890625 0.796875 0.12890625 0.04296875
