0 0.3515625 0.0703125 0.12890625 0.04296875
0 0.43359375 0.08984375 0.12890625 0.04296875
0 0.90234375 0.1171875 0.12890625 0.04296875
0 0.640625 0.125 0.12890625 0.04296875
0 0.48828125 0.12890625 0.12890625 0.04296875
0 0.55859375 0.12890625 0.12890625 0.04296875
0 0.98046875 0.13671875 0.12890625 0.04296875
0 0.80078125 0.1484375 0.12890625 0.04296875
0 0.7109375 0.15625 0.12890625 0.04296875
0 0.08984375 0.17578125 0.12890625 0.04296875
0 0.3515625 0.203125 0.12890625 0.04296875
0 0.41015625 0.23828125 0.12890625 0.04296875
0 0.55859375 0.2421875 0.12890625 0.04296875
0 0.484375 0.25 0.12890625 0.04296875
0 0.6328125 0.265625 0.12890625 0.04296875
0 0.97265625 0.265625 0.12890625 0.04296875
0 0.8828125 0.26953125 0.12890625 0.04296875
0 0.7109375 0.28125 0.12890625 0.04296875
0 0.44140625 0.48828125 0.12890625 0.04296875
0 0.6015625 0.48828125 0.12890625 0.04296875
0 0.68359375 0.4921875 0.12890625 0.04296875
0 0.77734375 0.4921875 0.12890625 0.04296875
0 0.3828125 0.49609375 0.12890625 0.04296875
0 0.53125 0.49609375 0.12890625 0.04296875
0 0.87109375 0.49609375 0.12890625 0.04296875
0 0.9765625 0.50390625 0.12890625 0.04296875
0 0.7109375 0.65625 0.12890625 0.04296875
0 0.953125 0.66015625 0.12890625 0.04296875
0 0.79296875 0.6640625 0.12890625 0.04296875
0 0.87890625 0.6640625 0.12890625 0.04296875
0 0.0859375 0.6796875 0.12890625 0.04296875
0 0.5390625 0.93359375 0.12890625 0.04296875
0 0.7890625 0.93359375 0.12890625 0.04296875
0 0.859375 0.93359375 0.12890625 0.04296875
0 0.37109375 0.9375 0.12890625 0.04296875
0 0.62109375 0.94140625 0.12890625 0.04296875
0 0.703125 0.94140625 0.12890625 0.04296875
0 0.45703125 0.94921875 0.12890625 0.04296875
0 0.94921875 0.94921875 0.12890625 0.04296875
