0 0.921875 0.1796875 0.12890625 0.04296875
0 0.71875 0.5625 0.12890625 0.04296875
0 0.4375 0.56640625 0.12890625 0.04296875
0 0.65234375 0.57421875 0.12890625 0.04296875
0 0.78515625 0.57421875 0.12890625 0.04296875
0 0.859375 0.60546875 0.12890625 0.04296875
0 0.94140625 0.60546875 0.12890625 0.04296875
0 0.546875 0.91796875 0.12890625 0.04296875
0 0.625 0.91796875 0.12890625 0.04296875
0 0.765625 0.91796875 0.12890625 0.04296875
0 0.984375 0.91796875 0.12890625 0.04296875
0 0.703125 0.921875 0.12890625 0.04296875
0 0.8359375 0.921875 0.12890625 0.04296875
0 0.91796875 0.921875 0.12890625 0.04296875
