0 0.05078125 0.14453125 0.12890625 0.04296875
0 0.26171875 0.15234375 0.12890625 0.04296875
0 0.26171875 0.15625 0.12890625 0.04296875
0 0.3203125 0.171875 0.12890625 0.04296875
0 0.09375 0.3515625 0.12890625 0.04296875
0 0.14453125 0.4765625 0.12890625 0.04296875
0 0.05859375 0.4921875 0.12890625 0.04296875
0 0.98828125 0.55078125 0.12890625 0.04296875
0 0.984375 0.5546875 0.12890625 0.04296875
0 0.98828125 0.55859375 0.12890625 0.04296875
0 0.65625 0.56640625 0.12890625 0.04296875
0 0.91015625 0.56640625 0.12890625 0.04296875
0 0.23046875 0.97265625 0.12890625 0.04296875
