0 0.23828125 0.28125 0.12890625 0.04296875
0 0.73046875 0.3359375 0.12890625 0.04296875
0 0.73828125 0.44921875 0.12890625 0.04296875
0 0.23046875 0.515625 0.12890625 0.04296875
0 0.2265625 0.56640625 0.12890625 0.04296875
0 0.73046875 0.6015625 0.12890625 0.04296875
0 0.2734375 0.71484375 0.12890625 0.04296875
0 0.25 0.77734375 0.12890625 0.04296875
0 0.73828125 0.79296875 0.12890625 0.04296875
0 0.2578125 0.85546875 0.12890625 0.04296875
0 0.72265625 0.8671875 0.12890625 0.04296875
0 0.21484375 0.9765625 0.12890625 0.04296875
0 0.7265625 0.9921875 0.12890625 0.04296875
