0 0.1171875 0.171875 0.12890625 0.04296875
0 0.21484375 0.27734375 0.12890625 0.04296875
0 0.375 0.27734375 0.12890625 0.04296875
0 0.625 0.27734375 0.12890625 0.04296875
0 0.86328125 0.28125 0.12890625 0.04296875
0 0.69921875 0.28515625 0.12890625 0.04296875
0 0.4453125 0.2890625 0.12890625 0.04296875
0 0.51171875 0.29296875 0.12890625 0.04296875
0 0.28125 0.296875 0.12890625 0.04296875
0 0.9296875 0.296875 0.12890625 0.04296875
0 0.21875 0.6328125 0.12890625 0.04296875
0 0.01171875 0.63671875 0.12890625 0.04296875
0 0.35546875 0.63671875 0.12890625 0.04296875
0 0.5234375 0.63671875 0.12890625 0.04296875
0 0.6796875 0.64453125 0.12890625 0.04296875
