0 0.2578125 0.15234375 0.12890625 0.04296875
0 0.62109375 0.15234375 0.12890625 0.04296875
0 0.18359375 0.15625 0.12890625 0.04296875
0 0.90234375 0.1640625 0.12890625 0.04296875
0 0.82421875 0.16796875 0.12890625 0.04296875
0 0.3984375 0.171875 0.12890625 0.04296875
0 0.625 0.3203125 0.12890625 0.04296875
0 0.53515625 0.33203125 0.12890625 0.04296875
0 0.24609375 0.83203125 0.12890625 0.04296875
0 0.390625 0.8359375 0.12890625 0.04296875
0 0.45703125 0.8359375 0.12890625 0.04296875
0 0.5234375 0.8359375 0.12890625 0.04296875
