0 0.94921875 0.0703125 0.12890625 0.04296875
0 0.94921875 0.1953125 0.12890625 0.04296875
0 0.609375 0.20703125 0.12890625 0.04296875
0 0.6171875 0.28125 0.12890625 0.04296875
0 0.9609375 0.3046875 0.12890625 0.04296875
0 0.60546875 0.41796875 0.12890625 0.04296875
0 0.96875 0.453125 0.12890625 0.04296875
0 0.9296875 0.5234375 0.12890625 0.04296875
0 0.59765625 0.5625 0.12890625 0.04296875
0 0.734375 0.5703125 0.12890625 0.04296875
0 0.734375 0.57421875 0.12890625 0.04296875
0 0.9453125 0.61328125 0.12890625 0.04296875
0 0.62109375 0.640625 0.12890625 0.04296875
0 0.94921875 0.75390625 0.12890625 0.04296875
