0 0.43359375 0.51953125 0.12890625 0.04296875
0 0.4375 0.58984375 0.12890625 0.04296875
0 0.46484375 0.6640625 0.12890625 0.04296875
0 0.9453125 0.671875 0.12890625 0.04296875
0 0.8359375 0.67578125 0.12890625 0.04296875
0 0.43359375 0.7265625 0.12890625 0.04296875
0 0.8359375 0.74609375 0.12890625 0.04296875
0 0.9765625 0.75 0.12890625 0.04296875
0 0.43359375 0.80078125 0.12890625 0.04296875
0 0.8125 0.81640625 0.12890625 0.04296875
0 0.4375 0.87890625 0.12890625 0.04296875
0 0.8046875 0.87890625 0.12890625 0.04296875
0 0.97265625 0.8828125 0.12890625 0.04296875
0 0.44921875 0.953125 0.12890625 0.04296875
