0 0.9375 0.0 0.12890625 0.04296875
0 0.25 0.21484375 0.12890625 0.04296875
0 0.25390625 0.28125 0.12890625 0.04296875
0 0.25 0.3515625 0.12890625 0.04296875
0 0.2578125 0.42578125 0.12890625 0.04296875
0 0.2421875 0.5 0.12890625 0.04296875
0 0.234375 0.5703125 0.12890625 0.04296875
0 0.26171875 0.6328125 0.12890625 0.04296875
0 0.2421875 0.703125 0.12890625 0.04296875
0 0.23046875 0.8515625 0.12890625 0.04296875
0 0.2578125 0.9140625 0.12890625 0.04296875
0 0.25390625 0.98828125 0.12890625 0.04296875
