0 0.921875 0.0 0.12890625 0.04296875
0 0.0 0.0234375 0.12890625 0.04296875
0 0.12890625 0.0234375 0.12890625 0.04296875
0 0.5 0.02734375 0.12890625 0.04296875
0 0.12890625 0.09765625 0.12890625 0.04296875
0 0.5078125 0.09765625 0.12890625 0.04296875
0 0.15234375 0.16796875 0.12890625 0.04296875
0 0.5 0.16796875 0.12890625 0.04296875
0 0.140625 0.2421875 0.12890625 0.04296875
0 0.5078125 0.2421875 0.12890625 0.04296875
0 0.5 0.3125 0.12890625 0.04296875
0 0.140625 0.31640625 0.12890625 0.04296875
0 0.9140625 0.37890625 0.12890625 0.04296875
0 0.49609375 0.38671875 0.12890625 0.04296875
0 0.7890625 0.4375 0.12890625 0.04296875
0 0.49609375 0.45703125 0.12890625 0.04296875
0 0.9140625 0.45703125 0.12890625 0.04296875
0 0.4921875 0.51171875 0.12890625 0.04296875
0 0.7890625 0.51953125 0.12890625 0.04296875
0 0.91796875 0.5390625 0.12890625 0.04296875
0 0.7890625 0.6015625 0.12890625 0.04296875
0 0.78125 0.67578125 0.12890625 0.04296875
0 0.7890625 0.75 0.12890625 0.04296875
0 0.765625 0.84375 0.12890625 0.04296875
0 0.921875 0.859375 0.12890625 0.04296875
