0 0.6953125 0.05859375 0.12890625 0.04296875
0 0.69921875 0.140625 0.12890625 0.04296875
0 0.37890625 0.1875 0.12890625 0.04296875
0 0.69921875 0.29296875 0.12890625 0.04296875
0 0.3671875 0.296875 0.12890625 0.04296875
0 0.35546875 0.4296875 0.12890625 0.04296875
0 0.3671875 0.51171875 0.12890625 0.04296875
0 0.67578125 0.53515625 0.12890625 0.04296875
0 0.25 0.59375 0.12890625 0.04296875
0 0.6875 0.625 0.12890625 0.04296875
0 0.8828125 0.91015625 0.12890625 0.04296875
0 0.74609375 0.9140625 0.12890625 0.04296875
