0 0.5546875 0.55078125 0.12890625 0.04296875
0 0.484375 0.5546875 0.12890625 0.04296875
0 0.34375 0.55859375 0.12890625 0.04296875
0 0.6328125 0.55859375 0.12890625 0.04296875
0 0.6953125 0.5625 0.12890625 0.04296875
0 0.2734375 0.56640625 0.12890625 0.04296875
0 0.8359375 0.56640625 0.12890625 0.04296875
0 0.7578125 0.5703125 0.12890625 0.04296875
0 0.12109375 0.79296875 0.12890625 0.04296875
0 0.2734375 0.921875 0.12890625 0.04296875
0 0.71484375 0.921875 0.12890625 0.04296875
0 0.9296875 0.94140625 0.12890625 0.04296875
