0 0.87890625 0.28125 0.12890625 0.04296875
0 0.15234375 0.3828125 0.12890625 0.04296875
0 0.37109375 0.38671875 0.12890625 0.04296875
0 0.56640625 0.41015625 0.12890625 0.04296875
0 0.87109375 0.4140625 0.12890625 0.04296875
0 0.28515625 0.4921875 0.12890625 0.04296875
0 0.703125 0.5078125 0.12890625 0.04296875
0 0.875 0.5078125 0.12890625 0.04296875
0 0.4765625 0.51171875 0.12890625 0.04296875
0 0.82421875 0.59765625 0.12890625 0.04296875
0 0.5703125 0.6015625 0.12890625 0.04296875
0 0.1875 0.984375 0.12890625 0.04296875
