0 0.9921875 0.0859375 0.12890625 0.04296875
0 0.95703125 0.16796875 0.12890625 0.04296875
0 0.9609375 0.41796875 0.12890625 0.04296875
0 0.05859375 0.6796875 0.12890625 0.04296875
0 0.14453125 0.68359375 0.12890625 0.04296875
0 0.328125 0.68359375 0.12890625 0.04296875
0 0.4140625 0.6875 0.12890625 0.04296875
0 0.5078125 0.6875 0.12890625 0.04296875
0 0.2265625 0.6953125 0.12890625 0.04296875
0 0.59375 0.6953125 0.12890625 0.04296875
0 0.68359375 0.6953125 0.12890625 0.04296875
0 0.27734375 0.9921875 0.12890625 0.04296875
