0 0.83203125 0.18359375 0.12890625 0.04296875
0 0.37109375 0.20703125 0.12890625 0.04296875
0 0.80078125 0.2734375 0.12890625 0.04296875
0 0.03125 0.28515625 0.12890625 0.04296875
0 0.328125 0.28515625 0.12890625 0.04296875
0 0.28125 0.359375 0.12890625 0.04296875
0 0.33984375 0.453125 0.12890625 0.04296875
0 0.08203125 0.47265625 0.12890625 0.04296875
0 0.28125 0.6328125 0.12890625 0.04296875
0 0.1171875 0.8046875 0.12890625 0.04296875
0 0.3984375 0.81640625 0.12890625 0.04296875
0 0.03125 0.8203125 0.12890625 0.04296875
0 0.171875 0.8203125 0.12890625 0.04296875
