0 0.36328125 0.03515625 0.12890625 0.04296875
0 0.08984375 0.0390625 0.12890625 0.04296875
0 0.0859375 0.1015625 0.12890625 0.04296875
0 0.359375 0.1015625 0.12890625 0.04296875
0 0.640625 0.10546875 0.12890625 0.04296875
0 0.08203125 0.16796875 0.12890625 0.04296875
0 0.33984375 0.16796875 0.12890625 0.04296875
0 0.33984375 0.23046875 0.12890625 0.04296875
0 0.06640625 0.25 0.12890625 0.04296875
0 0.34765625 0.30859375 0.12890625 0.04296875
0 0.07421875 0.31640625 0.12890625 0.04296875
0 0.0625 0.375 0.12890625 0.04296875
0 0.34765625 0.375 0.12890625 0.04296875
0 0.64453125 0.375 0.12890625 0.04296875
0 0.0078125 0.78515625 0.12890625 0.04296875
0 0.34375 0.796875 0.12890625 0.04296875
0 0.6328125 0.82421875 0.12890625 0.04296875
0 0.3515625 0.86328125 0.12890625 0.04296875
0 0.34375 0.94140625 0.12890625 0.04296875
