0 0.01953125 0.0703125 0.12890625 0.04296875
0 0.08984375 0.0703125 0.12890625 0.04296875
0 0.16796875 0.078125 0.12890625 0.04296875
0 0.296875 0.078125 0.12890625 0.04296875
0 0.453125 0.078125 0.12890625 0.04296875
0 0.23828125 0.0859375 0.12890625 0.04296875
0 0.3828125 0.1015625 0.12890625 0.04296875
0 0.0546875 0.19921875 0.12890625 0.04296875
0 0.12890625 0.19921875 0.12890625 0.04296875
0 0.23046875 0.20703125 0.12890625 0.04296875
0 0.32421875 0.546875 0.12890625 0.04296875
0 0.17578125 0.55859375 0.12890625 0.04296875
0 0.0078125 0.56640625 0.12890625 0.04296875
