0 0.56640625 0.0 0.12890625 0.04296875
0 0.203125 0.35546875 0.12890625 0.04296875
0 0.0625 0.359375 0.12890625 0.04296875
0 0.2890625 0.359375 0.12890625 0.04296875
0 0.3515625 0.359375 0.12890625 0.04296875
0 0.78515625 0.359375 0.12890625 0.04296875
0 0.859375 0.359375 0.12890625 0.04296875
0 0.140625 0.36328125 0.12890625 0.04296875
0 0.99609375 0.36328125 0.12890625 0.04296875
0 0.70703125 0.3671875 0.12890625 0.04296875
0 0.9375 0.3671875 0.12890625 0.04296875
0 0.57421875 0.37109375 0.12890625 0.04296875
0 0.421875 0.375 0.12890625 0.04296875
0 0.63671875 0.375 0.12890625 0.04296875
0 0.2109375 0.62109375 0.12890625 0.04296875
0 0.90234375 0.734375 0.12890625 0.04296875
0 0.203125 0.73828125 0.12890625 0.04296875
0 0.6640625 0.73828125 0.12890625 0.04296875
0 0.5703125 0.7421875 0.12890625 0.04296875
0 0.81640625 0.74609375 0.12890625 0.04296875
0 0.05078125 0.81640625 0.12890625 0.04296875
0 0.203125 0.828125 0.12890625 0.04296875
