0 0.10546875 0.30078125 0.12890625 0.04296875
0 0.10546875 0.3046875 0.12890625 0.04296875
0 0.5703125 0.37109375 0.12890625 0.04296875
0 0.1015625 0.390625 0.12890625 0.04296875
0 0.5703125 0.44140625 0.12890625 0.04296875
0 0.109375 0.44921875 0.12890625 0.04296875
0 0.58203125 0.5078125 0.12890625 0.04296875
0 0.10546875 0.51953125 0.12890625 0.04296875
0 0.234375 0.52734375 0.12890625 0.04296875
0 0.57421875 0.578125 0.12890625 0.04296875
0 0.125 0.58984375 0.12890625 0.04296875
0 0.24609375 0.58984375 0.12890625 0.04296875
0 0.58203125 0.6484375 0.12890625 0.04296875
0 0.11328125 0.66796875 0.12890625 0.04296875
0 0.58203125 0.70703125 0.12890625 0.04296875
0 0.12109375 0.73828125 0.12890625 0.04296875
0 0.58984375 0.7734375 0.12890625 0.04296875
0 0.1015625 0.8203125 0.12890625 0.04296875
0 0.56640625 0.83984375 0.12890625 0.04296875
0 0.1015625 0.87890625 0.12890625 0.04296875
0 0.59765625 0.90625 0.12890625 0.04296875
0 0.09765625 0.95703125 0.12890625 0.04296875
0 0.58203125 0.96484375 0.12890625 0.04296875
