0 0.03515625 0.01171875 0.12890625 0.04296875
0 0.95703125 0.01171875 0.12890625 0.04296875
0 0.44921875 0.3828125 0.12890625 0.04296875
0 0.5703125 0.4453125 0.12890625 0.04296875
0 0.80078125 0.4453125 0.12890625 0.04296875
0 0.25390625 0.44921875 0.12890625 0.04296875
0 0.01953125 0.8125 0.12890625 0.04296875
0 0.24609375 0.8125 0.12890625 0.04296875
0 0.01953125 0.81640625 0.12890625 0.04296875
0 0.328125 0.81640625 0.12890625 0.04296875
0 0.6484375 0.81640625 0.12890625 0.04296875
0 0.1796875 0.8203125 0.12890625 0.04296875
0 0.3984375 0.8203125 0.12890625 0.04296875
0 0.88671875 0.8203125 0.12890625 0.04296875
0 0.96875 0.8203125 0.12890625 0.04296875
0 0.4921875 0.83203125 0.12890625 0.04296875
0 0.8125 0.83203125 0.12890625 0.04296875
