0 0.38671875 0.0859375 0.12890625 0.04296875
0 0.0546875 0.09375 0.12890625 0.04296875
0 0.12109375 0.09375 0.12890625 0.04296875
0 0.2421875 0.09375 0.12890625 0.04296875
0 0.85546875 0.09765625 0.12890625 0.04296875
0 0.51953125 0.1015625 0.12890625 0.04296875
0 0.578125 0.1015625 0.12890625 0.04296875
0 0.72265625 0.1015625 0.12890625 0.04296875
0 0.921875 0.1015625 0.12890625 0.04296875
0 0.9921875 0.1015625 0.12890625 0.04296875
0 0.56640625 0.93359375 0.12890625 0.04296875
0 0.11328125 0.9453125 0.12890625 0.04296875
0 0.984375 0.953125 0.12890625 0.04296875
