0 0.0078125 0.0234375 0.12890625 0.04296875
0 0.0 0.15625 0.12890625 0.04296875
0 0.484375 0.19921875 0.12890625 0.04296875
0 0.4921875 0.40625 0.12890625 0.04296875
0 0.02734375 0.53515625 0.12890625 0.04296875
0 0.08203125 0.55859375 0.12890625 0.04296875
0 0.28125 0.56640625 0.12890625 0.04296875
0 0.20703125 0.5703125 0.12890625 0.04296875
0 0.35546875 0.5703125 0.12890625 0.04296875
0 0.8203125 0.7421875 0.12890625 0.04296875
0 0.3671875 0.7578125 0.12890625 0.04296875
0 0.34765625 0.90234375 0.12890625 0.04296875
0 0.3671875 0.98046875 0.12890625 0.04296875
0 0.80078125 0.98046875 0.12890625 0.04296875
