0 0.91015625 0.375 0.12890625 0.04296875
0 0.42578125 0.421875 0.12890625 0.04296875
0 0.18359375 0.55078125 0.12890625 0.04296875
0 0.609375 0.5625 0.12890625 0.04296875
0 0.08984375 0.64453125 0.12890625 0.04296875
0 0.4375 0.64453125 0.12890625 0.04296875
0 0.80078125 0.65625 0.12890625 0.04296875
0 0.55078125 0.75 0.12890625 0.04296875
0 0.84375 0.75 0.12890625 0.04296875
0 0.31640625 0.75390625 0.12890625 0.04296875
0 0.6015625 0.85546875 0.12890625 0.04296875
0 0.75390625 0.85546875 0.12890625 0.04296875
0 0.953125 0.859375 0.12890625 0.04296875
