0 0.14453125 0.02734375 0.12890625 0.04296875
0 0.3046875 0.03125 0.12890625 0.04296875
0 0.625 0.0546875 0.12890625 0.04296875
0 0.15234375 0.09765625 0.12890625 0.04296875
0 0.29296875 0.1015625 0.12890625 0.04296875
0 0.29296875 0.16796875 0.12890625 0.04296875
0 0.14453125 0.171875 0.12890625 0.04296875
0 0.14453125 0.2265625 0.12890625 0.04296875
0 0.2734375 0.2265625 0.12890625 0.04296875
0 0.28125 0.359375 0.12890625 0.04296875
0 0.125 0.36328125 0.12890625 0.04296875
0 0.29296875 0.48828125 0.12890625 0.04296875
0 0.12890625 0.49609375 0.12890625 0.04296875
0 0.125 0.5390625 0.12890625 0.04296875
0 0.1171875 0.5546875 0.12890625 0.04296875
0 0.31640625 0.828125 0.12890625 0.04296875
