0 0.15625 0.22265625 0.12890625 0.04296875
0 0.51171875 0.22265625 0.12890625 0.04296875
0 0.0703125 0.23046875 0.12890625 0.04296875
0 0.578125 0.23828125 0.12890625 0.04296875
0 0.06640625 0.359375 0.12890625 0.04296875
0 0.37109375 0.36328125 0.12890625 0.04296875
0 0.00390625 0.3671875 0.12890625 0.04296875
0 0.51171875 0.3671875 0.12890625 0.04296875
0 0.578125 0.375 0.12890625 0.04296875
0 0.41796875 0.6875 0.12890625 0.04296875
0 0.35546875 0.69140625 0.12890625 0.04296875
0 0.4921875 0.69140625 0.12890625 0.04296875
