0 0.359375 0.0234375 0.12890625 0.04296875
0 0.734375 0.03125 0.12890625 0.04296875
0 0.80078125 0.03125 0.12890625 0.04296875
0 0.87109375 0.03125 0.12890625 0.04296875
0 0.08203125 0.03515625 0.12890625 0.04296875
0 0.296875 0.0390625 0.12890625 0.04296875
0 0.4296875 0.0390625 0.12890625 0.04296875
0 0.9375 0.0390625 0.12890625 0.04296875
0 0.15234375 0.04296875 0.12890625 0.04296875
0 0.01171875 0.046875 0.12890625 0.04296875
0 0.23046875 0.05078125 0.12890625 0.04296875
0 0.50390625 0.05078125 0.12890625 0.04296875
0 0.75 0.39453125 0.12890625 0.04296875
0 0.890625 0.40234375 0.12890625 0.04296875
0 0.390625 0.40625 0.12890625 0.04296875
0 0.46875 0.40625 0.12890625 0.04296875
0 0.6796875 0.40625 0.12890625 0.04296875
0 0.2578125 0.41015625 0.12890625 0.04296875
0 0.32421875 0.41015625 0.12890625 0.04296875
0 0.1171875 0.4140625 0.12890625 0.04296875
0 0.54296875 0.4140625 0.12890625 0.04296875
0 0.82421875 0.4140625 0.12890625 0.04296875
0 0.18359375 0.41796875 0.12890625 0.04296875
0 0.62109375 0.421875 0.12890625 0.04296875
0 0.03515625 0.43359375 0.12890625 0.04296875
0 0.11328125 0.84765625 0.12890625 0.04296875
0 0.4296875 0.84765625 0.12890625 0.04296875
0 0.2578125 0.8515625 0.12890625 0.04296875
