0 0.0703125 0.24609375 0.12890625 0.04296875
0 0.38671875 0.2578125 0.12890625 0.04296875
0 0.31640625 0.26953125 0.12890625 0.04296875
0 0.53515625 0.27734375 0.12890625 0.04296875
0 0.53515625 0.40234375 0.12890625 0.04296875
0 0.45703125 0.40625 0.12890625 0.04296875
0 0.39453125 0.421875 0.12890625 0.04296875
0 0.3046875 0.42578125 0.12890625 0.04296875
0 0.99609375 0.5390625 0.12890625 0.04296875
0 0.9921875 0.54296875 0.12890625 0.04296875
0 0.05078125 0.7578125 0.12890625 0.04296875
0 0.390625 0.76953125 0.12890625 0.04296875
0 0.31640625 0.77734375 0.12890625 0.04296875
0 0.44921875 0.79296875 0.12890625 0.04296875
0 0.41015625 0.9375 0.12890625 0.04296875
0 0.328125 0.9453125 0.12890625 0.04296875
0 0.98828125 0.9453125 0.12890625 0.04296875
0 0.48828125 0.94921875 0.12890625 0.04296875
0 0.56640625 0.95703125 0.12890625 0.04296875
