0 0.76953125 0.15625 0.12890625 0.04296875
0 0.83203125 0.16015625 0.12890625 0.04296875
0 0.890625 0.1640625 0.12890625 0.04296875
0 0.97265625 0.17578125 0.12890625 0.04296875
0 0.06640625 0.27734375 0.12890625 0.04296875
0 0.19921875 0.27734375 0.12890625 0.04296875
0 0.77734375 0.49609375 0.12890625 0.04296875
0 0.18359375 0.64453125 0.12890625 0.04296875
0 0.75390625 0.71875 0.12890625 0.04296875
0 0.1328125 0.78125 0.12890625 0.04296875
0 0.765625 0.79296875 0.12890625 0.04296875
0 0.75390625 0.859375 0.12890625 0.04296875
0 0.75390625 0.921875 0.12890625 0.04296875
0 0.75390625 0.98828125 0.12890625 0.04296875
