0 0.6484375 0.0234375 0.12890625 0.04296875
0 0.14453125 0.04296875 0.12890625 0.04296875
0 0.296875 0.04296875 0.12890625 0.04296875
0 0.6796875 0.08984375 0.12890625 0.04296875
0 0.15625 0.1171875 0.12890625 0.04296875
0 0.30078125 0.125 0.12890625 0.04296875
0 0.66796875 0.17578125 0.12890625 0.04296875
0 0.55859375 0.36328125 0.12890625 0.04296875
0 0.69921875 0.3671875 0.12890625 0.04296875
0 0.625 0.375 0.12890625 0.04296875
0 0.421875 0.42578125 0.12890625 0.04296875
0 0.453125 0.890625 0.12890625 0.04296875
0 0.65625 0.89453125 0.12890625 0.04296875
