0 0.5390625 0.08984375 0.12890625 0.04296875
0 0.5390625 0.16796875 0.12890625 0.04296875
0 0.5390625 0.2421875 0.12890625 0.04296875
0 0.53515625 0.3046875 0.12890625 0.04296875
0 0.53515625 0.3828125 0.12890625 0.04296875
0 0.52734375 0.74609375 0.12890625 0.04296875
0 0.52734375 0.80859375 0.12890625 0.04296875
0 0.68359375 0.81640625 0.12890625 0.04296875
0 0.546875 0.8828125 0.12890625 0.04296875
0 0.671875 0.8828125 0.12890625 0.04296875
0 0.671875 0.9453125 0.12890625 0.04296875
0 0.53515625 0.94921875 0.12890625 0.04296875
