0 0.08984375 0.08203125 0.12890625 0.04296875
0 0.1015625 0.40234375 0.12890625 0.04296875
0 0.74609375 0.40625 0.12890625 0.04296875
0 0.60546875 0.41015625 0.12890625 0.04296875
0 0.67578125 0.41796875 0.12890625 0.04296875
0 0.53515625 0.421875 0.12890625 0.04296875
0 0.0 0.53125 0.12890625 0.04296875
0 0.625 0.76171875 0.12890625 0.04296875
0 0.6953125 0.7734375 0.12890625 0.04296875
0 0.76953125 0.78125 0.12890625 0.04296875
0 0.90625 0.78125 0.12890625 0.04296875
0 0.984375 0.78515625 0.12890625 0.04296875
