0 0.48046875 0.3359375 0.12890625 0.04296875
0 0.40625 0.34375 0.12890625 0.04296875
0 0.55078125 0.34375 0.12890625 0.04296875
0 0.34375 0.3515625 0.12890625 0.04296875
0 0.76953125 0.37109375 0.12890625 0.04296875
0 0.328125 0.69921875 0.12890625 0.04296875
0 0.4140625 0.703125 0.12890625 0.04296875
0 0.421875 0.8515625 0.12890625 0.04296875
0 0.55078125 0.859375 0.12890625 0.04296875
0 0.33203125 0.86328125 0.12890625 0.04296875
0 0.69140625 0.87109375 0.12890625 0.04296875
0 0.90625 0.87109375 0.12890625 0.04296875
0 0.6171875 0.87890625 0.12890625 0.04296875
