0 0.20703125 0.1796875 0.12890625 0.04296875
0 0.21484375 0.18359375 0.12890625 0.04296875
0 0.5859375 0.3125 0.12890625 0.04296875
0 0.94140625 0.33203125 0.12890625 0.04296875
0 0.58984375 0.453125 0.12890625 0.04296875
0 0.95703125 0.546875 0.12890625 0.04296875
0 0.5859375 0.58203125 0.12890625 0.04296875
0 0.94140625 0.61328125 0.12890625 0.04296875
0 0.953125 0.67578125 0.12890625 0.04296875
0 0.35546875 0.71875 0.12890625 0.04296875
0 0.58984375 0.71875 0.12890625 0.04296875
0 0.9453125 0.74609375 0.12890625 0.04296875
0 0.58203125 0.79296875 0.12890625 0.04296875
0 0.59375 0.86328125 0.12890625 0.04296875
0 0.10546875 0.8671875 0.12890625 0.04296875
0 0.5859375 0.99609375 0.12890625 0.04296875
