0 0.09765625 0.0546875 0.12890625 0.04296875
0 0.39453125 0.0703125 0.12890625 0.04296875
0 0.03125 0.08203125 0.12890625 0.04296875
0 0.16796875 0.0859375 0.12890625 0.04296875
0 0.3125 0.08984375 0.12890625 0.04296875
0 0.20703125 0.41796875 0.12890625 0.04296875
0 0.265625 0.46484375 0.12890625 0.04296875
0 0.34765625 0.46875 0.12890625 0.04296875
0 0.08203125 0.484375 0.12890625 0.04296875
0 0.140625 0.53515625 0.12890625 0.04296875
0 0.2578125 0.5703125 0.12890625 0.04296875
0 0.0703125 0.76171875 0.12890625 0.04296875
0 0.00390625 0.76953125 0.12890625 0.04296875
0 0.171875 0.796875 0.12890625 0.04296875
0 0.265625 0.796875 0.12890625 0.04296875
0 0.40234375 0.8671875 0.12890625 0.04296875
0 0.078125 0.890625 0.12890625 0.04296875
0 0.16015625 0.890625 0.12890625 0.04296875
0 0.24609375 0.8984375 0.12890625 0.04296875
0 0.3515625 0.92578125 0.12890625 0.04296875
