0 0.23046875 0.21484375 0.12890625 0.04296875
0 0.08984375 0.21875 0.12890625 0.04296875
0 0.30859375 0.21875 0.12890625 0.04296875
0 0.0234375 0.2265625 0.12890625 0.04296875
0 0.17578125 0.23046875 0.12890625 0.04296875
0 0.44921875 0.234375 0.12890625 0.04296875
0 0.0859375 0.43359375 0.12890625 0.04296875
0 0.01953125 0.4375 0.12890625 0.04296875
0 0.16796875 0.4375 0.12890625 0.04296875
0 0.23828125 0.4375 0.12890625 0.04296875
0 0.375 0.4375 0.12890625 0.04296875
0 0.296875 0.4453125 0.12890625 0.04296875
0 0.4453125 0.4453125 0.12890625 0.04296875
0 0.58984375 0.4453125 0.12890625 0.04296875
0 0.515625 0.44921875 0.12890625 0.04296875
0 0.375 0.8203125 0.12890625 0.04296875
0 0.1640625 0.82421875 0.12890625 0.04296875
0 0.3125 0.828125 0.12890625 0.04296875
0 0.58984375 0.828125 0.12890625 0.04296875
0 0.0234375 0.83203125 0.12890625 0.04296875
0 0.0859375 0.83203125 0.12890625 0.04296875
0 0.51953125 0.8359375 0.12890625 0.04296875
0 0.6640625 0.8359375 0.12890625 0.04296875
0 0.23046875 0.83984375 0.12890625 0.04296875
0 0.4453125 0.83984375 0.12890625 0.04296875
0 0.875 0.84765625 0.12890625 0.04296875
0 0.7421875 0.859375 0.12890625 0.04296875
