0 0.3359375 0.05078125 0.12890625 0.04296875
0 0.484375 0.0546875 0.12890625 0.04296875
0 0.82421875 0.0546875 0.12890625 0.04296875
0 0.9609375 0.0546875 0.12890625 0.04296875
0 0.328125 0.1171875 0.12890625 0.04296875
0 0.95703125 0.125 0.12890625 0.04296875
0 0.80078125 0.12890625 0.12890625 0.04296875
0 0.8046875 0.19140625 0.12890625 0.04296875
0 0.32421875 0.1953125 0.12890625 0.04296875
0 0.4609375 0.1953125 0.12890625 0.04296875
0 0.9375 0.1953125 0.12890625 0.04296875
0 0.47265625 0.2578125 0.12890625 0.04296875
0 0.3203125 0.26171875 0.12890625 0.04296875
0 0.828125 0.26953125 0.12890625 0.04296875
0 0.9609375 0.2734375 0.12890625 0.04296875
0 0.31640625 0.33203125 0.12890625 0.04296875
0 0.8125 0.33984375 0.12890625 0.04296875
0 0.94921875 0.41796875 0.12890625 0.04296875
0 0.94921875 0.484375 0.12890625 0.04296875
0 0.953125 0.55078125 0.12890625 0.04296875
0 0.81640625 0.625 0.12890625 0.04296875
0 0.953125 0.63671875 0.12890625 0.04296875
0 0.79296875 0.6953125 0.12890625 0.04296875
0 0.9453125 0.6953125 0.12890625 0.04296875
