0 0.1328125 0.1015625 0.12890625 0.04296875
0 0.19921875 0.11328125 0.12890625 0.04296875
0 0.87109375 0.1171875 0.12890625 0.04296875
0 0.9765625 0.1171875 0.12890625 0.04296875
0 0.3359375 0.12109375 0.12890625 0.04296875
0 0.06640625 0.125 0.12890625 0.04296875
0 0.40625 0.1328125 0.12890625 0.04296875
0 0.91015625 0.453125 0.12890625 0.04296875
0 0.82421875 0.47265625 0.12890625 0.04296875
0 0.97265625 0.47265625 0.12890625 0.04296875
0 0.1328125 0.51171875 0.12890625 0.04296875
0 0.1953125 0.51171875 0.12890625 0.04296875
0 0.4765625 0.51171875 0.12890625 0.04296875
0 0.265625 0.515625 0.12890625 0.04296875
0 0.4140625 0.515625 0.12890625 0.04296875
0 0.0625 0.51953125 0.12890625 0.04296875
0 0.3359375 0.5234375 0.12890625 0.04296875
0 0.61328125 0.52734375 0.12890625 0.04296875
0 0.54296875 0.53125 0.12890625 0.04296875
0 0.68359375 0.54296875 0.12890625 0.04296875
0 0.89453125 0.59375 0.12890625 0.04296875
0 0.96875 0.59765625 0.12890625 0.04296875
0 0.5546875 0.93359375 0.12890625 0.04296875
0 0.70703125 0.93359375 0.12890625 0.04296875
0 0.78125 0.9375 0.12890625 0.04296875
0 0.62890625 0.94140625 0.12890625 0.04296875
0 0.92578125 0.94140625 0.12890625 0.04296875
0 0.984375 0.94140625 0.12890625 0.04296875
0 0.859375 0.9453125 0.12890625 0.04296875
