0 0.88671875 0.125 0.12890625 0.04296875
0 0.90625 0.265625 0.12890625 0.04296875
0 0.90234375 0.359375 0.12890625 0.04296875
0 0.66015625 0.5625 0.12890625 0.04296875
0 0.66015625 0.625 0.12890625 0.04296875
0 0.40625 0.640625 0.12890625 0.04296875
0 0.33203125 0.671875 0.12890625 0.04296875
0 0.96875 0.6953125 0.12890625 0.04296875
0 0.67578125 0.69921875 0.12890625 0.04296875
0 0.97265625 0.76171875 0.12890625 0.04296875
0 0.6796875 0.76953125 0.12890625 0.04296875
0 0.96484375 0.83984375 0.12890625 0.04296875
0 0.6640625 0.84765625 0.12890625 0.04296875
0 0.671875 0.89453125 0.12890625 0.04296875
0 0.97265625 0.91796875 0.12890625 0.04296875
0 0.9609375 0.98046875 0.12890625 0.04296875
0 0.6796875 0.99609375 0.12890625 0.04296875
