0 0.57421875 0.0703125 0.12890625 0.04296875
0 0.57421875 0.13671875 0.12890625 0.04296875
0 0.88671875 0.20703125 0.12890625 0.04296875
0 0.59375 0.28125 0.12890625 0.04296875
0 0.8671875 0.28125 0.12890625 0.04296875
0 0.87109375 0.29296875 0.12890625 0.04296875
0 0.58203125 0.36328125 0.12890625 0.04296875
0 0.9140625 0.37890625 0.12890625 0.04296875
0 0.875 0.44140625 0.12890625 0.04296875
0 0.46484375 0.4765625 0.12890625 0.04296875
0 0.46875 0.48046875 0.12890625 0.04296875
0 0.59765625 0.5078125 0.12890625 0.04296875
0 0.87890625 0.515625 0.12890625 0.04296875
0 0.1328125 0.57421875 0.12890625 0.04296875
