0 0.796875 0.09375 0.12890625 0.04296875
0 0.7890625 0.15234375 0.12890625 0.04296875
0 0.64453125 0.16015625 0.12890625 0.04296875
0 0.796875 0.2265625 0.12890625 0.04296875
0 0.66796875 0.28515625 0.12890625 0.04296875
0 0.7890625 0.2890625 0.12890625 0.04296875
0 0.6640625 0.35546875 0.12890625 0.04296875
0 0.8046875 0.35546875 0.12890625 0.04296875
0 0.2890625 0.47265625 0.12890625 0.04296875
0 0.796875 0.48046875 0.12890625 0.04296875
0 0.6640625 0.6171875 0.12890625 0.04296875
0 0.65625 0.74609375 0.12890625 0.04296875
0 0.7734375 0.95703125 0.12890625 0.04296875
