0 0.73046875 0.17578125 0.12890625 0.04296875
0 0.9296875 0.38671875 0.12890625 0.04296875
0 0.421875 0.4140625 0.12890625 0.04296875
0 0.6875 0.4140625 0.12890625 0.04296875
0 0.8515625 0.41796875 0.12890625 0.04296875
0 0.14453125 0.421875 0.12890625 0.04296875
0 0.2734375 0.421875 0.12890625 0.04296875
0 0.35546875 0.421875 0.12890625 0.04296875
0 0.7734375 0.421875 0.12890625 0.04296875
0 0.2109375 0.42578125 0.12890625 0.04296875
0 0.5546875 0.43359375 0.12890625 0.04296875
0 0.48828125 0.4375 0.12890625 0.04296875
0 0.83203125 0.5390625 0.12890625 0.04296875
0 0.91796875 0.5390625 0.12890625 0.04296875
0 0.7421875 0.54296875 0.12890625 0.04296875
0 0.2421875 0.671875 0.12890625 0.04296875
0 0.97265625 0.78515625 0.12890625 0.04296875
0 0.89453125 0.7890625 0.12890625 0.04296875
0 0.75 0.80078125 0.12890625 0.04296875
0 0.6796875 0.8125 0.12890625 0.04296875
0 0.60546875 0.8203125 0.12890625 0.04296875
0 0.83203125 0.8203125 0.12890625 0.04296875
