0 0.0234375 0.0234375 0.12890625 0.04296875
0 0.015625 0.09765625 0.12890625 0.04296875
0 0.0234375 0.16015625 0.12890625 0.04296875
0 0.0078125 0.23828125 0.12890625 0.04296875
0 0.16796875 0.23828125 0.12890625 0.04296875
0 0.15234375 0.38671875 0.12890625 0.04296875
0 0.01953125 0.390625 0.12890625 0.04296875
0 0.01953125 0.44921875 0.12890625 0.04296875
0 0.50390625 0.5234375 0.12890625 0.04296875
0 0.65625 0.52734375 0.12890625 0.04296875
0 0.1484375 0.54296875 0.12890625 0.04296875
0 0.48828125 0.81640625 0.12890625 0.04296875
0 0.14453125 0.8828125 0.12890625 0.04296875
0 0.4765625 0.890625 0.12890625 0.04296875
0 0.64453125 0.97265625 0.12890625 0.04296875
