0 0.42578125 0.0703125 0.12890625 0.04296875
0 0.03125 0.08203125 0.12890625 0.04296875
0 0.0390625 0.2265625 0.12890625 0.04296875
0 0.5078125 0.40625 0.12890625 0.04296875
0 0.375 0.46484375 0.12890625 0.04296875
0 0.01953125 0.5390625 0.12890625 0.04296875
0 0.37109375 0.59765625 0.12890625 0.04296875
0 0.36328125 0.66796875 0.12890625 0.04296875
0 0.5234375 0.671875 0.12890625 0.04296875
0 0.0 0.73046875 0.12890625 0.04296875
0 0.3671875 0.7421875 0.12890625 0.04296875
0 0.375 0.8046875 0.12890625 0.04296875
0 0.98046875 0.80859375 0.12890625 0.04296875
0 0.66796875 0.84765625 0.12890625 0.04296875
0 0.0 0.87109375 0.12890625 0.04296875
0 0.3671875 0.875 0.12890625 0.04296875
0 0.50390625 0.875 0.12890625 0.04296875
0 0.38671875 0.9375 0.12890625 0.04296875
0 0.515625 0.9375 0.12890625 0.04296875
