0 0.51171875 0.23828125 0.12890625 0.04296875
0 0.35546875 0.2421875 0.12890625 0.04296875
0 0.43359375 0.24609375 0.12890625 0.04296875
0 0.6015625 0.24609375 0.12890625 0.04296875
0 0.01171875 0.25 0.12890625 0.04296875
0 0.265625 0.25 0.12890625 0.04296875
0 0.765625 0.25 0.12890625 0.04296875
0 0.84375 0.25 0.12890625 0.04296875
0 0.93359375 0.25 0.12890625 0.04296875
0 0.1796875 0.25390625 0.12890625 0.04296875
0 0.6796875 0.25390625 0.12890625 0.04296875
0 0.09375 0.26171875 0.12890625 0.04296875
0 0.85546875 0.58203125 0.12890625 0.04296875
0 0.359375 0.59765625 0.12890625 0.04296875
0 0.65234375 0.6015625 0.12890625 0.04296875
0 0.55078125 0.60546875 0.12890625 0.04296875
0 0.4453125 0.6171875 0.12890625 0.04296875
0 0.96484375 0.6796875 0.12890625 0.04296875
0 0.28515625 0.734375 0.12890625 0.04296875
0 0.484375 0.73828125 0.12890625 0.04296875
0 0.65234375 0.73828125 0.12890625 0.04296875
0 0.21484375 0.99609375 0.12890625 0.04296875
