0 0.89453125 0.12890625 0.12890625 0.04296875
0 0.74609375 0.14453125 0.12890625 0.04296875
0 0.10546875 0.44921875 0.12890625 0.04296875
0 0.02734375 0.45703125 0.12890625 0.04296875
0 0.53125 0.45703125 0.12890625 0.04296875
0 0.60546875 0.46875 0.12890625 0.04296875
0 0.3125 0.47265625 0.12890625 0.04296875
0 0.38671875 0.48828125 0.12890625 0.04296875
0 0.2421875 0.59765625 0.12890625 0.04296875
0 0.5390625 0.6015625 0.12890625 0.04296875
0 0.60546875 0.6015625 0.12890625 0.04296875
0 0.67578125 0.6015625 0.12890625 0.04296875
0 0.75 0.6015625 0.12890625 0.04296875
0 0.82421875 0.61328125 0.12890625 0.04296875
0 0.45703125 0.91015625 0.12890625 0.04296875
0 0.0234375 0.9296875 0.12890625 0.04296875
