0 0.9609375 0.05859375 0.12890625 0.04296875
0 0.390625 0.15234375 0.12890625 0.04296875
0 0.37890625 0.2265625 0.12890625 0.04296875
0 0.80859375 0.29296875 0.12890625 0.04296875
0 0.37109375 0.30078125 0.12890625 0.04296875
0 0.3828125 0.37109375 0.12890625 0.04296875
0 0.37109375 0.44140625 0.12890625 0.04296875
0 0.37109375 0.51171875 0.12890625 0.04296875
0 0.0 0.515625 0.12890625 0.04296875
0 0.01171875 0.58203125 0.12890625 0.04296875
0 0.37890625 0.58984375 0.12890625 0.04296875
0 0.37890625 0.6484375 0.12890625 0.04296875
0 0.0078125 0.6640625 0.12890625 0.04296875
0 0.00390625 0.7265625 0.12890625 0.04296875
0 0.37890625 0.796875 0.12890625 0.04296875
0 0.0 0.80078125 0.12890625 0.04296875
