0 0.734375 0.0625 0.12890625 0.04296875
0 0.7421875 0.1171875 0.12890625 0.04296875
0 0.74609375 0.1875 0.12890625 0.04296875
0 0.265625 0.22265625 0.12890625 0.04296875
0 0.7421875 0.25 0.12890625 0.04296875
0 0.72265625 0.32421875 0.12890625 0.04296875
0 0.73828125 0.390625 0.12890625 0.04296875
0 0.73828125 0.453125 0.12890625 0.04296875
0 0.55078125 0.46875 0.12890625 0.04296875
0 0.7421875 0.51953125 0.12890625 0.04296875
0 0.7421875 0.59765625 0.12890625 0.04296875
0 0.54296875 0.60546875 0.12890625 0.04296875
0 0.73828125 0.66015625 0.12890625 0.04296875
0 0.54296875 0.67578125 0.12890625 0.04296875
0 0.75 0.73828125 0.12890625 0.04296875
0 0.73046875 0.796875 0.12890625 0.04296875
0 0.53125 0.828125 0.12890625 0.04296875
0 0.73046875 0.87109375 0.12890625 0.04296875
0 0.71484375 0.93359375 0.12890625 0.04296875
