0 0.4609375 0.62109375 0.12890625 0.04296875
0 0.36328125 0.6328125 0.12890625 0.04296875
0 0.609375 0.640625 0.12890625 0.04296875
0 0.7734375 0.640625 0.12890625 0.04296875
0 0.12109375 0.6484375 0.12890625 0.04296875
0 0.2890625 0.65234375 0.12890625 0.04296875
0 0.01171875 0.9296875 0.12890625 0.04296875
0 0.5234375 0.9296875 0.12890625 0.04296875
0 0.91015625 0.9375 0.12890625 0.04296875
0 0.3515625 0.94140625 0.12890625 0.04296875
0 0.8203125 0.94140625 0.12890625 0.04296875
0 0.75390625 0.9453125 0.12890625 0.04296875
0 0.67578125 0.953125 0.12890625 0.04296875
