0 0.4375 0.1015625 0.12890625 0.04296875
0 0.140625 0.125 0.12890625 0.04296875
0 0.53515625 0.1328125 0.12890625 0.04296875
0 0.6171875 0.13671875 0.12890625 0.04296875
0 0.0703125 0.140625 0.12890625 0.04296875
0 0.23046875 0.140625 0.12890625 0.04296875
0 0.69921875 0.1484375 0.12890625 0.04296875
0 0.29296875 0.26171875 0.12890625 0.04296875
0 0.59375 0.265625 0.12890625 0.04296875
0 0.51171875 0.3671875 0.12890625 0.04296875
0 0.39453125 0.5078125 0.12890625 0.04296875
0 0.16015625 0.51171875 0.12890625 0.04296875
0 0.24609375 0.515625 0.12890625 0.04296875
0 0.30859375 0.515625 0.12890625 0.04296875
0 0.79296875 0.51953125 0.12890625 0.04296875
0 0.46484375 0.5234375 0.12890625 0.04296875
0 0.625 0.52734375 0.12890625 0.04296875
0 0.703125 0.52734375 0.12890625 0.04296875
0 0.9453125 0.52734375 0.12890625 0.04296875
0 0.8671875 0.53515625 0.12890625 0.04296875
0 0.546875 0.5390625 0.12890625 0.04296875
0 0.05859375 0.546875 0.12890625 0.04296875
0 0.390625 0.640625 0.12890625 0.04296875
0 0.0625 0.64453125 0.12890625 0.04296875
0 0.1484375 0.64453125 0.12890625 0.04296875
0 0.484375 0.64453125 0.12890625 0.04296875
0 0.54296875 0.64453125 0.12890625 0.04296875
0 0.6328125 0.64453125 0.12890625 0.04296875
0 0.9453125 0.64453125 0.12890625 0.04296875
0 0.796875 0.6484375 0.12890625 0.04296875
0 0.234375 0.65234375 0.12890625 0.04296875
0 0.3203125 0.65234375 0.12890625 0.04296875
0 0.71484375 0.65234375 0.12890625 0.04296875
0 0.859375 0.66796875 0.12890625 0.04296875
0 0.9921875 0.9375 0.12890625 0.04296875
