0 0.89453125 0.06640625 0.12890625 0.04296875
0 0.4921875 0.15625 0.12890625 0.04296875
0 0.359375 0.23828125 0.12890625 0.04296875
0 0.33203125 0.296875 0.12890625 0.04296875
0 0.33984375 0.36328125 0.12890625 0.04296875
0 0.33203125 0.4375 0.12890625 0.04296875
0 0.80078125 0.86328125 0.12890625 0.04296875
0 0.875 0.86328125 0.12890625 0.04296875
0 0.95703125 0.8671875 0.12890625 0.04296875
0 0.52734375 0.87109375 0.12890625 0.04296875
0 0.59765625 0.87109375 0.12890625 0.04296875
0 0.44921875 0.87890625 0.12890625 0.04296875
0 0.671875 0.87890625 0.12890625 0.04296875
0 0.734375 0.8828125 0.12890625 0.04296875
