0 0.02734375 0.453125 0.12890625 0.04296875
0 0.18359375 0.47265625 0.12890625 0.04296875
0 0.6171875 0.5078125 0.12890625 0.04296875
0 0.609375 0.65625 0.12890625 0.04296875
0 0.6171875 0.72265625 0.12890625 0.04296875
0 0.24609375 0.80078125 0.12890625 0.04296875
0 0.17578125 0.82421875 0.12890625 0.04296875
0 0.0234375 0.828125 0.12890625 0.04296875
0 0.1015625 0.828125 0.12890625 0.04296875
0 0.30859375 0.83984375 0.12890625 0.04296875
0 0.1015625 0.95703125 0.12890625 0.04296875
0 0.16796875 0.95703125 0.12890625 0.04296875
0 0.0234375 0.9609375 0.12890625 0.04296875
0 0.30859375 0.96484375 0.12890625 0.04296875
0 0.234375 0.98046875 0.12890625 0.04296875
