0 0.16015625 0.4453125 0.12890625 0.04296875
0 0.59375 0.44921875 0.12890625 0.04296875
0 0.4296875 0.5546875 0.12890625 0.04296875
0 0.5703125 0.6015625 0.12890625 0.04296875
0 0.41796875 0.625 0.12890625 0.04296875
0 0.16015625 0.67578125 0.12890625 0.04296875
0 0.56640625 0.6953125 0.12890625 0.04296875
0 0.4296875 0.7265625 0.12890625 0.04296875
0 0.45703125 0.8359375 0.12890625 0.04296875
0 0.55078125 0.8359375 0.12890625 0.04296875
0 0.453125 0.91015625 0.12890625 0.04296875
0 0.43359375 0.9765625 0.12890625 0.04296875
