0 0.18359375 0.3046875 0.12890625 0.04296875
0 0.3046875 0.3125 0.12890625 0.04296875
0 0.75 0.31640625 0.12890625 0.04296875
0 0.16796875 0.640625 0.12890625 0.04296875
0 0.80859375 0.6484375 0.12890625 0.04296875
0 0.03515625 0.6640625 0.12890625 0.04296875
0 0.53125 0.6640625 0.12890625 0.04296875
0 0.03125 0.85546875 0.12890625 0.04296875
0 0.3125 0.86328125 0.12890625 0.04296875
0 0.2421875 0.8671875 0.12890625 0.04296875
0 0.4609375 0.8671875 0.12890625 0.04296875
0 0.53515625 0.8671875 0.12890625 0.04296875
0 0.390625 0.875 0.12890625 0.04296875
0 0.1796875 0.87890625 0.12890625 0.04296875
0 0.81640625 0.87890625 0.12890625 0.04296875
0 0.1015625 0.88671875 0.12890625 0.04296875
