0 0.87890625 0.0234375 0.12890625 0.04296875
0 0.7890625 0.0390625 0.12890625 0.04296875
0 0.04296875 0.375 0.12890625 0.04296875
0 0.984375 0.3828125 0.12890625 0.04296875
0 0.62109375 0.38671875 0.12890625 0.04296875
0 0.890625 0.390625 0.12890625 0.04296875
0 0.70703125 0.39453125 0.12890625 0.04296875
0 0.7734375 0.39453125 0.12890625 0.04296875
0 0.3984375 0.4453125 0.12890625 0.04296875
0 0.0390625 0.52734375 0.12890625 0.04296875
0 0.02734375 0.74609375 0.12890625 0.04296875
0 0.3984375 0.796875 0.12890625 0.04296875
0 0.40234375 0.94140625 0.12890625 0.04296875
