0 0.96875 0.0703125 0.12890625 0.04296875
0 0.96875 0.07421875 0.12890625 0.04296875
0 0.90625 0.3515625 0.12890625 0.04296875
0 0.96875 0.359375 0.12890625 0.04296875
0 0.82421875 0.3828125 0.12890625 0.04296875
0 0.96875 0.50390625 0.12890625 0.04296875
0 0.828125 0.515625 0.12890625 0.04296875
0 0.90625 0.51953125 0.12890625 0.04296875
0 0.99609375 0.8046875 0.12890625 0.04296875
0 0.921875 0.80859375 0.12890625 0.04296875
0 0.84375 0.8125 0.12890625 0.04296875
0 0.91796875 0.92578125 0.12890625 0.04296875
0 0.98828125 0.9296875 0.12890625 0.04296875
0 0.8515625 0.96484375 0.12890625 0.04296875
