0 0.140625 0.43359375 0.12890625 0.04296875
0 0.3046875 0.53125 0.12890625 0.04296875
0 0.53125 0.5390625 0.12890625 0.04296875
0 0.765625 0.5390625 0.12890625 0.04296875
0 0.140625 0.54296875 0.12890625 0.04296875
0 0.9296875 0.54296875 0.12890625 0.04296875
0 0.0 0.60546875 0.12890625 0.04296875
0 0.28515625 0.61328125 0.12890625 0.04296875
0 0.55078125 0.62109375 0.12890625 0.04296875
0 0.8125 0.62109375 0.12890625 0.04296875
0 0.5703125 0.71484375 0.12890625 0.04296875
0 0.7578125 0.71484375 0.12890625 0.04296875
0 0.98046875 0.8046875 0.12890625 0.04296875
