0 0.20703125 0.109375 0.12890625 0.04296875
0 0.29296875 0.11328125 0.12890625 0.04296875
0 0.359375 0.11328125 0.12890625 0.04296875
0 0.43359375 0.11328125 0.12890625 0.04296875
0 0.640625 0.11328125 0.12890625 0.04296875
0 0.08203125 0.1171875 0.12890625 0.04296875
0 0.5078125 0.1171875 0.12890625 0.04296875
0 0.0 0.12109375 0.12890625 0.04296875
0 0.58203125 0.12890625 0.12890625 0.04296875
0 0.70703125 0.484375 0.12890625 0.04296875
0 0.984375 0.49609375 0.12890625 0.04296875
0 0.78515625 0.50390625 0.12890625 0.04296875
0 0.84765625 0.5078125 0.12890625 0.04296875
0 0.390625 0.53125 0.12890625 0.04296875
0 0.69921875 0.6640625 0.12890625 0.04296875
0 0.38671875 0.99609375 0.12890625 0.04296875
