0 0.0390625 0.19921875 0.12890625 0.04296875
0 0.32421875 0.19921875 0.12890625 0.04296875
0 0.7421875 0.19921875 0.12890625 0.04296875
0 0.10546875 0.203125 0.12890625 0.04296875
0 0.25390625 0.20703125 0.12890625 0.04296875
0 0.390625 0.20703125 0.12890625 0.04296875
0 0.4609375 0.20703125 0.12890625 0.04296875
0 0.17578125 0.2109375 0.12890625 0.04296875
0 0.609375 0.2109375 0.12890625 0.04296875
0 0.5390625 0.21875 0.12890625 0.04296875
0 0.67578125 0.21875 0.12890625 0.04296875
0 0.03515625 0.33203125 0.12890625 0.04296875
0 0.171875 0.33203125 0.12890625 0.04296875
0 0.10546875 0.3359375 0.12890625 0.04296875
0 0.24609375 0.33984375 0.12890625 0.04296875
0 0.31640625 0.33984375 0.12890625 0.04296875
0 0.73828125 0.33984375 0.12890625 0.04296875
0 0.4609375 0.34765625 0.12890625 0.04296875
0 0.3828125 0.3515625 0.12890625 0.04296875
0 0.609375 0.3515625 0.12890625 0.04296875
0 0.67578125 0.35546875 0.12890625 0.04296875
0 0.52734375 0.36328125 0.12890625 0.04296875
0 0.453125 0.6875 0.12890625 0.04296875
0 0.10546875 0.69140625 0.12890625 0.04296875
0 0.03515625 0.6953125 0.12890625 0.04296875
0 0.3125 0.6953125 0.12890625 0.04296875
0 0.3828125 0.6953125 0.12890625 0.04296875
0 0.7421875 0.6953125 0.12890625 0.04296875
0 0.24609375 0.703125 0.12890625 0.04296875
0 0.5234375 0.703125 0.12890625 0.04296875
0 0.59765625 0.70703125 0.12890625 0.04296875
0 0.66796875 0.70703125 0.12890625 0.04296875
0 0.171875 0.71875 0.12890625 0.04296875
0 0.02734375 0.828125 0.12890625 0.04296875
0 0.23828125 0.828125 0.12890625 0.04296875
0 0.09375 0.83203125 0.12890625 0.04296875
0 0.30859375 0.83203125 0.12890625 0.04296875
0 0.37109375 0.83203125 0.12890625 0.04296875
0 0.4453125 0.83203125 0.12890625 0.04296875
0 0.1640625 0.8359375 0.12890625 0.04296875
0 0.59765625 0.84375 0.12890625 0.04296875
0 0.66796875 0.84375 0.12890625 0.04296875
0 0.73828125 0.84765625 0.12890625 0.04296875
0 0.52734375 0.85546875 0.12890625 0.04296875
