0 0.82421875 0.2265625 0.12890625 0.04296875
0 0.82421875 0.2890625 0.12890625 0.04296875
0 0.33984375 0.36328125 0.12890625 0.04296875
0 0.8203125 0.36328125 0.12890625 0.04296875
0 0.33984375 0.4375 0.12890625 0.04296875
0 0.33203125 0.51171875 0.12890625 0.04296875
0 0.8125 0.5625 0.12890625 0.04296875
0 0.3203125 0.57421875 0.12890625 0.04296875
0 0.80859375 0.640625 0.12890625 0.04296875
0 0.26171875 0.8515625 0.12890625 0.04296875
0 0.3359375 0.85546875 0.12890625 0.04296875
0 0.55859375 0.85546875 0.12890625 0.04296875
