0 0.22265625 0.234375 0.12890625 0.04296875
0 0.3046875 0.23828125 0.12890625 0.04296875
0 0.66015625 0.23828125 0.12890625 0.04296875
0 0.39453125 0.2421875 0.12890625 0.04296875
0 0.48828125 0.2421875 0.12890625 0.04296875
0 0.56640625 0.2421875 0.12890625 0.04296875
0 0.74609375 0.2421875 0.12890625 0.04296875
0 0.83984375 0.2421875 0.12890625 0.04296875
0 0.921875 0.25 0.12890625 0.04296875
0 0.61328125 0.6171875 0.12890625 0.04296875
0 0.1875 0.6328125 0.12890625 0.04296875
0 0.265625 0.6328125 0.12890625 0.04296875
0 0.1015625 0.65234375 0.12890625 0.04296875
0 0.69140625 0.65625 0.12890625 0.04296875
0 0.859375 0.8828125 0.12890625 0.04296875
0 0.8515625 0.97265625 0.12890625 0.04296875
