0 0.43359375 0.0625 0.12890625 0.04296875
0 0.828125 0.06640625 0.12890625 0.04296875
0 0.9140625 0.07421875 0.12890625 0.04296875
0 0.515625 0.08203125 0.12890625 0.04296875
0 0.71484375 0.08203125 0.12890625 0.04296875
0 0.08203125 0.3359375 0.12890625 0.04296875
0 0.8515625 0.3515625 0.12890625 0.04296875
0 0.93359375 0.359375 0.12890625 0.04296875
0 0.1015625 0.73828125 0.12890625 0.04296875
0 0.1171875 0.8125 0.12890625 0.04296875
0 0.1171875 0.89453125 0.12890625 0.04296875
0 0.1328125 0.96875 0.12890625 0.04296875
0 0.5390625 0.9765625 0.12890625 0.04296875
