0 0.70703125 0.04296875 0.12890625 0.04296875
0 0.6953125 0.1015625 0.12890625 0.04296875
0 0.70703125 0.171875 0.12890625 0.04296875
0 0.41015625 0.1875 0.12890625 0.04296875
0 0.6796875 0.2890625 0.12890625 0.04296875
0 0.37890625 0.3125 0.12890625 0.04296875
0 0.67578125 0.390625 0.12890625 0.04296875
0 0.38671875 0.39453125 0.12890625 0.04296875
0 0.7734375 0.421875 0.12890625 0.04296875
0 0.65234375 0.4921875 0.12890625 0.04296875
0 0.7578125 0.51171875 0.12890625 0.04296875
0 0.36328125 0.515625 0.12890625 0.04296875
0 0.30078125 0.6015625 0.12890625 0.04296875
0 0.7578125 0.6015625 0.12890625 0.04296875
0 0.453125 0.65625 0.12890625 0.04296875
0 0.328125 0.67578125 0.12890625 0.04296875
0 0.74609375 0.67578125 0.12890625 0.04296875
