0 0.0703125 0.03515625 0.12890625 0.04296875
0 0.16796875 0.0390625 0.12890625 0.04296875
0 0.26171875 0.0390625 0.12890625 0.04296875
0 0.453125 0.0390625 0.12890625 0.04296875
0 0.05859375 0.234375 0.12890625 0.04296875
0 0.84765625 0.24609375 0.12890625 0.04296875
0 0.54296875 0.38671875 0.12890625 0.04296875
0 0.640625 0.38671875 0.12890625 0.04296875
0 0.93359375 0.390625 0.12890625 0.04296875
0 0.73828125 0.39453125 0.12890625 0.04296875
0 0.46484375 0.40234375 0.12890625 0.04296875
0 0.8515625 0.40234375 0.12890625 0.04296875
