0 0.6328125 0.53515625 0.12890625 0.04296875
0 0.23828125 0.953125 0.12890625 0.04296875
0 0.1640625 0.9609375 0.12890625 0.04296875
0 0.30859375 0.9609375 0.12890625 0.04296875
0 0.37890625 0.9609375 0.12890625 0.04296875
0 0.46484375 0.9609375 0.12890625 0.04296875
0 0.875 0.96484375 0.12890625 0.04296875
0 0.96484375 0.96484375 0.12890625 0.04296875
0 0.53125 0.96875 0.12890625 0.04296875
0 0.77734375 0.96875 0.12890625 0.04296875
0 0.69140625 0.98046875 0.12890625 0.04296875
0 0.60546875 0.984375 0.12890625 0.04296875
