0 0.09375 0.33203125 0.12890625 0.04296875
0 0.51953125 0.33203125 0.12890625 0.04296875
0 0.24609375 0.33984375 0.12890625 0.04296875
0 0.44921875 0.33984375 0.12890625 0.04296875
0 0.02734375 0.34375 0.12890625 0.04296875
0 0.3125 0.34375 0.12890625 0.04296875
0 0.01953125 0.4609375 0.12890625 0.04296875
0 0.09375 0.4609375 0.12890625 0.04296875
0 0.5234375 0.4609375 0.12890625 0.04296875
0 0.45703125 0.47265625 0.12890625 0.04296875
0 0.3125 0.484375 0.12890625 0.04296875
0 0.58984375 0.73828125 0.12890625 0.04296875
0 0.94140625 0.7421875 0.12890625 0.04296875
0 0.515625 0.74609375 0.12890625 0.04296875
0 0.8671875 0.74609375 0.12890625 0.04296875
0 0.80078125 0.75390625 0.12890625 0.04296875
0 0.66796875 0.7578125 0.12890625 0.04296875
0 0.0078125 0.8125 0.12890625 0.04296875
0 0.28515625 0.81640625 0.12890625 0.04296875
0 0.0859375 0.82421875 0.12890625 0.04296875
0 0.35546875 0.82421875 0.12890625 0.04296875
0 0.15234375 0.83203125 0.12890625 0.04296875
