0 0.05859375 0.26953125 0.12890625 0.04296875
0 0.12109375 0.26953125 0.12890625 0.04296875
0 0.76953125 0.26953125 0.12890625 0.04296875
0 0.6953125 0.2734375 0.12890625 0.04296875
0 0.8359375 0.2734375 0.12890625 0.04296875
0 0.92578125 0.2734375 0.12890625 0.04296875
0 0.33984375 0.27734375 0.12890625 0.04296875
0 0.625 0.27734375 0.12890625 0.04296875
0 0.48828125 0.28125 0.12890625 0.04296875
0 0.26953125 0.28515625 0.12890625 0.04296875
0 0.19921875 0.2890625 0.12890625 0.04296875
0 0.40625 0.2890625 0.12890625 0.04296875
0 0.55078125 0.30078125 0.12890625 0.04296875
