0 0.98828125 0.0703125 0.12890625 0.04296875
0 0.4375 0.421875 0.12890625 0.04296875
0 0.32421875 0.48828125 0.12890625 0.04296875
0 0.4765625 0.56640625 0.12890625 0.04296875
0 0.328125 0.5703125 0.12890625 0.04296875
0 0.47265625 0.640625 0.12890625 0.04296875
0 0.8046875 0.68359375 0.12890625 0.04296875
0 0.44921875 0.72265625 0.12890625 0.04296875
0 0.80859375 0.7578125 0.12890625 0.04296875
0 0.45703125 0.7890625 0.12890625 0.04296875
0 0.8046875 0.8359375 0.12890625 0.04296875
0 0.4609375 0.85546875 0.12890625 0.04296875
0 0.8046875 0.90625 0.12890625 0.04296875
0 0.31640625 0.9140625 0.12890625 0.04296875
0 0.44921875 0.93359375 0.12890625 0.04296875
0 0.79296875 0.98046875 0.12890625 0.04296875
0 0.4609375 0.9921875 0.12890625 0.04296875
