0 0.78125 0.375 0.12890625 0.04296875
0 0.7109375 0.3828125 0.12890625 0.04296875
0 0.6328125 0.390625 0.12890625 0.04296875
0 0.9296875 0.390625 0.12890625 0.04296875
0 0.86328125 0.3984375 0.12890625 0.04296875
0 0.484375 0.41796875 0.12890625 0.04296875
0 0.49609375 0.73828125 0.12890625 0.04296875
0 0.5703125 0.7421875 0.12890625 0.04296875
0 0.64453125 0.7421875 0.12890625 0.04296875
0 0.79296875 0.7421875 0.12890625 0.04296875
0 0.71875 0.75390625 0.12890625 0.04296875
0 0.92578125 0.75390625 0.12890625 0.04296875
0 0.859375 0.765625 0.12890625 0.04296875
0 0.78125 0.8828125 0.12890625 0.04296875
0 0.640625 0.89453125 0.12890625 0.04296875
0 0.4765625 0.8984375 0.12890625 0.04296875
0 0.70703125 0.8984375 0.12890625 0.04296875
0 0.8671875 0.90625 0.12890625 0.04296875
0 0.9375 0.90625 0.12890625 0.04296875
0 0.57421875 0.9140625 0.12890625 0.04296875
