0 0.875 0.05859375 0.12890625 0.04296875
0 0.2265625 0.640625 0.12890625 0.04296875
0 0.67578125 0.64453125 0.12890625 0.04296875
0 0.73828125 0.6484375 0.12890625 0.04296875
0 0.80078125 0.6484375 0.12890625 0.04296875
0 0.3828125 0.65234375 0.12890625 0.04296875
0 0.5234375 0.65234375 0.12890625 0.04296875
0 0.3046875 0.65625 0.12890625 0.04296875
0 0.45703125 0.66015625 0.12890625 0.04296875
0 0.59765625 0.66015625 0.12890625 0.04296875
0 0.8828125 0.66015625 0.12890625 0.04296875
0 0.953125 0.66015625 0.12890625 0.04296875
0 0.12890625 0.9765625 0.12890625 0.04296875
