0 0.7265625 0.0078125 0.12890625 0.04296875
0 0.65234375 0.01953125 0.12890625 0.04296875
0 0.796875 0.0234375 0.12890625 0.04296875
0 0.9921875 0.02734375 0.12890625 0.04296875
0 0.01953125 0.1015625 0.12890625 0.04296875
0 0.01171875 0.171875 0.12890625 0.04296875
0 0.50390625 0.19140625 0.12890625 0.04296875
0 0.0078125 0.2421875 0.12890625 0.04296875
0 0.015625 0.30859375 0.12890625 0.04296875
0 0.01953125 0.390625 0.12890625 0.04296875
0 0.08203125 0.73046875 0.12890625 0.04296875
0 0.15234375 0.73046875 0.12890625 0.04296875
0 0.21875 0.73046875 0.12890625 0.04296875
