0 0.609375 0.5390625 0.12890625 0.04296875
0 0.46875 0.97265625 0.12890625 0.04296875
0 0.33203125 0.98046875 0.12890625 0.04296875
0 0.40234375 0.98046875 0.12890625 0.04296875
0 0.75390625 0.98046875 0.12890625 0.04296875
0 0.0390625 0.984375 0.12890625 0.04296875
0 0.546875 0.98828125 0.12890625 0.04296875
0 0.83203125 0.98828125 0.12890625 0.04296875
0 0.62109375 0.9921875 0.12890625 0.04296875
0 0.90234375 0.9921875 0.12890625 0.04296875
0 0.1875 0.99609375 0.12890625 0.04296875
0 0.69921875 0.99609375 0.12890625 0.04296875
