0 0.87109375 0.0234375 0.12890625 0.04296875
0 0.86328125 0.09765625 0.12890625 0.04296875
0 0.67578125 0.2109375 0.12890625 0.04296875
0 0.00390625 0.4453125 0.12890625 0.04296875
0 0.92578125 0.546875 0.12890625 0.04296875
0 0.15234375 0.6640625 0.12890625 0.04296875
0 0.0078125 0.734375 0.12890625 0.04296875
0 0.5 0.7578125 0.12890625 0.04296875
0 0.15234375 0.796875 0.12890625 0.04296875
0 0.91796875 0.84375 0.12890625 0.04296875
0 0.14453125 0.875 0.12890625 0.04296875
0 0.5 0.890625 0.12890625 0.04296875
0 0.01171875 0.95703125 0.12890625 0.04296875
0 0.50390625 0.95703125 0.12890625 0.04296875
