0 0.1015625 0.1796875 0.12890625 0.04296875
0 0.24609375 0.1796875 0.12890625 0.04296875
0 0.02734375 0.1875 0.12890625 0.04296875
0 0.171875 0.19921875 0.12890625 0.04296875
0 0.3984375 0.19921875 0.12890625 0.04296875
0 0.32421875 0.203125 0.12890625 0.04296875
0 0.3125 0.52734375 0.12890625 0.04296875
0 0.03515625 0.53515625 0.12890625 0.04296875
0 0.1796875 0.53515625 0.12890625 0.04296875
0 0.23828125 0.53515625 0.12890625 0.04296875
0 0.109375 0.5390625 0.12890625 0.04296875
0 0.37890625 0.5390625 0.12890625 0.04296875
0 0.09375 0.73828125 0.12890625 0.04296875
0 0.1640625 0.7421875 0.12890625 0.04296875
0 0.0234375 0.75 0.12890625 0.04296875
