0 0.74609375 0.15234375 0.12890625 0.04296875
0 0.890625 0.171875 0.12890625 0.04296875
0 0.9609375 0.1796875 0.12890625 0.04296875
0 0.57421875 0.484375 0.12890625 0.04296875
0 0.65625 0.4921875 0.12890625 0.04296875
0 0.7421875 0.5078125 0.12890625 0.04296875
0 0.82421875 0.5078125 0.12890625 0.04296875
0 0.9609375 0.5078125 0.12890625 0.04296875
0 0.8984375 0.51171875 0.12890625 0.04296875
0 0.30859375 0.7265625 0.12890625 0.04296875
0 0.59765625 0.7890625 0.12890625 0.04296875
0 0.30859375 0.80078125 0.12890625 0.04296875
0 0.31640625 0.90625 0.12890625 0.04296875
0 0.89453125 0.91015625 0.12890625 0.04296875
0 0.32421875 0.984375 0.12890625 0.04296875
