0 0.203125 0.015625 0.12890625 0.04296875
0 0.71875 0.125 0.12890625 0.04296875
0 0.921875 0.1328125 0.12890625 0.04296875
0 0.26171875 0.1484375 0.12890625 0.04296875
0 0.4453125 0.1640625 0.12890625 0.04296875
0 0.96875 0.1953125 0.12890625 0.04296875
0 0.48046875 0.3515625 0.12890625 0.04296875
0 0.2578125 0.35546875 0.12890625 0.04296875
0 0.48046875 0.35546875 0.12890625 0.04296875
0 0.3046875 0.421875 0.12890625 0.04296875
0 0.30859375 0.546875 0.12890625 0.04296875
0 0.3984375 0.60546875 0.12890625 0.04296875
0 0.40234375 0.60546875 0.12890625 0.04296875
0 0.59765625 0.73046875 0.12890625 0.04296875
