0 0.09765625 0.01171875 0.12890625 0.04296875
0 0.0234375 0.05078125 0.12890625 0.04296875
0 0.5546875 0.234375 0.12890625 0.04296875
0 0.48828125 0.2734375 0.12890625 0.04296875
0 0.48828125 0.27734375 0.12890625 0.04296875
0 0.42578125 0.296875 0.12890625 0.04296875
0 0.33984375 0.32421875 0.12890625 0.04296875
0 0.27734375 0.34765625 0.12890625 0.04296875
0 0.19921875 0.35546875 0.12890625 0.04296875
0 0.19921875 0.359375 0.12890625 0.04296875
0 0.69921875 0.3671875 0.12890625 0.04296875
0 0.1328125 0.37109375 0.12890625 0.04296875
0 0.63671875 0.390625 0.12890625 0.04296875
0 0.046875 0.3984375 0.12890625 0.04296875
0 0.46875 0.4296875 0.12890625 0.04296875
0 0.54296875 0.4296875 0.12890625 0.04296875
0 0.32421875 0.49609375 0.12890625 0.04296875
