0 0.8203125 0.0546875 0.12890625 0.04296875
0 0.74609375 0.05859375 0.12890625 0.04296875
0 0.8203125 0.05859375 0.12890625 0.04296875
0 0.67578125 0.08984375 0.12890625 0.04296875
0 0.6171875 0.12890625 0.12890625 0.04296875
0 0.546875 0.13671875 0.12890625 0.04296875
0 0.4140625 0.17578125 0.12890625 0.04296875
0 0.953125 0.34375 0.12890625 0.04296875
0 0.828125 0.38671875 0.12890625 0.04296875
0 0.5625 0.48046875 0.12890625 0.04296875
0 0.5 0.48828125 0.12890625 0.04296875
0 0.4296875 0.49609375 0.12890625 0.04296875
