0 0.03125 0.1328125 0.12890625 0.04296875
0 0.19140625 0.140625 0.12890625 0.04296875
0 0.77734375 0.28515625 0.12890625 0.04296875
0 0.69140625 0.296875 0.12890625 0.04296875
0 0.63671875 0.3125 0.12890625 0.04296875
0 0.23828125 0.32421875 0.12890625 0.04296875
0 0.953125 0.3984375 0.12890625 0.04296875
0 0.69140625 0.49609375 0.12890625 0.04296875
0 0.02734375 0.71875 0.12890625 0.04296875
0 0.0859375 0.77734375 0.12890625 0.04296875
0 0.78515625 0.8125 0.12890625 0.04296875
0 0.859375 0.81640625 0.12890625 0.04296875
0 0.5703125 0.85546875 0.12890625 0.04296875
0 0.6640625 0.859375 0.12890625 0.04296875
