0 0.703125 0.109375 0.12890625 0.04296875
0 0.55078125 0.16015625 0.12890625 0.04296875
0 0.73828125 0.1640625 0.12890625 0.04296875
0 0.58203125 0.22265625 0.12890625 0.04296875
0 0.74609375 0.2421875 0.12890625 0.04296875
0 0.609375 0.28125 0.12890625 0.04296875
0 0.29296875 0.31640625 0.12890625 0.04296875
0 0.765625 0.3203125 0.12890625 0.04296875
0 0.6328125 0.3671875 0.12890625 0.04296875
0 0.796875 0.390625 0.12890625 0.04296875
0 0.6640625 0.43359375 0.12890625 0.04296875
0 0.67578125 0.5234375 0.12890625 0.04296875
0 0.859375 0.5234375 0.12890625 0.04296875
0 0.70703125 0.58984375 0.12890625 0.04296875
0 0.86328125 0.60546875 0.12890625 0.04296875
0 0.73046875 0.66015625 0.12890625 0.04296875
