0 0.63671875 0.05084745762711865 0.12890625 0.046610169491525424
0 0.8828125 0.16101694915254236 0.12890625 0.046610169491525424
0 0.59375 0.5423728813559322 0.12890625 0.046610169491525424
0 0.703125 0.7033898305084746 0.12890625 0.046610169491525424
0 0.640625 0.7330508474576272 0.12890625 0.046610169491525424
0 0.58203125 0.7754237288135594 0.12890625 0.046610169491525424
0 0.5078125 0.8008474576271186 0.12890625 0.046610169491525424
0 0.4375 0.8347457627118644 0.12890625 0.046610169491525424
0 0.20703125 0.8559322033898306 0.12890625 0.046610169491525424
0 0.30859375 0.8728813559322034 0.12890625 0.046610169491525424
0 0.046875 0.9322033898305084 0.12890625 0.046610169491525424
