0 0.0859375 0.02734375 0.12890625 0.04296875
0 0.953125 0.0625 0.12890625 0.04296875
0 0.1015625 0.08984375 0.12890625 0.04296875
0 0.11328125 0.16015625 0.12890625 0.04296875
0 0.91015625 0.2109375 0.12890625 0.04296875
0 0.8515625 0.23828125 0.12890625 0.04296875
0 0.13671875 0.29296875 0.12890625 0.04296875
0 0.30859375 0.3046875 0.12890625 0.04296875
0 0.1640625 0.359375 0.12890625 0.04296875
0 0.34765625 0.3671875 0.12890625 0.04296875
0 0.171875 0.42578125 0.12890625 0.04296875
0 0.17578125 0.42578125 0.12890625 0.04296875
0 0.3671875 0.4375 0.12890625 0.04296875
0 0.3828125 0.50390625 0.12890625 0.04296875
0 0.9375 0.5234375 0.12890625 0.04296875
0 0.23828125 0.54296875 0.12890625 0.04296875
0 0.8515625 0.55859375 0.12890625 0.04296875
0 0.3984375 0.5625 0.12890625 0.04296875
0 0.765625 0.578125 0.12890625 0.04296875
0 0.26171875 0.6171875 0.12890625 0.04296875
0 0.4296875 0.6328125 0.12890625 0.04296875
0 0.2734375 0.6796875 0.12890625 0.04296875
0 0.2734375 0.68359375 0.12890625 0.04296875
0 0.31640625 0.7578125 0.12890625 0.04296875
