0 0.5390625 0.2109375 0.12890625 0.04296875
0 0.55078125 0.26953125 0.12890625 0.04296875
0 0.90625 0.296875 0.12890625 0.04296875
0 0.5859375 0.33203125 0.12890625 0.04296875
0 0.59765625 0.40625 0.12890625 0.04296875
0 0.60546875 0.46875 0.12890625 0.04296875
0 0.6171875 0.5390625 0.12890625 0.04296875
0 0.63671875 0.62890625 0.12890625 0.04296875
0 0.67578125 0.73828125 0.12890625 0.04296875
0 0.69921875 0.79296875 0.12890625 0.04296875
0 0.74609375 0.86328125 0.12890625 0.04296875
0 0.77734375 0.9375 0.12890625 0.04296875
