0 0.5859375 0.07203389830508475 0.12890625 0.046610169491525424
0 0.38671875 0.1483050847457627 0.12890625 0.046610169491525424
0 0.18359375 0.211864406779661 0.12890625 0.046610169491525424
0 0.55859375 0.2330508474576271 0.12890625 0.046610169491525424
0 0.62890625 0.23728813559322035 0.12890625 0.046610169491525424
0 0.48046875 0.2542372881355932 0.12890625 0.046610169491525424
0 0.41796875 0.2966101694915254 0.12890625 0.046610169491525424
0 0.09375 0.3771186440677966 0.12890625 0.046610169491525424
0 0.796875 0.5932203389830508 0.12890625 0.046610169491525424
0 0.72265625 0.6228813559322034 0.12890625 0.046610169491525424
0 0.6484375 0.6440677966101694 0.12890625 0.046610169491525424
0 0.51171875 0.6652542372881356 0.12890625 0.046610169491525424
0 0.51171875 0.6694915254237288 0.12890625 0.046610169491525424
0 0.4453125 0.6779661016949152 0.12890625 0.046610169491525424
0 0.31640625 0.6822033898305084 0.12890625 0.046610169491525424
0 0.1953125 0.7669491525423728 0.12890625 0.046610169491525424
0 0.41796875 1.0593220338983051 0.12890625 0.046610169491525424
