0 0.9375 0.234375 0.12890625 0.04296875
0 0.76953125 0.28515625 0.12890625 0.04296875
0 0.7890625 0.33984375 0.12890625 0.04296875
0 0.94140625 0.3828125 0.12890625 0.04296875
0 0.8125 0.4140625 0.12890625 0.04296875
0 0.97265625 0.44921875 0.12890625 0.04296875
0 0.8671875 0.48046875 0.12890625 0.04296875
0 0.921875 0.53125 0.12890625 0.04296875
0 0.87890625 0.609375 0.12890625 0.04296875
0 0.90625 0.6796875 0.12890625 0.04296875
0 0.96875 0.71484375 0.12890625 0.04296875
0 0.95703125 0.7890625 0.12890625 0.04296875
0 0.953125 0.875 0.12890625 0.04296875
0 0.984375 0.92578125 0.12890625 0.04296875
