0 0.375 0.00390625 0.12890625 0.04296875
0 0.140625 0.04296875 0.12890625 0.04296875
0 0.0625 0.05859375 0.12890625 0.04296875
0 0.40234375 0.0703125 0.12890625 0.04296875
0 0.44921875 0.140625 0.12890625 0.04296875
0 0.46484375 0.2109375 0.12890625 0.04296875
0 0.48046875 0.28125 0.12890625 0.04296875
0 0.55859375 0.3984375 0.12890625 0.04296875
0 0.25 0.4453125 0.12890625 0.04296875
0 0.17578125 0.4765625 0.12890625 0.04296875
0 0.10546875 0.49609375 0.12890625 0.04296875
0 0.0390625 0.51171875 0.12890625 0.04296875
0 0.76171875 0.5703125 0.12890625 0.04296875
0 0.3359375 0.6171875 0.12890625 0.04296875
0 0.8046875 0.640625 0.12890625 0.04296875
0 0.91015625 0.671875 0.12890625 0.04296875
0 0.34375 0.67578125 0.12890625 0.04296875
0 0.3671875 0.75 0.12890625 0.04296875
0 0.84375 0.7734375 0.12890625 0.04296875
0 0.9453125 0.80859375 0.12890625 0.04296875
0 0.3984375 0.8203125 0.12890625 0.04296875
0 0.42578125 0.890625 0.12890625 0.04296875
0 0.921875 0.90234375 0.12890625 0.04296875
0 0.44921875 0.9609375 0.12890625 0.04296875
0 0.953125 0.9609375 0.12890625 0.04296875
