0 0.6484375 0.04296875 0.12890625 0.04296875
0 0.58984375 0.078125 0.12890625 0.04296875
0 0.9765625 0.23046875 0.12890625 0.04296875
0 0.91796875 0.25 0.12890625 0.04296875
0 0.87109375 0.27734375 0.12890625 0.04296875
0 0.9609375 0.375 0.12890625 0.04296875
0 0.90625 0.41015625 0.12890625 0.04296875
0 0.98828125 0.65625 0.12890625 0.04296875
0 0.9375 0.6796875 0.12890625 0.04296875
0 0.87109375 0.6953125 0.12890625 0.04296875
0 0.796875 0.72265625 0.12890625 0.04296875
0 0.95703125 0.8046875 0.12890625 0.04296875
0 0.8984375 0.83984375 0.12890625 0.04296875
0 0.83984375 0.86328125 0.12890625 0.04296875
