0 0.28515625 0.01171875 0.12890625 0.04296875
0 0.99609375 0.13671875 0.12890625 0.04296875
0 0.65625 0.140625 0.12890625 0.04296875
0 0.90234375 0.1484375 0.12890625 0.04296875
0 0.4453125 0.24609375 0.12890625 0.04296875
0 0.36328125 0.2734375 0.12890625 0.04296875
0 0.69921875 0.28515625 0.12890625 0.04296875
0 0.2421875 0.3046875 0.12890625 0.04296875
0 0.15625 0.32421875 0.12890625 0.04296875
0 0.0234375 0.375 0.12890625 0.04296875
0 0.41796875 0.42578125 0.12890625 0.04296875
0 0.75390625 0.45703125 0.12890625 0.04296875
0 0.40234375 0.69921875 0.12890625 0.04296875
0 0.27734375 0.765625 0.12890625 0.04296875
0 0.37109375 0.9921875 0.12890625 0.04296875
