0 0.703125 0.0234375 0.12890625 0.04296875
0 0.64453125 0.0390625 0.12890625 0.04296875
0 0.5703125 0.05859375 0.12890625 0.04296875
0 0.50390625 0.08984375 0.12890625 0.04296875
0 0.9609375 0.09765625 0.12890625 0.04296875
0 0.4453125 0.12109375 0.12890625 0.04296875
0 0.375 0.12890625 0.12890625 0.04296875
0 0.81640625 0.13671875 0.12890625 0.04296875
0 0.3046875 0.16015625 0.12890625 0.04296875
0 0.75 0.16015625 0.12890625 0.04296875
0 0.234375 0.1875 0.12890625 0.04296875
0 0.1796875 0.20703125 0.12890625 0.04296875
0 0.546875 0.22265625 0.12890625 0.04296875
0 0.10546875 0.23828125 0.12890625 0.04296875
0 0.02734375 0.25390625 0.12890625 0.04296875
0 0.41796875 0.2734375 0.12890625 0.04296875
0 0.359375 0.296875 0.12890625 0.04296875
0 0.28125 0.33203125 0.12890625 0.04296875
0 0.21484375 0.359375 0.12890625 0.04296875
0 0.07421875 0.3828125 0.12890625 0.04296875
0 0.1484375 0.38671875 0.12890625 0.04296875
0 0.83203125 0.4453125 0.12890625 0.04296875
0 0.765625 0.46875 0.12890625 0.04296875
0 0.63671875 0.5078125 0.12890625 0.04296875
0 0.57421875 0.54296875 0.12890625 0.04296875
0 0.5078125 0.5625 0.12890625 0.04296875
0 0.4296875 0.56640625 0.12890625 0.04296875
0 0.37109375 0.60546875 0.12890625 0.04296875
0 0.296875 0.6171875 0.12890625 0.04296875
0 0.234375 0.640625 0.12890625 0.04296875
0 0.14453125 0.65625 0.12890625 0.04296875
0 0.54296875 0.67578125 0.12890625 0.04296875
