0 0.23828125 0.3984375 0.12890625 0.04296875
0 0.171875 0.41015625 0.12890625 0.04296875
0 0.09765625 0.42578125 0.12890625 0.04296875
0 0.03125 0.44921875 0.12890625 0.04296875
0 0.41015625 0.65625 0.12890625 0.04296875
0 0.35546875 0.68359375 0.12890625 0.04296875
0 0.27734375 0.6953125 0.12890625 0.04296875
0 0.88671875 0.7109375 0.12890625 0.04296875
0 0.21875 0.7265625 0.12890625 0.04296875
0 0.15234375 0.734375 0.12890625 0.04296875
0 0.08203125 0.76171875 0.12890625 0.04296875
0 0.0078125 0.76953125 0.12890625 0.04296875
0 0.55078125 0.828125 0.12890625 0.04296875
0 0.34375 0.88671875 0.12890625 0.04296875
