0 0.42578125 0.0546875 0.12890625 0.04296875
0 0.6171875 0.11328125 0.12890625 0.04296875
0 0.4453125 0.125 0.12890625 0.04296875
0 0.5 0.2578125 0.12890625 0.04296875
0 0.5546875 0.375 0.12890625 0.04296875
0 0.578125 0.4609375 0.12890625 0.04296875
0 0.2421875 0.484375 0.12890625 0.04296875
0 0.2578125 0.55859375 0.12890625 0.04296875
0 0.76171875 0.60546875 0.12890625 0.04296875
0 0.31640625 0.62890625 0.12890625 0.04296875
0 0.22265625 0.75390625 0.12890625 0.04296875
0 0.82421875 0.80078125 0.12890625 0.04296875
0 0.21875 0.83984375 0.12890625 0.04296875
0 0.85546875 0.890625 0.12890625 0.04296875
0 0.2578125 0.8984375 0.12890625 0.04296875
