0 0.66796875 0.12890625 0.12890625 0.04296875
0 0.8203125 0.16015625 0.12890625 0.04296875
0 0.69140625 0.203125 0.12890625 0.04296875
0 0.859375 0.2265625 0.12890625 0.04296875
0 0.71484375 0.28515625 0.12890625 0.04296875
0 0.87890625 0.296875 0.12890625 0.04296875
0 0.359375 0.3359375 0.12890625 0.04296875
0 0.72265625 0.33984375 0.12890625 0.04296875
0 0.75 0.4140625 0.12890625 0.04296875
0 0.19140625 0.7109375 0.12890625 0.04296875
0 0.80859375 0.7578125 0.12890625 0.04296875
0 0.89453125 0.77734375 0.12890625 0.04296875
