0 0.3984375 0.0546875 0.12890625 0.04296875
0 0.4453125 0.3515625 0.12890625 0.04296875
0 0.96875 0.3515625 0.12890625 0.04296875
0 0.31640625 0.41015625 0.12890625 0.04296875
0 0.1875 0.46484375 0.12890625 0.04296875
0 0.5 0.49609375 0.12890625 0.04296875
0 0.578125 0.5 0.12890625 0.04296875
0 0.04296875 0.515625 0.12890625 0.04296875
0 0.35546875 0.54296875 0.12890625 0.04296875
0 0.22265625 0.6015625 0.12890625 0.04296875
0 0.15625 0.62890625 0.12890625 0.04296875
0 0.73828125 0.77734375 0.12890625 0.04296875
0 0.6640625 0.7890625 0.12890625 0.04296875
0 0.53125 0.85546875 0.12890625 0.04296875
0 0.37890625 0.89453125 0.12890625 0.04296875
0 0.04296875 0.99609375 0.12890625 0.04296875
