0 0.6484375 0.11440677966101695 0.12890625 0.046610169491525424
0 0.6953125 0.2033898305084746 0.12890625 0.046610169491525424
0 0.71875 0.2966101694915254 0.12890625 0.046610169491525424
0 0.890625 0.3855932203389831 0.12890625 0.046610169491525424
0 0.5 0.4152542372881356 0.12890625 0.046610169491525424
0 0.53515625 0.5169491525423728 0.12890625 0.046610169491525424
0 0.5546875 0.6059322033898306 0.12890625 0.046610169491525424
0 0.65234375 0.8559322033898306 0.12890625 0.046610169491525424
0 0.80078125 1.0296610169491525 0.12890625 0.046610169491525424
0 0.49609375 1.0593220338983051 0.12890625 0.046610169491525424
