0 0.3984375 0.38671875 0.12890625 0.04296875
0 0.2734375 0.42578125 0.12890625 0.04296875
0 0.69921875 0.5859375 0.12890625 0.04296875
0 0.84375 0.58984375 0.12890625 0.04296875
0 0.62890625 0.62890625 0.12890625 0.04296875
0 0.95703125 0.68359375 0.12890625 0.04296875
0 0.87890625 0.69921875 0.12890625 0.04296875
0 0.75 0.75390625 0.12890625 0.04296875
0 0.67578125 0.7734375 0.12890625 0.04296875
0 0.1640625 0.79296875 0.12890625 0.04296875
0 0.4921875 0.8515625 0.12890625 0.04296875
0 0.3359375 0.8984375 0.12890625 0.04296875
0 0.26953125 0.91796875 0.12890625 0.04296875
0 0.1953125 0.92578125 0.12890625 0.04296875
