0 0.5546875 0.0546875 0.12890625 0.04296875
0 0.59375 0.12109375 0.12890625 0.04296875
0 0.3828125 0.35546875 0.12890625 0.04296875
0 0.671875 0.3828125 0.12890625 0.04296875
0 0.15625 0.421875 0.12890625 0.04296875
0 0.15625 0.42578125 0.12890625 0.04296875
0 0.703125 0.43359375 0.12890625 0.04296875
0 0.7421875 0.5 0.12890625 0.04296875
0 0.35546875 0.51171875 0.12890625 0.04296875
0 0.7421875 0.5859375 0.12890625 0.04296875
0 0.765625 0.6640625 0.12890625 0.04296875
0 0.8203125 0.828125 0.12890625 0.04296875
0 0.3125 0.9140625 0.12890625 0.04296875
0 0.8671875 0.96875 0.12890625 0.04296875
0 0.59375 0.97265625 0.12890625 0.04296875
0 0.5078125 0.99609375 0.12890625 0.04296875
