0 0.41015625 0.2578125 0.12890625 0.04296875
0 0.56640625 0.3359375 0.12890625 0.04296875
0 0.40625 0.38671875 0.12890625 0.04296875
0 0.9140625 0.69140625 0.12890625 0.04296875
0 0.84375 0.70703125 0.12890625 0.04296875
0 0.7890625 0.73046875 0.12890625 0.04296875
0 0.734375 0.7578125 0.12890625 0.04296875
0 0.6796875 0.796875 0.12890625 0.04296875
0 0.6171875 0.8046875 0.12890625 0.04296875
0 0.5390625 0.83203125 0.12890625 0.04296875
0 0.4765625 0.84765625 0.12890625 0.04296875
0 0.48046875 0.84765625 0.12890625 0.04296875
0 0.3359375 0.86328125 0.12890625 0.04296875
0 0.4140625 0.875 0.12890625 0.04296875
