0 0.69921875 0.26171875 0.12890625 0.04296875
0 0.7109375 0.31640625 0.12890625 0.04296875
0 0.7265625 0.390625 0.12890625 0.04296875
0 0.6171875 0.40625 0.12890625 0.04296875
0 0.56640625 0.4453125 0.12890625 0.04296875
0 0.5703125 0.4453125 0.12890625 0.04296875
0 0.49609375 0.4609375 0.12890625 0.04296875
0 0.4453125 0.5 0.12890625 0.04296875
0 0.37890625 0.51953125 0.12890625 0.04296875
0 0.67578125 0.52734375 0.12890625 0.04296875
0 0.62109375 0.5859375 0.12890625 0.04296875
0 0.1953125 0.59765625 0.12890625 0.04296875
0 0.05859375 0.609375 0.12890625 0.04296875
0 0.5 0.625 0.12890625 0.04296875
0 0.4296875 0.64453125 0.12890625 0.04296875
0 0.109375 0.7421875 0.12890625 0.04296875
0 0.8515625 0.97265625 0.12890625 0.04296875
