0 0.76171875 0.171875 0.12890625 0.04296875
0 0.7890625 0.23828125 0.12890625 0.04296875
0 0.2421875 0.3125 0.12890625 0.04296875
0 0.8125 0.3125 0.12890625 0.04296875
0 0.40625 0.33984375 0.12890625 0.04296875
0 0.8359375 0.37890625 0.12890625 0.04296875
0 0.05078125 0.390625 0.12890625 0.04296875
0 0.26171875 0.39453125 0.12890625 0.04296875
0 0.421875 0.4140625 0.12890625 0.04296875
0 0.29296875 0.4765625 0.12890625 0.04296875
0 0.4609375 0.48828125 0.12890625 0.04296875
0 0.5 0.55078125 0.12890625 0.04296875
0 0.3515625 0.6328125 0.12890625 0.04296875
0 0.35546875 0.6328125 0.12890625 0.04296875
0 0.9140625 0.65625 0.12890625 0.04296875
0 0.37890625 0.7890625 0.12890625 0.04296875
0 0.953125 0.796875 0.12890625 0.04296875
0 0.58984375 0.9921875 0.12890625 0.04296875
