0 0.4375 0.265625 0.12890625 0.04296875
0 0.58203125 0.27734375 0.12890625 0.04296875
0 0.359375 0.29296875 0.12890625 0.04296875
0 0.140625 0.36328125 0.12890625 0.04296875
0 0.06640625 0.375 0.12890625 0.04296875
0 0.0 0.37890625 0.12890625 0.04296875
0 0.41796875 0.53515625 0.12890625 0.04296875
0 0.73828125 0.671875 0.12890625 0.04296875
0 0.50390625 0.734375 0.12890625 0.04296875
0 0.5078125 0.734375 0.12890625 0.04296875
0 0.58203125 0.80078125 0.12890625 0.04296875
0 0.58203125 0.87109375 0.12890625 0.04296875
