0 0.8359375 0.0078125 0.12890625 0.04296875
0 0.67578125 0.03125 0.12890625 0.04296875
0 0.7578125 0.04296875 0.12890625 0.04296875
0 0.60546875 0.06640625 0.12890625 0.04296875
0 0.55859375 0.10546875 0.12890625 0.04296875
0 0.5625 0.10546875 0.12890625 0.04296875
0 0.89453125 0.1640625 0.12890625 0.04296875
0 0.81640625 0.17578125 0.12890625 0.04296875
0 0.66015625 0.19140625 0.12890625 0.04296875
0 0.73046875 0.1953125 0.12890625 0.04296875
0 0.6015625 0.2421875 0.12890625 0.04296875
0 0.52734375 0.2734375 0.12890625 0.04296875
