0 0.7890625 0.0 0.12890625 0.04296875
0 0.22265625 0.02734375 0.12890625 0.04296875
0 0.3984375 0.046875 0.12890625 0.04296875
0 0.79296875 0.06640625 0.12890625 0.04296875
0 0.26171875 0.09375 0.12890625 0.04296875
0 0.4140625 0.109375 0.12890625 0.04296875
0 0.828125 0.1328125 0.12890625 0.04296875
0 0.2734375 0.15234375 0.12890625 0.04296875
0 0.41796875 0.1875 0.12890625 0.04296875
0 0.8515625 0.19140625 0.12890625 0.04296875
0 0.2890625 0.21484375 0.12890625 0.04296875
0 0.43359375 0.265625 0.12890625 0.04296875
0 0.86328125 0.27734375 0.12890625 0.04296875
0 0.3046875 0.2890625 0.12890625 0.04296875
0 0.46484375 0.3203125 0.12890625 0.04296875
0 0.890625 0.3359375 0.12890625 0.04296875
0 0.34765625 0.36328125 0.12890625 0.04296875
0 0.49609375 0.375 0.12890625 0.04296875
0 0.90234375 0.3984375 0.12890625 0.04296875
0 0.375 0.4140625 0.12890625 0.04296875
0 0.51953125 0.44140625 0.12890625 0.04296875
0 0.93359375 0.47265625 0.12890625 0.04296875
0 0.3828125 0.4921875 0.12890625 0.04296875
0 0.54296875 0.51171875 0.12890625 0.04296875
0 0.40625 0.5546875 0.12890625 0.04296875
