0 0.93359375 0.265625 0.12890625 0.04296875
0 0.82421875 0.3125 0.12890625 0.04296875
0 0.69921875 0.33984375 0.12890625 0.04296875
0 0.5234375 0.39453125 0.12890625 0.04296875
0 0.37890625 0.4375 0.12890625 0.04296875
0 0.21875 0.48828125 0.12890625 0.04296875
0 0.92578125 0.5390625 0.12890625 0.04296875
0 0.06640625 0.546875 0.12890625 0.04296875
0 0.80859375 0.56640625 0.12890625 0.04296875
0 0.62890625 0.6328125 0.12890625 0.04296875
0 0.453125 0.6796875 0.12890625 0.04296875
0 0.37109375 0.7109375 0.12890625 0.04296875
