0 0.8984375 0.0546875 0.12890625 0.04296875
0 0.69140625 0.26171875 0.12890625 0.04296875
0 0.94921875 0.26171875 0.12890625 0.04296875
0 0.9609375 0.3359375 0.12890625 0.04296875
0 0.30859375 0.515625 0.12890625 0.04296875
0 0.33203125 0.58203125 0.12890625 0.04296875
0 0.3671875 0.6484375 0.12890625 0.04296875
0 0.41015625 0.7109375 0.12890625 0.04296875
0 0.80859375 0.859375 0.12890625 0.04296875
0 0.984375 0.88671875 0.12890625 0.04296875
0 0.98046875 0.89453125 0.12890625 0.04296875
0 0.8359375 0.94140625 0.12890625 0.04296875
0 0.46484375 0.96875 0.12890625 0.04296875
