0 0.2890625 0.70703125 0.12890625 0.04296875
0 0.6875 0.71875 0.12890625 0.04296875
0 0.1328125 0.75 0.12890625 0.04296875
0 0.28515625 0.78125 0.12890625 0.04296875
0 0.70703125 0.7890625 0.12890625 0.04296875
0 0.33203125 0.83984375 0.12890625 0.04296875
0 0.7265625 0.8515625 0.12890625 0.04296875
0 0.1953125 0.87890625 0.12890625 0.04296875
0 0.34375 0.91015625 0.12890625 0.04296875
0 0.76171875 0.91796875 0.12890625 0.04296875
0 0.203125 0.95703125 0.12890625 0.04296875
0 0.36328125 0.984375 0.12890625 0.04296875
