0 0.9375 0.06640625 0.12890625 0.04296875
0 0.9765625 0.19921875 0.12890625 0.04296875
0 0.92578125 0.234375 0.12890625 0.04296875
0 0.8515625 0.24609375 0.12890625 0.04296875
0 0.78125 0.2734375 0.12890625 0.04296875
0 0.70703125 0.2890625 0.12890625 0.04296875
0 0.63671875 0.3125 0.12890625 0.04296875
0 0.56640625 0.328125 0.12890625 0.04296875
0 0.51171875 0.35546875 0.12890625 0.04296875
0 0.42578125 0.3671875 0.12890625 0.04296875
0 0.3671875 0.38671875 0.12890625 0.04296875
0 0.296875 0.4140625 0.12890625 0.04296875
0 0.21484375 0.42578125 0.12890625 0.04296875
0 0.15234375 0.45703125 0.12890625 0.04296875
0 0.09375 0.48046875 0.12890625 0.04296875
0 0.03515625 0.51171875 0.12890625 0.04296875
