0 0.6640625 0.0859375 0.12890625 0.04296875
0 0.1328125 0.140625 0.12890625 0.04296875
0 0.67578125 0.1796875 0.12890625 0.04296875
0 0.70703125 0.23046875 0.12890625 0.04296875
0 0.96875 0.61328125 0.12890625 0.04296875
0 0.89453125 0.62109375 0.12890625 0.04296875
0 0.8359375 0.6640625 0.12890625 0.04296875
0 0.69921875 0.71875 0.12890625 0.04296875
0 0.7265625 0.8046875 0.12890625 0.04296875
0 0.73828125 0.8984375 0.12890625 0.04296875
0 0.96875 0.94921875 0.12890625 0.04296875
0 0.89453125 0.96875 0.12890625 0.04296875
