0 0.65234375 0.40234375 0.12890625 0.04296875
0 0.66015625 0.46484375 0.12890625 0.04296875
0 0.8671875 0.4765625 0.12890625 0.04296875
0 0.7421875 0.52734375 0.12890625 0.04296875
0 0.99609375 0.55078125 0.12890625 0.04296875
0 0.9453125 0.59375 0.12890625 0.04296875
0 0.87890625 0.6015625 0.12890625 0.04296875
0 0.81640625 0.6171875 0.12890625 0.04296875
0 0.75390625 0.640625 0.12890625 0.04296875
0 0.6953125 0.66015625 0.12890625 0.04296875
0 0.98046875 0.734375 0.12890625 0.04296875
0 0.92578125 0.75390625 0.12890625 0.04296875
0 0.859375 0.765625 0.12890625 0.04296875
0 0.8125 0.78515625 0.12890625 0.04296875
0 0.7421875 0.8125 0.12890625 0.04296875
