0 0.53125 0.01171875 0.12890625 0.04296875
0 0.16015625 0.1328125 0.12890625 0.04296875
0 0.01953125 0.1796875 0.12890625 0.04296875
0 0.765625 0.20703125 0.12890625 0.04296875
0 0.14453125 0.27734375 0.12890625 0.04296875
0 0.875 0.31640625 0.12890625 0.04296875
0 0.47265625 0.3359375 0.12890625 0.04296875
0 0.49609375 0.41796875 0.12890625 0.04296875
0 0.1484375 0.42578125 0.12890625 0.04296875
0 0.03515625 0.4296875 0.12890625 0.04296875
0 0.37890625 0.46875 0.12890625 0.04296875
0 0.52734375 0.4765625 0.12890625 0.04296875
0 0.1484375 0.5078125 0.12890625 0.04296875
0 0.15234375 0.5078125 0.12890625 0.04296875
0 0.15234375 0.51171875 0.12890625 0.04296875
0 0.30859375 0.55078125 0.12890625 0.04296875
0 0.5390625 0.5546875 0.12890625 0.04296875
0 0.40234375 0.59375 0.12890625 0.04296875
0 0.16796875 0.61328125 0.12890625 0.04296875
0 0.546875 0.6328125 0.12890625 0.04296875
0 0.55078125 0.6328125 0.12890625 0.04296875
0 0.43359375 0.72265625 0.12890625 0.04296875
0 0.6015625 0.72265625 0.12890625 0.04296875
0 0.171875 0.7265625 0.12890625 0.04296875
0 0.47265625 0.8125 0.12890625 0.04296875
0 0.1875 0.81640625 0.12890625 0.04296875
0 0.23828125 0.875 0.12890625 0.04296875
0 0.2890625 0.89453125 0.12890625 0.04296875
0 0.50390625 0.94140625 0.12890625 0.04296875
