0 0.9296875 0.12890625 0.12890625 0.04296875
0 0.63671875 0.2109375 0.12890625 0.04296875
0 0.5 0.25390625 0.12890625 0.04296875
0 0.3125 0.3125 0.12890625 0.04296875
0 0.19921875 0.35546875 0.12890625 0.04296875
0 0.90234375 0.38671875 0.12890625 0.04296875
0 0.01953125 0.4140625 0.12890625 0.04296875
0 0.74609375 0.44140625 0.12890625 0.04296875
0 0.75 0.44140625 0.12890625 0.04296875
0 0.6171875 0.47265625 0.12890625 0.04296875
0 0.625 0.4765625 0.12890625 0.04296875
0 0.0078125 0.65625 0.12890625 0.04296875
0 0.22265625 0.859375 0.12890625 0.04296875
0 0.25 0.9296875 0.12890625 0.04296875
