0 0.87109375 0.33203125 0.12890625 0.04296875
0 0.73828125 0.37890625 0.12890625 0.04296875
0 0.6015625 0.421875 0.12890625 0.04296875
0 0.53125 0.4609375 0.12890625 0.04296875
0 0.07421875 0.6015625 0.12890625 0.04296875
0 0.95703125 0.63671875 0.12890625 0.04296875
0 0.89453125 0.671875 0.12890625 0.04296875
0 0.828125 0.68359375 0.12890625 0.04296875
0 0.68359375 0.71875 0.12890625 0.04296875
0 0.55078125 0.75 0.12890625 0.04296875
0 0.625 0.75 0.12890625 0.04296875
0 0.1171875 0.75390625 0.12890625 0.04296875
0 0.484375 0.765625 0.12890625 0.04296875
0 0.02734375 0.76953125 0.12890625 0.04296875
0 0.9375 0.80078125 0.12890625 0.04296875
0 0.40625 0.8046875 0.12890625 0.04296875
0 0.8046875 0.83203125 0.12890625 0.04296875
0 0.87109375 0.8359375 0.12890625 0.04296875
0 0.734375 0.86328125 0.12890625 0.04296875
0 0.671875 0.88671875 0.12890625 0.04296875
0 0.15625 0.890625 0.12890625 0.04296875
0 0.6015625 0.8984375 0.12890625 0.04296875
0 0.5390625 0.92578125 0.12890625 0.04296875
0 0.45703125 0.9609375 0.12890625 0.04296875
