0 0.23828125 0.046875 0.12890625 0.04296875
0 0.91015625 0.078125 0.12890625 0.04296875
0 0.2578125 0.1171875 0.12890625 0.04296875
0 0.8125 0.23046875 0.12890625 0.04296875
0 0.1484375 0.234375 0.12890625 0.04296875
0 0.55859375 0.30078125 0.12890625 0.04296875
0 0.78125 0.4296875 0.12890625 0.04296875
0 0.65234375 0.46484375 0.12890625 0.04296875
0 0.5078125 0.50390625 0.12890625 0.04296875
0 0.35546875 0.5546875 0.12890625 0.04296875
0 0.1875 0.60546875 0.12890625 0.04296875
0 0.0234375 0.65625 0.12890625 0.04296875
