0 0.4140625 0.0234375 0.12890625 0.04296875
0 0.96875 0.02734375 0.12890625 0.04296875
0 0.55859375 0.03125 0.12890625 0.04296875
0 0.9921875 0.08984375 0.12890625 0.04296875
0 0.4375 0.09375 0.12890625 0.04296875
0 0.60546875 0.10546875 0.12890625 0.04296875
0 0.4609375 0.171875 0.12890625 0.04296875
0 0.17578125 0.18359375 0.12890625 0.04296875
0 0.61328125 0.19140625 0.12890625 0.04296875
0 0.484375 0.24609375 0.12890625 0.04296875
0 0.63671875 0.265625 0.12890625 0.04296875
0 0.66015625 0.34375 0.12890625 0.04296875
0 0.6796875 0.4140625 0.12890625 0.04296875
0 0.27734375 0.4765625 0.12890625 0.04296875
0 0.69921875 0.5 0.12890625 0.04296875
0 0.73828125 0.5859375 0.12890625 0.04296875
0 0.765625 0.671875 0.12890625 0.04296875
0 0.78125 0.73828125 0.12890625 0.04296875
0 0.41015625 0.8671875 0.12890625 0.04296875
0 0.80078125 0.88671875 0.12890625 0.04296875
0 0.42578125 0.94921875 0.12890625 0.04296875
