0 0.73828125 0.03515625 0.12890625 0.04296875
0 0.375 0.04296875 0.12890625 0.04296875
0 0.234375 0.05859375 0.12890625 0.04296875
0 0.171875 0.109375 0.12890625 0.04296875
0 0.48828125 0.13671875 0.12890625 0.04296875
0 0.41015625 0.16796875 0.12890625 0.04296875
0 0.33984375 0.1796875 0.12890625 0.04296875
0 0.765625 0.31640625 0.12890625 0.04296875
0 0.0546875 0.35546875 0.12890625 0.04296875
0 0.13671875 0.42578125 0.12890625 0.04296875
0 0.19921875 0.46484375 0.12890625 0.04296875
0 0.2421875 0.5390625 0.12890625 0.04296875
