0 0.7890625 0.0423728813559322 0.12890625 0.046610169491525424
0 0.2734375 0.2584745762711864 0.12890625 0.046610169491525424
0 0.28125 0.326271186440678 0.12890625 0.046610169491525424
0 0.30078125 0.4025423728813559 0.12890625 0.046610169491525424
0 0.34375 0.4915254237288136 0.12890625 0.046610169491525424
0 0.36328125 0.5635593220338984 0.12890625 0.046610169491525424
0 0.39453125 0.6313559322033898 0.12890625 0.046610169491525424
0 0.0 0.6949152542372882 0.12890625 0.046610169491525424
0 0.0546875 0.7627118644067796 0.12890625 0.046610169491525424
0 0.07421875 0.8347457627118644 0.12890625 0.046610169491525424
0 0.10546875 0.9152542372881356 0.12890625 0.046610169491525424
0 0.125 1.0084745762711864 0.12890625 0.046610169491525424
