0 0.7265625 0.2578125 0.12890625 0.04296875
0 0.8125 0.2734375 0.12890625 0.04296875
0 0.64453125 0.27734375 0.12890625 0.04296875
0 0.57421875 0.30859375 0.12890625 0.04296875
0 0.5078125 0.33203125 0.12890625 0.04296875
0 0.765625 0.40625 0.12890625 0.04296875
0 0.6953125 0.41796875 0.12890625 0.04296875
0 0.62109375 0.42578125 0.12890625 0.04296875
0 0.55078125 0.46484375 0.12890625 0.04296875
0 0.8046875 0.7265625 0.12890625 0.04296875
0 0.74609375 0.76953125 0.12890625 0.04296875
0 0.0859375 0.8125 0.12890625 0.04296875
0 0.296875 0.8515625 0.12890625 0.04296875
0 0.13671875 0.94140625 0.12890625 0.04296875
