0 0.21875 0.0 0.12890625 0.04296875
0 0.26171875 0.0546875 0.12890625 0.04296875
0 0.27734375 0.12109375 0.12890625 0.04296875
0 0.30859375 0.1875 0.12890625 0.04296875
0 0.3125 0.1875 0.12890625 0.04296875
0 0.62890625 0.2109375 0.12890625 0.04296875
0 0.37109375 0.23046875 0.12890625 0.04296875
0 0.3828125 0.3125 0.12890625 0.04296875
0 0.65234375 0.33203125 0.12890625 0.04296875
0 0.40234375 0.37890625 0.12890625 0.04296875
0 0.0546875 0.3984375 0.12890625 0.04296875
0 0.453125 0.43359375 0.12890625 0.04296875
0 0.1328125 0.46484375 0.12890625 0.04296875
0 0.75390625 0.55078125 0.12890625 0.04296875
0 0.265625 0.609375 0.12890625 0.04296875
0 0.7734375 0.6328125 0.12890625 0.04296875
0 0.2890625 0.69140625 0.12890625 0.04296875
0 0.14453125 0.69921875 0.12890625 0.04296875
0 0.30859375 0.7578125 0.12890625 0.04296875
0 0.828125 0.7578125 0.12890625 0.04296875
0 0.33203125 0.828125 0.12890625 0.04296875
0 0.8515625 0.8515625 0.12890625 0.04296875
0 0.38671875 0.89453125 0.12890625 0.04296875
0 0.875 0.9375 0.12890625 0.04296875
0 0.40234375 0.98046875 0.12890625 0.04296875
