0 0.2890625 0.19921875 0.12890625 0.04296875
0 0.44140625 0.2265625 0.12890625 0.04296875
0 0.3203125 0.33984375 0.12890625 0.04296875
0 0.4921875 0.37109375 0.12890625 0.04296875
0 0.3515625 0.46875 0.12890625 0.04296875
0 0.55078125 0.55078125 0.12890625 0.04296875
0 0.40625 0.61328125 0.12890625 0.04296875
0 0.59765625 0.703125 0.12890625 0.04296875
0 0.44921875 0.765625 0.12890625 0.04296875
0 0.453125 0.765625 0.12890625 0.04296875
0 0.45703125 0.765625 0.12890625 0.04296875
0 0.62890625 0.82421875 0.12890625 0.04296875
0 0.6328125 0.82421875 0.12890625 0.04296875
0 0.5078125 0.94140625 0.12890625 0.04296875
0 0.51171875 0.94140625 0.12890625 0.04296875
0 0.66796875 0.984375 0.12890625 0.04296875
