0 0.23046875 0.07421875 0.12890625 0.04296875
0 0.26171875 0.13671875 0.12890625 0.04296875
0 0.27734375 0.2109375 0.12890625 0.04296875
0 0.28125 0.3125 0.12890625 0.04296875
0 0.08203125 0.32421875 0.12890625 0.04296875
0 0.0078125 0.33984375 0.12890625 0.04296875
0 0.30078125 0.38671875 0.12890625 0.04296875
0 0.11328125 0.4609375 0.12890625 0.04296875
0 0.890625 0.46875 0.12890625 0.04296875
0 0.3125 0.4765625 0.12890625 0.04296875
0 0.0546875 0.48828125 0.12890625 0.04296875
0 0.34765625 0.546875 0.12890625 0.04296875
0 0.37890625 0.62109375 0.12890625 0.04296875
0 0.421875 0.83203125 0.12890625 0.04296875
0 0.34375 0.84765625 0.12890625 0.04296875
0 0.2578125 0.85546875 0.12890625 0.04296875
0 0.18359375 0.875 0.12890625 0.04296875
0 0.12109375 0.921875 0.12890625 0.04296875
0 0.0078125 0.93359375 0.12890625 0.04296875
