0 0.90625 0.015625 0.12890625 0.04296875
0 0.83984375 0.04296875 0.12890625 0.04296875
0 0.76953125 0.0546875 0.12890625 0.04296875
0 0.703125 0.07421875 0.12890625 0.04296875
0 0.5703125 0.08203125 0.12890625 0.04296875
0 0.64453125 0.31640625 0.12890625 0.04296875
0 0.9453125 0.34765625 0.12890625 0.04296875
0 0.86328125 0.37890625 0.12890625 0.04296875
0 0.78515625 0.39453125 0.12890625 0.04296875
0 0.7109375 0.4296875 0.12890625 0.04296875
0 0.64453125 0.46484375 0.12890625 0.04296875
0 0.98046875 0.48828125 0.12890625 0.04296875
0 0.9140625 0.51171875 0.12890625 0.04296875
0 0.84375 0.53125 0.12890625 0.04296875
0 0.765625 0.5546875 0.12890625 0.04296875
0 0.44921875 0.5703125 0.12890625 0.04296875
0 0.703125 0.5859375 0.12890625 0.04296875
0 0.6328125 0.61328125 0.12890625 0.04296875
0 0.33984375 0.71875 0.12890625 0.04296875
0 0.32421875 0.80859375 0.12890625 0.04296875
0 0.34375 0.88671875 0.12890625 0.04296875
0 0.390625 0.95703125 0.12890625 0.04296875
0 0.9375 0.96484375 0.12890625 0.04296875
