0 0.578125 0.00390625 0.12890625 0.04296875
0 0.50390625 0.01171875 0.12890625 0.04296875
0 0.359375 0.02734375 0.12890625 0.04296875
0 0.43359375 0.04296875 0.12890625 0.04296875
0 0.296875 0.0546875 0.12890625 0.04296875
0 0.234375 0.109375 0.12890625 0.04296875
0 0.171875 0.1171875 0.12890625 0.04296875
0 0.08984375 0.12109375 0.12890625 0.04296875
0 0.96875 0.20703125 0.12890625 0.04296875
0 0.87890625 0.21484375 0.12890625 0.04296875
0 0.8046875 0.2578125 0.12890625 0.04296875
0 0.7265625 0.26171875 0.12890625 0.04296875
0 0.66796875 0.2734375 0.12890625 0.04296875
0 0.59765625 0.29296875 0.12890625 0.04296875
0 0.52734375 0.33984375 0.12890625 0.04296875
0 0.46875 0.34765625 0.12890625 0.04296875
0 0.390625 0.3828125 0.12890625 0.04296875
0 0.32421875 0.40625 0.12890625 0.04296875
0 0.265625 0.42578125 0.12890625 0.04296875
0 0.19140625 0.4375 0.12890625 0.04296875
