0 0.8984375 0.03125 0.12890625 0.04296875
0 0.9921875 0.3125 0.12890625 0.04296875
0 0.3828125 0.46875 0.12890625 0.04296875
0 0.62109375 0.5 0.12890625 0.04296875
0 0.54296875 0.5234375 0.12890625 0.04296875
0 0.1640625 0.546875 0.12890625 0.04296875
0 0.8828125 0.90234375 0.12890625 0.04296875
0 0.375 0.9296875 0.12890625 0.04296875
0 0.29296875 0.9453125 0.12890625 0.04296875
0 0.75 0.9765625 0.12890625 0.04296875
0 0.16796875 0.98828125 0.12890625 0.04296875
0 0.66796875 0.99609375 0.12890625 0.04296875
