0 0.4609375 0.16015625 0.12890625 0.04296875
0 0.93359375 0.3203125 0.12890625 0.04296875
0 0.79296875 0.41796875 0.12890625 0.04296875
0 0.578125 0.51953125 0.12890625 0.04296875
0 0.49609375 0.55078125 0.12890625 0.04296875
0 0.30078125 0.625 0.12890625 0.04296875
0 0.84375 0.63671875 0.12890625 0.04296875
0 0.6328125 0.6484375 0.12890625 0.04296875
0 0.78515625 0.65625 0.12890625 0.04296875
0 0.48046875 0.70703125 0.12890625 0.04296875
0 0.94921875 0.9140625 0.12890625 0.04296875
0 0.81640625 0.98046875 0.12890625 0.04296875
