0 0.36328125 0.0625 0.12890625 0.04296875
0 0.15625 0.13671875 0.12890625 0.04296875
0 0.4765625 0.1484375 0.12890625 0.04296875
0 0.37890625 0.1875 0.12890625 0.04296875
0 0.3359375 0.1953125 0.12890625 0.04296875
0 0.046875 0.28125 0.12890625 0.04296875
0 0.546875 0.45703125 0.12890625 0.04296875
0 0.9765625 0.5078125 0.12890625 0.04296875
0 0.3359375 0.546875 0.12890625 0.04296875
0 0.40234375 0.55078125 0.12890625 0.04296875
0 0.26171875 0.56640625 0.12890625 0.04296875
0 0.19140625 0.5859375 0.12890625 0.04296875
0 0.109375 0.62109375 0.12890625 0.04296875
