0 0.01953125 0.4140625 0.12890625 0.04296875
0 0.55078125 0.4375 0.12890625 0.04296875
0 0.02734375 0.48828125 0.12890625 0.04296875
0 0.5390625 0.50390625 0.12890625 0.04296875
0 0.015625 0.56640625 0.12890625 0.04296875
0 0.54296875 0.56640625 0.12890625 0.04296875
0 0.53515625 0.6484375 0.12890625 0.04296875
0 0.1953125 0.703125 0.12890625 0.04296875
0 0.55859375 0.734375 0.12890625 0.04296875
0 0.54296875 0.80859375 0.12890625 0.04296875
0 0.1875 0.84765625 0.12890625 0.04296875
0 0.5390625 0.8671875 0.12890625 0.04296875
