0 0.27734375 0.06640625 0.12890625 0.04296875
0 0.37890625 0.07421875 0.12890625 0.04296875
0 0.4765625 0.109375 0.12890625 0.04296875
0 0.72265625 0.171875 0.12890625 0.04296875
0 0.79296875 0.19140625 0.12890625 0.04296875
0 0.8671875 0.19921875 0.12890625 0.04296875
0 0.21484375 0.921875 0.12890625 0.04296875
0 0.05859375 0.9296875 0.12890625 0.04296875
0 0.29296875 0.9296875 0.12890625 0.04296875
0 0.00390625 0.93359375 0.12890625 0.04296875
0 0.421875 0.93359375 0.12890625 0.04296875
0 0.140625 0.9375 0.12890625 0.04296875
0 0.359375 0.9375 0.12890625 0.04296875
0 0.5 0.9609375 0.12890625 0.04296875
