0 0.29296875 0.1111111111111111 0.12890625 0.09401709401709402
0 0.4296875 0.11965811965811966 0.12890625 0.09401709401709402
0 0.3125 0.2564102564102564 0.12890625 0.09401709401709402
0 0.43359375 0.28205128205128205 0.12890625 0.09401709401709402
0 0.4375 0.4444444444444444 0.12890625 0.09401709401709402
0 0.28125 0.5811965811965812 0.12890625 0.09401709401709402
0 0.41796875 0.6068376068376068 0.12890625 0.09401709401709402
0 0.29296875 0.7264957264957265 0.12890625 0.09401709401709402
0 0.4296875 0.7521367521367521 0.12890625 0.09401709401709402
0 0.28515625 0.8974358974358975 0.12890625 0.09401709401709402
0 0.421875 0.9230769230769231 0.12890625 0.09401709401709402
0 0.30078125 1.0427350427350428 0.12890625 0.09401709401709402
0 0.421875 1.0512820512820513 0.12890625 0.09401709401709402
0 0.30078125 1.1965811965811965 0.12890625 0.09401709401709402
0 0.4375 1.205128205128205 0.12890625 0.09401709401709402
0 0.30859375 1.3504273504273505 0.12890625 0.09401709401709402
0 0.41796875 1.376068376068376 0.12890625 0.09401709401709402
0 0.28515625 1.5128205128205128 0.12890625 0.09401709401709402
