0 0.21875 0.2222222222222222 0.12890625 0.09401709401709402
0 0.39453125 0.23931623931623933 0.12890625 0.09401709401709402
0 0.2890625 0.5128205128205128 0.12890625 0.09401709401709402
0 0.08203125 0.5213675213675214 0.12890625 0.09401709401709402
0 0.1875 0.7692307692307693 0.12890625 0.09401709401709402
0 0.4296875 1.0512820512820513 0.12890625 0.09401709401709402
0 0.4296875 1.2136752136752136 0.12890625 0.09401709401709402
0 0.3203125 1.3333333333333333 0.12890625 0.09401709401709402
0 0.4375 1.376068376068376 0.12890625 0.09401709401709402
0 0.3125 1.5299145299145298 0.12890625 0.09401709401709402
0 0.44140625 1.5299145299145298 0.12890625 0.09401709401709402
0 0.3125 1.6837606837606838 0.12890625 0.09401709401709402
0 0.42578125 1.6923076923076923 0.12890625 0.09401709401709402
0 0.3125 1.829059829059829 0.12890625 0.09401709401709402
0 0.4375 1.8376068376068375 0.12890625 0.09401709401709402
0 0.3203125 1.9914529914529915 0.12890625 0.09401709401709402
0 0.42578125 2.0 0.12890625 0.09401709401709402
0 0.3203125 2.1367521367521367 0.12890625 0.09401709401709402
0 0.4375 2.1452991452991452 0.12890625 0.09401709401709402
