0 0.14453125 0.02734375 0.12890625 0.04296875
0 0.49609375 0.02734375 0.12890625 0.04296875
0 0.140625 0.10546875 0.12890625 0.04296875
0 0.48046875 0.14453125 0.12890625 0.04296875
0 0.140625 0.171875 0.12890625 0.04296875
0 0.140625 0.25 0.12890625 0.04296875
0 0.140625 0.30859375 0.12890625 0.04296875
0 0.48046875 0.3203125 0.12890625 0.04296875
0 0.65625 0.3203125 0.12890625 0.04296875
0 0.1328125 0.38671875 0.12890625 0.04296875
0 0.15234375 0.53515625 0.12890625 0.04296875
0 0.48046875 0.60546875 0.12890625 0.04296875
0 0.12890625 0.67578125 0.12890625 0.04296875
0 0.49609375 0.73046875 0.12890625 0.04296875
0 0.65234375 0.73046875 0.12890625 0.04296875
0 0.13671875 0.7421875 0.12890625 0.04296875
0 0.484375 0.8125 0.12890625 0.04296875
0 0.1328125 0.81640625 0.12890625 0.04296875
0 0.65234375 0.82421875 0.12890625 0.04296875
0 0.12890625 0.8828125 0.12890625 0.04296875
0 0.4765625 0.88671875 0.12890625 0.04296875
0 0.51171875 0.953125 0.12890625 0.04296875
0 0.65234375 0.96484375 0.12890625 0.04296875
