0 0.171875 0.27734375 0.12890625 0.04296875
0 0.05078125 0.3203125 0.12890625 0.04296875
0 0.32421875 0.4296875 0.12890625 0.04296875
0 0.2578125 0.44921875 0.12890625 0.04296875
0 0.203125 0.453125 0.12890625 0.04296875
0 0.04296875 0.4765625 0.12890625 0.04296875
0 0.10546875 0.4765625 0.12890625 0.04296875
0 0.20703125 0.578125 0.12890625 0.04296875
0 0.265625 0.58203125 0.12890625 0.04296875
0 0.3203125 0.58203125 0.12890625 0.04296875
0 0.0546875 0.61328125 0.12890625 0.04296875
0 0.10546875 0.61328125 0.12890625 0.04296875
0 0.15625 0.68359375 0.12890625 0.04296875
0 0.21484375 0.703125 0.12890625 0.04296875
0 0.27734375 0.7109375 0.12890625 0.04296875
0 0.33203125 0.7109375 0.12890625 0.04296875
0 0.2734375 0.71484375 0.12890625 0.04296875
0 0.33203125 0.71484375 0.12890625 0.04296875
0 0.0078125 0.734375 0.12890625 0.04296875
0 0.1796875 0.80859375 0.12890625 0.04296875
0 0.01953125 0.8671875 0.12890625 0.04296875
0 0.078125 0.8984375 0.12890625 0.04296875
0 0.125 0.921875 0.12890625 0.04296875
0 0.21875 0.96875 0.12890625 0.04296875
0 0.2734375 0.9765625 0.12890625 0.04296875
