0 0.7421875 0.0 0.12890625 0.04296875
0 0.671875 0.00390625 0.12890625 0.04296875
0 0.61328125 0.01953125 0.12890625 0.04296875
0 0.8203125 0.03125 0.12890625 0.04296875
0 0.24609375 0.06640625 0.12890625 0.04296875
0 0.01171875 0.08984375 0.12890625 0.04296875
0 0.3671875 0.08984375 0.12890625 0.04296875
0 0.08203125 0.09375 0.12890625 0.04296875
0 0.7421875 0.140625 0.12890625 0.04296875
0 0.81640625 0.16015625 0.12890625 0.04296875
0 0.8828125 0.16015625 0.12890625 0.04296875
0 0.9375 0.18359375 0.12890625 0.04296875
0 0.26171875 0.19140625 0.12890625 0.04296875
0 0.30078125 0.26171875 0.12890625 0.04296875
0 0.3046875 0.26171875 0.12890625 0.04296875
0 0.1875 0.2734375 0.12890625 0.04296875
0 0.23828125 0.2734375 0.12890625 0.04296875
0 0.43359375 0.27734375 0.12890625 0.04296875
0 0.40234375 0.328125 0.12890625 0.04296875
0 0.546875 0.34375 0.12890625 0.04296875
0 0.98828125 0.37109375 0.12890625 0.04296875
0 0.296875 0.390625 0.12890625 0.04296875
0 0.4140625 0.390625 0.12890625 0.04296875
0 0.58203125 0.3984375 0.12890625 0.04296875
0 0.69140625 0.41015625 0.12890625 0.04296875
0 0.5390625 0.4609375 0.12890625 0.04296875
0 0.0546875 0.515625 0.12890625 0.04296875
0 0.53515625 0.5234375 0.12890625 0.04296875
0 0.7109375 0.53515625 0.12890625 0.04296875
0 0.39453125 0.5859375 0.12890625 0.04296875
0 0.69921875 0.59375 0.12890625 0.04296875
0 0.39453125 0.66015625 0.12890625 0.04296875
0 0.64453125 0.71484375 0.12890625 0.04296875
0 0.75 0.7265625 0.12890625 0.04296875
0 0.67578125 0.8125 0.12890625 0.04296875
0 0.81640625 0.82421875 0.12890625 0.04296875
0 0.69921875 0.8671875 0.12890625 0.04296875
0 0.5234375 0.87109375 0.12890625 0.04296875
0 0.39453125 0.875 0.12890625 0.04296875
0 0.6796875 0.9296875 0.12890625 0.04296875
0 0.515625 0.9453125 0.12890625 0.04296875
0 0.40234375 0.953125 0.12890625 0.04296875
0 0.828125 0.96875 0.12890625 0.04296875
