0 0.4765625 0.0625 0.12890625 0.04296875
0 0.453125 0.1328125 0.12890625 0.04296875
0 0.26953125 0.15234375 0.12890625 0.04296875
0 0.44140625 0.22265625 0.12890625 0.04296875
0 0.2734375 0.25390625 0.12890625 0.04296875
0 0.29296875 0.34375 0.12890625 0.04296875
0 0.296875 0.34375 0.12890625 0.04296875
0 0.453125 0.7109375 0.12890625 0.04296875
0 0.28125 0.77734375 0.12890625 0.04296875
0 0.85546875 0.83203125 0.12890625 0.04296875
0 0.85546875 0.8359375 0.12890625 0.04296875
0 0.25390625 0.89453125 0.12890625 0.04296875
0 0.4296875 0.9140625 0.12890625 0.04296875
0 0.28125 0.98828125 0.12890625 0.04296875
