0 0.8046875 0.0078125 0.12890625 0.04296875
0 0.6875 0.03125 0.12890625 0.04296875
0 0.75 0.03125 0.12890625 0.04296875
0 0.81640625 0.13671875 0.12890625 0.04296875
0 0.75 0.17578125 0.12890625 0.04296875
0 0.84765625 0.26953125 0.12890625 0.04296875
0 0.86328125 0.38671875 0.12890625 0.04296875
0 0.81640625 0.40625 0.12890625 0.04296875
0 0.76171875 0.41015625 0.12890625 0.04296875
0 0.55859375 0.41796875 0.12890625 0.04296875
0 0.49609375 0.42578125 0.12890625 0.04296875
0 0.4296875 0.4375 0.12890625 0.04296875
0 0.88671875 0.5234375 0.12890625 0.04296875
0 0.828125 0.53125 0.12890625 0.04296875
0 0.7578125 0.546875 0.12890625 0.04296875
0 0.51171875 0.5625 0.12890625 0.04296875
0 0.45703125 0.58203125 0.12890625 0.04296875
0 0.83984375 0.63671875 0.12890625 0.04296875
0 0.90625 0.65625 0.12890625 0.04296875
0 0.58984375 0.68359375 0.12890625 0.04296875
0 0.53125 0.70703125 0.12890625 0.04296875
0 0.47265625 0.72265625 0.12890625 0.04296875
0 0.94921875 0.76171875 0.12890625 0.04296875
0 0.89453125 0.78515625 0.12890625 0.04296875
0 0.578125 0.81640625 0.12890625 0.04296875
0 0.6328125 0.828125 0.12890625 0.04296875
0 0.5234375 0.84375 0.12890625 0.04296875
0 0.9375 0.91015625 0.12890625 0.04296875
0 0.88671875 0.921875 0.12890625 0.04296875
0 0.65234375 0.953125 0.12890625 0.04296875
0 0.59765625 0.97265625 0.12890625 0.04296875
0 0.5390625 0.98828125 0.12890625 0.04296875
