0 0.20703125 0.01953125 0.12890625 0.04296875
0 0.1484375 0.02734375 0.12890625 0.04296875
0 0.53125 0.03125 0.12890625 0.04296875
0 0.46875 0.046875 0.12890625 0.04296875
0 0.09375 0.0546875 0.12890625 0.04296875
0 0.0390625 0.0625 0.12890625 0.04296875
0 0.0390625 0.06640625 0.12890625 0.04296875
0 0.421875 0.07421875 0.12890625 0.04296875
0 0.35546875 0.08984375 0.12890625 0.04296875
0 0.984375 0.12109375 0.12890625 0.04296875
0 0.91796875 0.1484375 0.12890625 0.04296875
0 0.8515625 0.1640625 0.12890625 0.04296875
0 0.73828125 0.23828125 0.12890625 0.04296875
0 0.6875 0.25 0.12890625 0.04296875
0 0.6328125 0.28515625 0.12890625 0.04296875
0 0.96875 0.28515625 0.12890625 0.04296875
0 0.57421875 0.29296875 0.12890625 0.04296875
0 0.515625 0.3125 0.12890625 0.04296875
0 0.90234375 0.3203125 0.12890625 0.04296875
0 0.45703125 0.3359375 0.12890625 0.04296875
0 0.40625 0.359375 0.12890625 0.04296875
0 0.78125 0.359375 0.12890625 0.04296875
0 0.34765625 0.3671875 0.12890625 0.04296875
0 0.30078125 0.38671875 0.12890625 0.04296875
0 0.7265625 0.38671875 0.12890625 0.04296875
0 0.671875 0.390625 0.12890625 0.04296875
0 0.24609375 0.3984375 0.12890625 0.04296875
0 0.62109375 0.41796875 0.12890625 0.04296875
0 0.19140625 0.421875 0.12890625 0.04296875
0 0.1328125 0.4375 0.12890625 0.04296875
0 0.5625 0.4375 0.12890625 0.04296875
0 0.5078125 0.45703125 0.12890625 0.04296875
0 0.078125 0.4609375 0.12890625 0.04296875
0 0.45703125 0.4765625 0.12890625 0.04296875
0 0.02734375 0.48046875 0.12890625 0.04296875
0 0.83984375 0.48046875 0.12890625 0.04296875
0 0.39453125 0.49609375 0.12890625 0.04296875
0 0.78515625 0.50390625 0.12890625 0.04296875
0 0.3359375 0.51171875 0.12890625 0.04296875
0 0.734375 0.51953125 0.12890625 0.04296875
0 0.9921875 0.5234375 0.12890625 0.04296875
0 0.27734375 0.53125 0.12890625 0.04296875
0 0.6796875 0.5390625 0.12890625 0.04296875
0 0.2265625 0.55078125 0.12890625 0.04296875
0 0.640625 0.56640625 0.12890625 0.04296875
0 0.16796875 0.578125 0.12890625 0.04296875
0 0.57421875 0.578125 0.12890625 0.04296875
0 0.1015625 0.58984375 0.12890625 0.04296875
0 0.53125 0.58984375 0.12890625 0.04296875
0 0.47265625 0.6171875 0.12890625 0.04296875
0 0.421875 0.62890625 0.12890625 0.04296875
0 0.3671875 0.640625 0.12890625 0.04296875
0 0.87890625 0.64453125 0.12890625 0.04296875
0 0.32421875 0.65625 0.12890625 0.04296875
0 0.2734375 0.67578125 0.12890625 0.04296875
0 0.765625 0.67578125 0.12890625 0.04296875
0 0.828125 0.67578125 0.12890625 0.04296875
0 0.21875 0.69140625 0.12890625 0.04296875
0 0.69921875 0.703125 0.12890625 0.04296875
0 0.1796875 0.72265625 0.12890625 0.04296875
0 0.63671875 0.7265625 0.12890625 0.04296875
0 0.57421875 0.75 0.12890625 0.04296875
0 0.96484375 0.75390625 0.12890625 0.04296875
0 0.5 0.7734375 0.12890625 0.04296875
0 0.90625 0.7734375 0.12890625 0.04296875
0 0.4296875 0.78125 0.12890625 0.04296875
0 0.84765625 0.8125 0.12890625 0.04296875
0 0.37890625 0.828125 0.12890625 0.04296875
0 0.31640625 0.83984375 0.12890625 0.04296875
0 0.79296875 0.85546875 0.12890625 0.04296875
0 0.24609375 0.859375 0.12890625 0.04296875
0 0.7265625 0.8671875 0.12890625 0.04296875
0 0.66015625 0.8828125 0.12890625 0.04296875
0 0.55078125 0.92578125 0.12890625 0.04296875
0 0.42578125 0.96484375 0.12890625 0.04296875
0 0.36328125 0.984375 0.12890625 0.04296875
0 0.3046875 0.9921875 0.12890625 0.04296875
