0 0.17578125 0.0859375 0.12890625 0.04296875
0 0.53515625 0.09375 0.12890625 0.04296875
0 0.6796875 0.09765625 0.12890625 0.04296875
0 0.16796875 0.16015625 0.12890625 0.04296875
0 0.671875 0.16796875 0.12890625 0.04296875
0 0.515625 0.171875 0.12890625 0.04296875
0 0.171875 0.21875 0.12890625 0.04296875
0 0.51953125 0.234375 0.12890625 0.04296875
0 0.171875 0.30078125 0.12890625 0.04296875
0 0.52734375 0.30078125 0.12890625 0.04296875
0 0.1484375 0.37109375 0.12890625 0.04296875
0 0.5234375 0.375 0.12890625 0.04296875
0 0.6796875 0.37890625 0.12890625 0.04296875
0 0.14453125 0.43359375 0.12890625 0.04296875
0 0.51953125 0.51953125 0.12890625 0.04296875
0 0.15625 0.5859375 0.12890625 0.04296875
0 0.140625 0.6640625 0.12890625 0.04296875
0 0.1328125 0.73046875 0.12890625 0.04296875
0 0.6484375 0.75 0.12890625 0.04296875
0 0.14453125 0.7890625 0.12890625 0.04296875
