0 0.63671875 0.1875 0.12890625 0.04296875
0 0.359375 0.203125 0.12890625 0.04296875
0 0.07421875 0.20703125 0.12890625 0.04296875
0 0.2890625 0.20703125 0.12890625 0.04296875
0 0.4921875 0.20703125 0.12890625 0.04296875
0 0.20703125 0.21875 0.12890625 0.04296875
0 0.43359375 0.34375 0.12890625 0.04296875
0 0.578125 0.34375 0.12890625 0.04296875
0 0.53125 0.71875 0.12890625 0.04296875
0 0.38671875 0.7421875 0.12890625 0.04296875
0 0.625 0.84765625 0.12890625 0.04296875
0 0.3828125 0.875 0.12890625 0.04296875
0 0.53515625 0.87890625 0.12890625 0.04296875
0 0.46875 0.890625 0.12890625 0.04296875
0 0.25390625 0.8984375 0.12890625 0.04296875
