0 0.1640625 0.06097560975609756 0.12890625 0.044715447154471545
0 0.515625 0.07723577235772358 0.12890625 0.044715447154471545
0 0.171875 0.13821138211382114 0.12890625 0.044715447154471545
0 0.52734375 0.15040650406504066 0.12890625 0.044715447154471545
0 0.68359375 0.15853658536585366 0.12890625 0.044715447154471545
0 0.68359375 0.16260162601626016 0.12890625 0.044715447154471545
0 0.17578125 0.21951219512195122 0.12890625 0.044715447154471545
0 0.53125 0.21951219512195122 0.12890625 0.044715447154471545
0 0.171875 0.2926829268292683 0.12890625 0.044715447154471545
0 0.1640625 0.2967479674796748 0.12890625 0.044715447154471545
0 0.5 0.3048780487804878 0.12890625 0.044715447154471545
0 0.64453125 0.3089430894308943 0.12890625 0.044715447154471545
0 0.17578125 0.36585365853658536 0.12890625 0.044715447154471545
0 0.171875 0.43902439024390244 0.12890625 0.044715447154471545
0 0.5078125 0.45121951219512196 0.12890625 0.044715447154471545
0 0.6640625 0.45121951219512196 0.12890625 0.044715447154471545
0 0.16015625 0.516260162601626 0.12890625 0.044715447154471545
0 0.51171875 0.524390243902439 0.12890625 0.044715447154471545
0 0.16015625 0.5894308943089431 0.12890625 0.044715447154471545
0 0.65234375 0.5934959349593496 0.12890625 0.044715447154471545
0 0.5078125 0.5975609756097561 0.12890625 0.044715447154471545
0 0.65234375 0.5975609756097561 0.12890625 0.044715447154471545
0 0.1640625 0.6585365853658537 0.12890625 0.044715447154471545
0 0.5234375 0.6626016260162602 0.12890625 0.044715447154471545
0 0.66015625 0.6747967479674797 0.12890625 0.044715447154471545
0 0.15625 0.7398373983739838 0.12890625 0.044715447154471545
0 0.65625 0.7479674796747967 0.12890625 0.044715447154471545
0 0.16015625 0.7967479674796748 0.12890625 0.044715447154471545
0 0.51171875 0.8130081300813008 0.12890625 0.044715447154471545
0 0.17578125 0.8780487804878049 0.12890625 0.044715447154471545
0 0.6640625 0.8943089430894309 0.12890625 0.044715447154471545
0 0.65625 0.975609756097561 0.12890625 0.044715447154471545
0 0.1484375 1.0040650406504066 0.12890625 0.044715447154471545
0 0.5078125 1.032520325203252 0.12890625 0.044715447154471545
0 0.5078125 1.0365853658536586 0.12890625 0.044715447154471545
