0 0.19921875 0.24390243902439024 0.12890625 0.044715447154471545
0 0.2109375 0.3170731707317073 0.12890625 0.044715447154471545
0 0.20703125 0.3902439024390244 0.12890625 0.044715447154471545
0 0.19921875 0.45528455284552843 0.12890625 0.044715447154471545
0 0.58203125 0.5203252032520326 0.12890625 0.044715447154471545
0 0.625 0.6097560975609756 0.12890625 0.044715447154471545
0 0.54296875 0.7479674796747967 0.12890625 0.044715447154471545
0 0.19921875 0.7520325203252033 0.12890625 0.044715447154471545
0 0.6640625 0.7560975609756098 0.12890625 0.044715447154471545
0 0.671875 0.8211382113821138 0.12890625 0.044715447154471545
0 0.65625 0.8902439024390244 0.12890625 0.044715447154471545
0 0.19921875 0.9512195121951219 0.12890625 0.044715447154471545
0 0.69140625 0.967479674796748 0.12890625 0.044715447154471545
0 0.18359375 1.0284552845528456 0.12890625 0.044715447154471545
