0 0.88671875 0.16015625 0.12890625 0.04296875
0 0.46484375 0.36328125 0.12890625 0.04296875
0 0.87109375 0.39453125 0.12890625 0.04296875
0 0.87890625 0.47265625 0.12890625 0.04296875
0 0.46875 0.609375 0.12890625 0.04296875
0 0.87890625 0.62109375 0.12890625 0.04296875
0 0.87890625 0.70703125 0.12890625 0.04296875
0 0.33203125 0.765625 0.12890625 0.04296875
0 0.4765625 0.85546875 0.12890625 0.04296875
0 0.34375 0.859375 0.12890625 0.04296875
0 0.33203125 0.9296875 0.12890625 0.04296875
0 0.4921875 0.9375 0.12890625 0.04296875
