0 0.30859375 0.25 0.12890625 0.04296875
0 0.3125 0.25 0.12890625 0.04296875
0 0.484375 0.25 0.12890625 0.04296875
0 0.3203125 0.39453125 0.12890625 0.04296875
0 0.48046875 0.40234375 0.12890625 0.04296875
0 0.3125 0.46875 0.12890625 0.04296875
0 0.3125 0.609375 0.12890625 0.04296875
0 0.484375 0.61328125 0.12890625 0.04296875
0 0.46875 0.7578125 0.12890625 0.04296875
0 0.31640625 0.828125 0.12890625 0.04296875
0 0.47265625 0.90625 0.12890625 0.04296875
0 0.46484375 0.9609375 0.12890625 0.04296875
0 0.29296875 0.9765625 0.12890625 0.04296875
