0 0.30078125 0.2890625 0.12890625 0.04296875
0 0.375 0.296875 0.12890625 0.04296875
0 0.515625 0.3125 0.12890625 0.04296875
0 0.4453125 0.3203125 0.12890625 0.04296875
0 0.3046875 0.4296875 0.12890625 0.04296875
0 0.3671875 0.44140625 0.12890625 0.04296875
0 0.65234375 0.453125 0.12890625 0.04296875
0 0.44140625 0.4609375 0.12890625 0.04296875
0 0.5859375 0.46484375 0.12890625 0.04296875
0 0.65234375 0.76953125 0.12890625 0.04296875
0 0.8671875 0.77734375 0.12890625 0.04296875
0 0.65625 0.90234375 0.12890625 0.04296875
0 0.80078125 0.90234375 0.12890625 0.04296875
0 0.72265625 0.921875 0.12890625 0.04296875
