0 0.91796875 0.03125 0.12890625 0.04296875
0 0.5625 0.0859375 0.12890625 0.04296875
0 0.5625 0.2578125 0.12890625 0.04296875
0 0.90625 0.29296875 0.12890625 0.04296875
0 0.046875 0.3046875 0.12890625 0.04296875
0 0.5625 0.34375 0.12890625 0.04296875
0 0.57421875 0.484375 0.12890625 0.04296875
0 0.5625 0.56640625 0.12890625 0.04296875
0 0.88671875 0.7109375 0.12890625 0.04296875
0 0.5703125 0.73828125 0.12890625 0.04296875
0 0.55078125 0.83203125 0.12890625 0.04296875
0 0.55078125 0.8359375 0.12890625 0.04296875
