0 0.8671875 0.06640625 0.0390625 0.0390625
0 0.87109375 0.06640625 0.0390625 0.0390625
0 0.8671875 0.0703125 0.0390625 0.0390625
0 0.87109375 0.0703125 0.0390625 0.0390625
0 0.984375 0.55859375 0.0390625 0.0390625
0 0.83203125 0.5625 0.0390625 0.0390625
0 0.87109375 0.5625 0.0390625 0.0390625
0 0.984375 0.5625 0.0390625 0.0390625
0 0.98046875 0.58203125 0.0390625 0.0390625
0 0.8671875 0.5859375 0.0390625 0.0390625
0 0.98046875 0.5859375 0.0390625 0.0390625
0 0.875 0.6015625 0.0390625 0.0390625
0 0.984375 0.60546875 0.0390625 0.0390625
0 0.984375 0.609375 0.0390625 0.0390625
0 0.82421875 0.625 0.0390625 0.0390625
0 0.87109375 0.625 0.0390625 0.0390625
0 0.82421875 0.62890625 0.0390625 0.0390625
0 0.87109375 0.62890625 0.0390625 0.0390625
0 0.875 0.6484375 0.0390625 0.0390625
0 0.87890625 0.6484375 0.0390625 0.0390625
0 0.984375 0.6484375 0.0390625 0.0390625
0 0.9765625 0.671875 0.0390625 0.0390625
0 0.9765625 0.67578125 0.0390625 0.0390625
0 0.97265625 0.77734375 0.0390625 0.0390625
0 0.87109375 0.78125 0.0390625 0.0390625
0 0.875 0.828125 0.0390625 0.0390625
0 0.97265625 0.9140625 0.0390625 0.0390625
