0 0.68359375 0.11328125 0.0390625 0.0390625
0 0.6875 0.11328125 0.0390625 0.0390625
0 0.68359375 0.1171875 0.0390625 0.0390625
0 0.6875 0.1171875 0.0390625 0.0390625
0 0.11328125 0.125 0.0390625 0.0390625
0 0.11328125 0.12890625 0.0390625 0.0390625
0 0.11328125 0.14453125 0.0390625 0.0390625
0 0.11328125 0.1484375 0.0390625 0.0390625
0 0.1015625 0.16796875 0.0390625 0.0390625
0 0.1015625 0.171875 0.0390625 0.0390625
0 0.30859375 0.4375 0.0390625 0.0390625
0 0.3125 0.4375 0.0390625 0.0390625
0 0.66796875 0.56640625 0.0390625 0.0390625
0 0.6953125 0.5703125 0.0390625 0.0390625
0 0.69921875 0.5703125 0.0390625 0.0390625
0 0.8125 0.5703125 0.0390625 0.0390625
0 0.6953125 0.57421875 0.0390625 0.0390625
0 0.69921875 0.57421875 0.0390625 0.0390625
0 0.7265625 0.58203125 0.0390625 0.0390625
0 0.18359375 0.60546875 0.0390625 0.0390625
0 0.18359375 0.609375 0.0390625 0.0390625
