0 0.5625 0.0703125 0.0390625 0.0390625
0 0.5625 0.07421875 0.0390625 0.0390625
0 0.6484375 0.07421875 0.0390625 0.0390625
0 0.75 0.07421875 0.0390625 0.0390625
0 0.94140625 0.07421875 0.0390625 0.0390625
0 0.89453125 0.078125 0.0390625 0.0390625
0 0.55078125 0.09375 0.0390625 0.0390625
0 0.55078125 0.09765625 0.0390625 0.0390625
0 0.65234375 0.09765625 0.0390625 0.0390625
0 0.75 0.09765625 0.0390625 0.0390625
0 0.8828125 0.09765625 0.0390625 0.0390625
0 0.88671875 0.09765625 0.0390625 0.0390625
0 0.9453125 0.1015625 0.0390625 0.0390625
0 0.94921875 0.1015625 0.0390625 0.0390625
0 0.55078125 0.1171875 0.0390625 0.0390625
0 0.6640625 0.12109375 0.0390625 0.0390625
0 0.75 0.12109375 0.0390625 0.0390625
0 0.890625 0.12109375 0.0390625 0.0390625
0 0.9296875 0.12109375 0.0390625 0.0390625
0 0.93359375 0.12109375 0.0390625 0.0390625
0 0.9296875 0.125 0.0390625 0.0390625
0 0.93359375 0.125 0.0390625 0.0390625
0 0.55078125 0.13671875 0.0390625 0.0390625
0 0.55078125 0.140625 0.0390625 0.0390625
0 0.9375 0.14453125 0.0390625 0.0390625
0 0.88671875 0.1484375 0.0390625 0.0390625
0 0.9375 0.1484375 0.0390625 0.0390625
0 0.65625 0.1640625 0.0390625 0.0390625
0 0.5546875 0.1796875 0.0390625 0.0390625
0 0.51171875 0.19921875 0.0390625 0.0390625
0 0.55859375 0.203125 0.0390625 0.0390625
0 0.515625 0.22265625 0.0390625 0.0390625
0 0.5078125 0.2421875 0.0390625 0.0390625
0 0.5390625 0.26171875 0.0390625 0.0390625
0 0.54296875 0.26171875 0.0390625 0.0390625
0 0.5078125 0.3046875 0.0390625 0.0390625
0 0.02734375 0.60546875 0.0390625 0.0390625
0 0.02734375 0.625 0.0390625 0.0390625
0 0.03125 0.625 0.0390625 0.0390625
0 0.02734375 0.62890625 0.0390625 0.0390625
0 0.03125 0.62890625 0.0390625 0.0390625
0 0.0234375 0.65234375 0.0390625 0.0390625
0 0.02734375 0.65234375 0.0390625 0.0390625
0 0.02734375 0.67578125 0.0390625 0.0390625
0 0.03125 0.67578125 0.0390625 0.0390625
0 0.0234375 0.78125 0.0390625 0.0390625
0 0.0234375 0.78515625 0.0390625 0.0390625
0 0.86328125 0.796875 0.0390625 0.0390625
0 0.8671875 0.796875 0.0390625 0.0390625
0 0.0234375 0.80078125 0.0390625 0.0390625
0 0.02734375 0.80078125 0.0390625 0.0390625
0 0.91015625 0.80078125 0.0390625 0.0390625
0 0.0234375 0.8046875 0.0390625 0.0390625
0 0.02734375 0.8046875 0.0390625 0.0390625
0 0.12890625 0.8046875 0.0390625 0.0390625
0 0.1328125 0.8046875 0.0390625 0.0390625
0 0.0234375 0.8515625 0.0390625 0.0390625
0 0.02734375 0.8515625 0.0390625 0.0390625
0 0.01953125 0.890625 0.0390625 0.0390625
