0 0.5859375 0.015625 0.0390625 0.0390625
0 0.71484375 0.05078125 0.0390625 0.0390625
0 0.71484375 0.0546875 0.0390625 0.0390625
0 0.02734375 0.12890625 0.0390625 0.0390625
0 0.4296875 0.234375 0.0390625 0.0390625
0 0.65625 0.24609375 0.0390625 0.0390625
0 0.33203125 0.2578125 0.0390625 0.0390625
0 0.3359375 0.2578125 0.0390625 0.0390625
0 0.2265625 0.42578125 0.0390625 0.0390625
0 0.2265625 0.4296875 0.0390625 0.0390625
0 0.45703125 0.49609375 0.0390625 0.0390625
0 0.21484375 0.796875 0.0390625 0.0390625
0 0.21875 0.796875 0.0390625 0.0390625
0 0.07421875 0.890625 0.0390625 0.0390625
