0 0.0859375 0.09765625 0.0390625 0.0390625
0 0.43359375 0.16015625 0.0390625 0.0390625
0 0.3984375 0.17578125 0.0390625 0.0390625
0 0.359375 0.20703125 0.0390625 0.0390625
0 0.359375 0.2109375 0.0390625 0.0390625
0 0.3203125 0.33203125 0.0390625 0.0390625
0 0.32421875 0.33203125 0.0390625 0.0390625
0 0.75 0.4765625 0.0390625 0.0390625
0 0.75 0.48046875 0.0390625 0.0390625
0 0.28125 0.578125 0.0390625 0.0390625
0 0.28125 0.58203125 0.0390625 0.0390625
0 0.453125 0.75 0.0390625 0.0390625
0 0.45703125 0.75 0.0390625 0.0390625
0 0.12890625 0.91796875 0.0390625 0.0390625
0 0.12890625 0.921875 0.0390625 0.0390625
