0 0.671875 0.20703125 0.0390625 0.0390625
0 0.71484375 0.27734375 0.0390625 0.0390625
0 0.16015625 0.8515625 0.0390625 0.0390625
0 0.50390625 0.8515625 0.0390625 0.0390625
0 0.5078125 0.8515625 0.0390625 0.0390625
0 0.07421875 0.85546875 0.0390625 0.0390625
0 0.09765625 0.85546875 0.0390625 0.0390625
0 0.1171875 0.85546875 0.0390625 0.0390625
0 0.12109375 0.85546875 0.0390625 0.0390625
0 0.13671875 0.85546875 0.0390625 0.0390625
0 0.140625 0.85546875 0.0390625 0.0390625
0 0.16015625 0.85546875 0.0390625 0.0390625
0 0.1796875 0.85546875 0.0390625 0.0390625
0 0.18359375 0.85546875 0.0390625 0.0390625
0 0.2265625 0.85546875 0.0390625 0.0390625
0 0.24609375 0.85546875 0.0390625 0.0390625
0 0.25 0.85546875 0.0390625 0.0390625
0 0.265625 0.85546875 0.0390625 0.0390625
0 0.26953125 0.85546875 0.0390625 0.0390625
0 0.28515625 0.85546875 0.0390625 0.0390625
0 0.30859375 0.85546875 0.0390625 0.0390625
0 0.3125 0.85546875 0.0390625 0.0390625
0 0.35546875 0.85546875 0.0390625 0.0390625
0 0.3984375 0.85546875 0.0390625 0.0390625
0 0.41796875 0.85546875 0.0390625 0.0390625
0 0.4609375 0.85546875 0.0390625 0.0390625
0 0.48046875 0.85546875 0.0390625 0.0390625
0 0.484375 0.85546875 0.0390625 0.0390625
0 0.50390625 0.85546875 0.0390625 0.0390625
0 0.5078125 0.85546875 0.0390625 0.0390625
0 0.52734375 0.85546875 0.0390625 0.0390625
0 0.2265625 0.859375 0.0390625 0.0390625
0 0.30859375 0.859375 0.0390625 0.0390625
0 0.3125 0.859375 0.0390625 0.0390625
0 0.33203125 0.859375 0.0390625 0.0390625
0 0.375 0.859375 0.0390625 0.0390625
0 0.4609375 0.859375 0.0390625 0.0390625
0 0.54296875 0.859375 0.0390625 0.0390625
0 0.546875 0.859375 0.0390625 0.0390625
0 0.58984375 0.859375 0.0390625 0.0390625
0 0.609375 0.859375 0.0390625 0.0390625
0 0.203125 0.86328125 0.0390625 0.0390625
0 0.20703125 0.86328125 0.0390625 0.0390625
0 0.54296875 0.86328125 0.0390625 0.0390625
0 0.546875 0.86328125 0.0390625 0.0390625
0 0.5703125 0.86328125 0.0390625 0.0390625
0 0.44140625 0.87109375 0.0390625 0.0390625
0 0.07421875 0.9609375 0.0390625 0.0390625
0 0.09765625 0.9609375 0.0390625 0.0390625
0 0.1171875 0.9609375 0.0390625 0.0390625
0 0.12109375 0.9609375 0.0390625 0.0390625
0 0.13671875 0.9609375 0.0390625 0.0390625
0 0.140625 0.9609375 0.0390625 0.0390625
0 0.15625 0.9609375 0.0390625 0.0390625
0 0.16015625 0.9609375 0.0390625 0.0390625
0 0.1796875 0.9609375 0.0390625 0.0390625
0 0.4140625 0.9609375 0.0390625 0.0390625
0 0.1171875 0.96484375 0.0390625 0.0390625
0 0.12109375 0.96484375 0.0390625 0.0390625
0 0.13671875 0.96484375 0.0390625 0.0390625
0 0.140625 0.96484375 0.0390625 0.0390625
0 0.15625 0.96484375 0.0390625 0.0390625
0 0.16015625 0.96484375 0.0390625 0.0390625
0 0.1796875 0.96484375 0.0390625 0.0390625
0 0.203125 0.96484375 0.0390625 0.0390625
0 0.24609375 0.96484375 0.0390625 0.0390625
0 0.265625 0.96484375 0.0390625 0.0390625
0 0.26953125 0.96484375 0.0390625 0.0390625
0 0.2890625 0.96484375 0.0390625 0.0390625
0 0.33203125 0.96484375 0.0390625 0.0390625
0 0.4140625 0.96484375 0.0390625 0.0390625
0 0.54296875 0.96484375 0.0390625 0.0390625
0 0.546875 0.96484375 0.0390625 0.0390625
0 0.56640625 0.96484375 0.0390625 0.0390625
0 0.5859375 0.96484375 0.0390625 0.0390625
0 0.60546875 0.96484375 0.0390625 0.0390625
0 0.609375 0.96484375 0.0390625 0.0390625
0 0.2265625 0.96875 0.0390625 0.0390625
0 0.2890625 0.96875 0.0390625 0.0390625
0 0.30859375 0.96875 0.0390625 0.0390625
0 0.43359375 0.96875 0.0390625 0.0390625
0 0.4375 0.96875 0.0390625 0.0390625
0 0.45703125 0.96875 0.0390625 0.0390625
0 0.4609375 0.96875 0.0390625 0.0390625
0 0.48046875 0.96875 0.0390625 0.0390625
0 0.484375 0.96875 0.0390625 0.0390625
0 0.56640625 0.96875 0.0390625 0.0390625
0 0.5859375 0.96875 0.0390625 0.0390625
0 0.51953125 0.97265625 0.0390625 0.0390625
0 0.6328125 0.97265625 0.0390625 0.0390625
