0 0.578125 0.1640625 0.0390625 0.0390625
0 0.578125 0.16796875 0.0390625 0.0390625
0 0.68359375 0.2890625 0.0390625 0.0390625
0 0.68359375 0.29296875 0.0390625 0.0390625
0 0.58203125 0.34765625 0.0390625 0.0390625
0 0.5859375 0.34765625 0.0390625 0.0390625
0 0.546875 0.3515625 0.0390625 0.0390625
0 0.55078125 0.3515625 0.0390625 0.0390625
0 0.58203125 0.3515625 0.0390625 0.0390625
0 0.5859375 0.3515625 0.0390625 0.0390625
0 0.515625 0.36328125 0.0390625 0.0390625
0 0.51953125 0.36328125 0.0390625 0.0390625
