0 0.8046875 0.0 0.0390625 0.0390625
0 0.76953125 0.0234375 0.0390625 0.0390625
0 0.1796875 0.47265625 0.0390625 0.0390625
0 0.18359375 0.47265625 0.0390625 0.0390625
0 0.7578125 0.640625 0.0390625 0.0390625
0 0.76171875 0.640625 0.0390625 0.0390625
0 0.7578125 0.64453125 0.0390625 0.0390625
0 0.76171875 0.64453125 0.0390625 0.0390625
0 0.734375 0.65234375 0.0390625 0.0390625
0 0.73828125 0.65234375 0.0390625 0.0390625
0 0.9296875 0.7265625 0.0390625 0.0390625
0 0.6875 0.7578125 0.0390625 0.0390625
0 0.6875 0.76171875 0.0390625 0.0390625
