0 0.90625 0.06640625 0.0390625 0.0390625
0 0.91015625 0.06640625 0.0390625 0.0390625
0 0.34375 0.296875 0.0390625 0.0390625
0 0.34765625 0.296875 0.0390625 0.0390625
0 0.1171875 0.30078125 0.0390625 0.0390625
0 0.34375 0.30078125 0.0390625 0.0390625
0 0.34765625 0.30078125 0.0390625 0.0390625
0 0.55078125 0.3046875 0.0390625 0.0390625
0 0.5234375 0.30859375 0.0390625 0.0390625
0 0.61328125 0.5390625 0.0390625 0.0390625
0 0.640625 0.54296875 0.0390625 0.0390625
0 0.94921875 0.8203125 0.0390625 0.0390625
0 0.94921875 0.82421875 0.0390625 0.0390625
