0 0.35546875 0.32421875 0.0390625 0.0390625
0 0.01953125 0.39453125 0.0390625 0.0390625
0 0.3359375 0.3984375 0.0390625 0.0390625
0 0.3359375 0.40234375 0.0390625 0.0390625
0 0.31640625 0.4296875 0.0390625 0.0390625
0 0.3203125 0.4296875 0.0390625 0.0390625
0 0.31640625 0.43359375 0.0390625 0.0390625
0 0.3203125 0.43359375 0.0390625 0.0390625
0 0.3828125 0.43359375 0.0390625 0.0390625
0 0.66015625 0.50390625 0.0390625 0.0390625
0 0.6640625 0.50390625 0.0390625 0.0390625
0 0.66015625 0.5078125 0.0390625 0.0390625
0 0.6640625 0.5078125 0.0390625 0.0390625
0 0.88671875 0.51953125 0.0390625 0.0390625
0 0.890625 0.51953125 0.0390625 0.0390625
0 0.62109375 0.5390625 0.0390625 0.0390625
0 0.86328125 0.6171875 0.0390625 0.0390625
