0 0.7265625 0.1484375 0.0390625 0.0390625
0 0.0703125 0.2109375 0.0390625 0.0390625
0 0.07421875 0.2109375 0.0390625 0.0390625
0 0.07421875 0.2421875 0.0390625 0.0390625
0 0.83203125 0.27734375 0.0390625 0.0390625
0 0.83203125 0.28125 0.0390625 0.0390625
0 0.890625 0.3359375 0.0390625 0.0390625
0 0.80859375 0.43359375 0.0390625 0.0390625
0 0.8125 0.43359375 0.0390625 0.0390625
0 0.94140625 0.6015625 0.0390625 0.0390625
0 0.9453125 0.6015625 0.0390625 0.0390625
0 0.4296875 0.78125 0.0390625 0.0390625
0 0.4296875 0.78515625 0.0390625 0.0390625
0 0.68359375 0.91015625 0.0390625 0.0390625
