0 0.0078125 0.0390625 0.0390625 0.0390625
0 0.01171875 0.0390625 0.0390625 0.0390625
0 0.02734375 0.05859375 0.0390625 0.0390625
0 0.03125 0.05859375 0.0390625 0.0390625
0 0.25390625 0.23828125 0.0390625 0.0390625
0 0.2578125 0.23828125 0.0390625 0.0390625
0 0.7265625 0.32421875 0.0390625 0.0390625
0 0.125 0.4296875 0.0390625 0.0390625
0 0.12890625 0.4296875 0.0390625 0.0390625
0 0.1171875 0.4453125 0.0390625 0.0390625
0 0.984375 0.5078125 0.0390625 0.0390625
0 0.984375 0.51171875 0.0390625 0.0390625
0 0.33203125 0.51953125 0.0390625 0.0390625
0 0.33203125 0.5234375 0.0390625 0.0390625
0 0.3515625 0.5234375 0.0390625 0.0390625
0 0.8046875 0.8515625 0.0390625 0.0390625
0 0.80859375 0.8515625 0.0390625 0.0390625
0 0.8046875 0.85546875 0.0390625 0.0390625
0 0.80859375 0.85546875 0.0390625 0.0390625
0 0.7109375 0.86328125 0.0390625 0.0390625
0 0.7109375 0.8671875 0.0390625 0.0390625
0 0.88671875 0.875 0.0390625 0.0390625
0 0.890625 0.875 0.0390625 0.0390625
0 0.9375 0.89453125 0.0390625 0.0390625
0 0.94140625 0.89453125 0.0390625 0.0390625
0 0.984375 0.92578125 0.0390625 0.0390625
0 0.515625 0.98828125 0.0390625 0.0390625
0 0.515625 0.9921875 0.0390625 0.0390625
