0 0.08984375 0.046875 0.0390625 0.0390625
0 0.09375 0.046875 0.0390625 0.0390625
0 0.43359375 0.07421875 0.0390625 0.0390625
0 0.57421875 0.1171875 0.0390625 0.0390625
0 0.578125 0.1171875 0.0390625 0.0390625
0 0.4765625 0.140625 0.0390625 0.0390625
0 0.5703125 0.15625 0.0390625 0.0390625
0 0.5703125 0.16015625 0.0390625 0.0390625
0 0.4140625 0.203125 0.0390625 0.0390625
0 0.578125 0.2109375 0.0390625 0.0390625
0 0.578125 0.21484375 0.0390625 0.0390625
0 0.578125 0.234375 0.0390625 0.0390625
0 0.578125 0.23828125 0.0390625 0.0390625
0 0.578125 0.2578125 0.0390625 0.0390625
0 0.58203125 0.2578125 0.0390625 0.0390625
0 0.9921875 0.2578125 0.0390625 0.0390625
0 0.9921875 0.26171875 0.0390625 0.0390625
0 0.578125 0.27734375 0.0390625 0.0390625
0 0.578125 0.28125 0.0390625 0.0390625
0 0.578125 0.3046875 0.0390625 0.0390625
0 0.98828125 0.3046875 0.0390625 0.0390625
0 0.9921875 0.3046875 0.0390625 0.0390625
0 0.5703125 0.3203125 0.0390625 0.0390625
0 0.57421875 0.3203125 0.0390625 0.0390625
0 0.98828125 0.32421875 0.0390625 0.0390625
0 0.9921875 0.32421875 0.0390625 0.0390625
0 0.98828125 0.328125 0.0390625 0.0390625
0 0.9921875 0.328125 0.0390625 0.0390625
0 0.5703125 0.33984375 0.0390625 0.0390625
0 0.9921875 0.3671875 0.0390625 0.0390625
0 0.57421875 0.3828125 0.0390625 0.0390625
0 0.390625 0.390625 0.0390625 0.0390625
0 0.39453125 0.390625 0.0390625 0.0390625
0 0.98828125 0.390625 0.0390625 0.0390625
0 0.21484375 0.3984375 0.0390625 0.0390625
0 0.57421875 0.42578125 0.0390625 0.0390625
0 0.5703125 0.44921875 0.0390625 0.0390625
0 0.57421875 0.44921875 0.0390625 0.0390625
0 0.57421875 0.46875 0.0390625 0.0390625
0 0.578125 0.48828125 0.0390625 0.0390625
0 0.578125 0.4921875 0.0390625 0.0390625
0 0.46875 0.49609375 0.0390625 0.0390625
0 0.5703125 0.51171875 0.0390625 0.0390625
0 0.57421875 0.51171875 0.0390625 0.0390625
0 0.5703125 0.515625 0.0390625 0.0390625
0 0.57421875 0.515625 0.0390625 0.0390625
0 0.578125 0.53515625 0.0390625 0.0390625
0 0.83984375 0.57421875 0.0390625 0.0390625
0 0.67578125 0.578125 0.0390625 0.0390625
0 0.8828125 0.578125 0.0390625 0.0390625
0 0.88671875 0.578125 0.0390625 0.0390625
0 0.68359375 0.68359375 0.0390625 0.0390625
0 0.80078125 0.68359375 0.0390625 0.0390625
0 0.8046875 0.68359375 0.0390625 0.0390625
0 0.66015625 0.6875 0.0390625 0.0390625
0 0.6640625 0.6875 0.0390625 0.0390625
0 0.70703125 0.6875 0.0390625 0.0390625
0 0.7109375 0.6875 0.0390625 0.0390625
0 0.74609375 0.6875 0.0390625 0.0390625
0 0.80078125 0.6875 0.0390625 0.0390625
0 0.8046875 0.6875 0.0390625 0.0390625
0 0.70703125 0.69140625 0.0390625 0.0390625
0 0.7109375 0.69140625 0.0390625 0.0390625
0 0.74609375 0.69140625 0.0390625 0.0390625
0 0.7734375 0.72265625 0.0390625 0.0390625
0 0.7734375 0.7265625 0.0390625 0.0390625
