0 0.92578125 0.171875 0.0390625 0.0390625
0 0.9296875 0.171875 0.0390625 0.0390625
0 0.87890625 0.1953125 0.0390625 0.0390625
0 0.87890625 0.19921875 0.0390625 0.0390625
0 0.421875 0.55859375 0.0390625 0.0390625
0 0.42578125 0.55859375 0.0390625 0.0390625
0 0.421875 0.5625 0.0390625 0.0390625
0 0.42578125 0.5625 0.0390625 0.0390625
0 0.68359375 0.75390625 0.0390625 0.0390625
0 0.421875 0.78515625 0.0390625 0.0390625
0 0.42578125 0.78515625 0.0390625 0.0390625
0 0.421875 0.7890625 0.0390625 0.0390625
0 0.42578125 0.7890625 0.0390625 0.0390625
0 0.29296875 0.80859375 0.0390625 0.0390625
0 0.29296875 0.8125 0.0390625 0.0390625
0 0.421875 0.95703125 0.0390625 0.0390625
