0 0.4140625 0.2109375 0.0390625 0.0390625
0 0.4140625 0.21484375 0.0390625 0.0390625
0 0.921875 0.23828125 0.0390625 0.0390625
0 0.31640625 0.34375 0.0390625 0.0390625
0 0.7890625 0.44921875 0.0390625 0.0390625
0 0.79296875 0.44921875 0.0390625 0.0390625
0 0.90234375 0.4609375 0.0390625 0.0390625
0 0.90234375 0.46484375 0.0390625 0.0390625
0 0.8125 0.46875 0.0390625 0.0390625
0 0.81640625 0.46875 0.0390625 0.0390625
0 0.5390625 0.4765625 0.0390625 0.0390625
0 0.54296875 0.4765625 0.0390625 0.0390625
0 0.5390625 0.48046875 0.0390625 0.0390625
0 0.54296875 0.48046875 0.0390625 0.0390625
0 0.046875 0.68359375 0.0390625 0.0390625
0 0.05078125 0.68359375 0.0390625 0.0390625
0 0.046875 0.6875 0.0390625 0.0390625
0 0.05078125 0.6875 0.0390625 0.0390625
