0 0.828125 0.27734375 0.0390625 0.0390625
0 0.22265625 0.66796875 0.0390625 0.0390625
0 0.19140625 0.671875 0.0390625 0.0390625
0 0.22265625 0.671875 0.0390625 0.0390625
0 0.3125 0.70703125 0.0390625 0.0390625
0 0.31640625 0.70703125 0.0390625 0.0390625
0 0.2265625 0.921875 0.0390625 0.0390625
0 0.23046875 0.921875 0.0390625 0.0390625
0 0.11328125 0.96875 0.0390625 0.0390625
0 0.11328125 0.97265625 0.0390625 0.0390625
0 0.15625 0.97265625 0.0390625 0.0390625
0 0.13671875 0.98046875 0.0390625 0.0390625
0 0.140625 0.98046875 0.0390625 0.0390625
0 0.34375 0.98046875 0.0390625 0.0390625
