0 0.48046875 0.25390625 0.0390625 0.0390625
0 0.6640625 0.27734375 0.0390625 0.0390625
0 0.66796875 0.27734375 0.0390625 0.0390625
0 0.5390625 0.4453125 0.0390625 0.0390625
0 0.58984375 0.5234375 0.0390625 0.0390625
0 0.59375 0.5234375 0.0390625 0.0390625
0 0.05859375 0.58203125 0.0390625 0.0390625
0 0.0625 0.58203125 0.0390625 0.0390625
0 0.5859375 0.65234375 0.0390625 0.0390625
0 0.58984375 0.65234375 0.0390625 0.0390625
0 0.02734375 0.96875 0.0390625 0.0390625
0 0.03125 0.96875 0.0390625 0.0390625
