0 0.984375 0.10546875 0.0390625 0.0390625
0 0.984375 0.109375 0.0390625 0.0390625
0 0.45703125 0.203125 0.0390625 0.0390625
0 0.45703125 0.20703125 0.0390625 0.0390625
0 0.19921875 0.3671875 0.0390625 0.0390625
0 0.203125 0.3671875 0.0390625 0.0390625
0 0.625 0.375 0.0390625 0.0390625
0 0.62890625 0.375 0.0390625 0.0390625
0 0.171875 0.39453125 0.0390625 0.0390625
0 0.64453125 0.39453125 0.0390625 0.0390625
0 0.171875 0.3984375 0.0390625 0.0390625
0 0.12890625 0.4453125 0.0390625 0.0390625
0 0.390625 0.4453125 0.0390625 0.0390625
0 0.11328125 0.4609375 0.0390625 0.0390625
0 0.1015625 0.48828125 0.0390625 0.0390625
0 0.1015625 0.4921875 0.0390625 0.0390625
0 0.46875 0.5390625 0.0390625 0.0390625
0 0.48828125 0.55078125 0.0390625 0.0390625
0 0.71875 0.671875 0.0390625 0.0390625
0 0.72265625 0.671875 0.0390625 0.0390625
0 0.0390625 0.67578125 0.0390625 0.0390625
0 0.04296875 0.67578125 0.0390625 0.0390625
0 0.71875 0.67578125 0.0390625 0.0390625
0 0.72265625 0.67578125 0.0390625 0.0390625
0 0.6328125 0.6875 0.0390625 0.0390625
0 0.828125 0.703125 0.0390625 0.0390625
0 0.828125 0.70703125 0.0390625 0.0390625
0 0.63671875 0.71484375 0.0390625 0.0390625
0 0.99609375 0.76171875 0.0390625 0.0390625
0 0.96875 0.78515625 0.0390625 0.0390625
0 0.96875 0.7890625 0.0390625 0.0390625
0 0.88671875 0.8515625 0.0390625 0.0390625
0 0.890625 0.8515625 0.0390625 0.0390625
