0 0.23046875 0.05078125 0.0390625 0.0390625
0 0.234375 0.05078125 0.0390625 0.0390625
0 0.9609375 0.1796875 0.0390625 0.0390625
0 0.7421875 0.2109375 0.0390625 0.0390625
0 0.80859375 0.2109375 0.0390625 0.0390625
0 0.8671875 0.21875 0.0390625 0.0390625
0 0.95703125 0.21875 0.0390625 0.0390625
0 0.9609375 0.21875 0.0390625 0.0390625
0 0.95703125 0.22265625 0.0390625 0.0390625
0 0.9609375 0.22265625 0.0390625 0.0390625
0 0.78125 0.2421875 0.0390625 0.0390625
0 0.78515625 0.2421875 0.0390625 0.0390625
0 0.78125 0.24609375 0.0390625 0.0390625
0 0.78515625 0.24609375 0.0390625 0.0390625
0 0.90625 0.24609375 0.0390625 0.0390625
0 0.91015625 0.24609375 0.0390625 0.0390625
0 0.9609375 0.24609375 0.0390625 0.0390625
0 0.83984375 0.25 0.0390625 0.0390625
0 0.90625 0.25 0.0390625 0.0390625
0 0.91015625 0.25 0.0390625 0.0390625
0 0.9609375 0.25 0.0390625 0.0390625
0 0.578125 0.2578125 0.0390625 0.0390625
0 0.58203125 0.2578125 0.0390625 0.0390625
0 0.00390625 0.2734375 0.0390625 0.0390625
0 0.9453125 0.2734375 0.0390625 0.0390625
0 0.29296875 0.27734375 0.0390625 0.0390625
0 0.8671875 0.27734375 0.0390625 0.0390625
0 0.9453125 0.27734375 0.0390625 0.0390625
0 0.29296875 0.28125 0.0390625 0.0390625
0 0.12109375 0.3828125 0.0390625 0.0390625
0 0.14453125 0.3828125 0.0390625 0.0390625
0 0.0078125 0.38671875 0.0390625 0.0390625
0 0.01171875 0.38671875 0.0390625 0.0390625
0 0.015625 0.38671875 0.0390625 0.0390625
0 0.03515625 0.38671875 0.0390625 0.0390625
0 0.0546875 0.38671875 0.0390625 0.0390625
0 0.078125 0.38671875 0.0390625 0.0390625
0 0.08203125 0.38671875 0.0390625 0.0390625
0 0.1015625 0.38671875 0.0390625 0.0390625
0 0.14453125 0.38671875 0.0390625 0.0390625
0 0.32421875 0.38671875 0.0390625 0.0390625
0 0.34765625 0.38671875 0.0390625 0.0390625
0 0.3671875 0.38671875 0.0390625 0.0390625
0 0.5390625 0.38671875 0.0390625 0.0390625
0 0.01171875 0.390625 0.0390625 0.0390625
0 0.015625 0.390625 0.0390625 0.0390625
0 0.28125 0.390625 0.0390625 0.0390625
0 0.30078125 0.390625 0.0390625 0.0390625
0 0.3046875 0.390625 0.0390625 0.0390625
0 0.32421875 0.390625 0.0390625 0.0390625
0 0.34765625 0.390625 0.0390625 0.0390625
0 0.41015625 0.390625 0.0390625 0.0390625
0 0.49609375 0.390625 0.0390625 0.0390625
0 0.515625 0.390625 0.0390625 0.0390625
0 0.51953125 0.390625 0.0390625 0.0390625
0 0.5625 0.390625 0.0390625 0.0390625
0 0.62109375 0.390625 0.0390625 0.0390625
0 0.625 0.390625 0.0390625 0.0390625
0 0.64453125 0.390625 0.0390625 0.0390625
0 0.6484375 0.390625 0.0390625 0.0390625
0 0.75390625 0.390625 0.0390625 0.0390625
0 0.390625 0.39453125 0.0390625 0.0390625
0 0.39453125 0.39453125 0.0390625 0.0390625
0 0.4296875 0.39453125 0.0390625 0.0390625
0 0.453125 0.39453125 0.0390625 0.0390625
0 0.4765625 0.39453125 0.0390625 0.0390625
0 0.5625 0.39453125 0.0390625 0.0390625
0 0.58203125 0.39453125 0.0390625 0.0390625
0 0.5859375 0.39453125 0.0390625 0.0390625
0 0.60546875 0.39453125 0.0390625 0.0390625
0 0.609375 0.39453125 0.0390625 0.0390625
0 0.64453125 0.39453125 0.0390625 0.0390625
0 0.6484375 0.39453125 0.0390625 0.0390625
0 0.66796875 0.39453125 0.0390625 0.0390625
0 0.69140625 0.39453125 0.0390625 0.0390625
0 0.7109375 0.39453125 0.0390625 0.0390625
0 0.78125 0.39453125 0.0390625 0.0390625
0 0.4296875 0.3984375 0.0390625 0.0390625
0 0.4765625 0.3984375 0.0390625 0.0390625
0 0.69140625 0.3984375 0.0390625 0.0390625
0 0.7109375 0.3984375 0.0390625 0.0390625
0 0.78125 0.3984375 0.0390625 0.0390625
0 0.8125 0.3984375 0.0390625 0.0390625
0 0.734375 0.40234375 0.0390625 0.0390625
0 0.03125 0.5 0.0390625 0.0390625
0 0.03515625 0.5 0.0390625 0.0390625
0 0.015625 0.50390625 0.0390625 0.0390625
0 0.03125 0.50390625 0.0390625 0.0390625
0 0.03515625 0.50390625 0.0390625 0.0390625
0 0.0546875 0.50390625 0.0390625 0.0390625
0 0.05859375 0.50390625 0.0390625 0.0390625
0 0.07421875 0.50390625 0.0390625 0.0390625
0 0.09765625 0.50390625 0.0390625 0.0390625
0 0.1171875 0.50390625 0.0390625 0.0390625
0 0.12109375 0.50390625 0.0390625 0.0390625
0 0.2734375 0.50390625 0.0390625 0.0390625
0 0.27734375 0.50390625 0.0390625 0.0390625
0 0.32421875 0.50390625 0.0390625 0.0390625
0 0.0546875 0.5078125 0.0390625 0.0390625
0 0.05859375 0.5078125 0.0390625 0.0390625
0 0.07421875 0.5078125 0.0390625 0.0390625
0 0.09765625 0.5078125 0.0390625 0.0390625
0 0.13671875 0.5078125 0.0390625 0.0390625
0 0.2734375 0.5078125 0.0390625 0.0390625
0 0.27734375 0.5078125 0.0390625 0.0390625
0 0.3046875 0.5078125 0.0390625 0.0390625
0 0.32421875 0.5078125 0.0390625 0.0390625
0 0.34375 0.5078125 0.0390625 0.0390625
0 0.34765625 0.5078125 0.0390625 0.0390625
0 0.3671875 0.5078125 0.0390625 0.0390625
0 0.390625 0.5078125 0.0390625 0.0390625
0 0.43359375 0.5078125 0.0390625 0.0390625
0 0.47265625 0.5078125 0.0390625 0.0390625
0 0.4765625 0.5078125 0.0390625 0.0390625
0 0.5390625 0.5078125 0.0390625 0.0390625
0 0.55859375 0.5078125 0.0390625 0.0390625
0 0.41015625 0.51171875 0.0390625 0.0390625
0 0.453125 0.51171875 0.0390625 0.0390625
0 0.45703125 0.51171875 0.0390625 0.0390625
0 0.49609375 0.51171875 0.0390625 0.0390625
0 0.5 0.51171875 0.0390625 0.0390625
0 0.51953125 0.51171875 0.0390625 0.0390625
0 0.58203125 0.51171875 0.0390625 0.0390625
0 0.6015625 0.51171875 0.0390625 0.0390625
0 0.64453125 0.51171875 0.0390625 0.0390625
0 0.6484375 0.51171875 0.0390625 0.0390625
0 0.66796875 0.51171875 0.0390625 0.0390625
0 0.7109375 0.51171875 0.0390625 0.0390625
0 0.58203125 0.515625 0.0390625 0.0390625
0 0.6015625 0.515625 0.0390625 0.0390625
0 0.62109375 0.515625 0.0390625 0.0390625
0 0.625 0.515625 0.0390625 0.0390625
0 0.69140625 0.515625 0.0390625 0.0390625
0 0.62109375 0.51953125 0.0390625 0.0390625
0 0.625 0.51953125 0.0390625 0.0390625
0 0.03515625 0.5625 0.0390625 0.0390625
0 0.015625 0.56640625 0.0390625 0.0390625
0 0.11328125 0.56640625 0.0390625 0.0390625
0 0.1171875 0.56640625 0.0390625 0.0390625
0 0.140625 0.56640625 0.0390625 0.0390625
0 0.015625 0.5703125 0.0390625 0.0390625
0 0.0546875 0.5703125 0.0390625 0.0390625
0 0.07421875 0.5703125 0.0390625 0.0390625
0 0.140625 0.5703125 0.0390625 0.0390625
0 0.27734375 0.5703125 0.0390625 0.0390625
0 0.28125 0.5703125 0.0390625 0.0390625
0 0.30078125 0.5703125 0.0390625 0.0390625
0 0.3046875 0.5703125 0.0390625 0.0390625
0 0.3203125 0.5703125 0.0390625 0.0390625
0 0.32421875 0.5703125 0.0390625 0.0390625
0 0.47265625 0.5703125 0.0390625 0.0390625
0 0.68359375 0.5703125 0.0390625 0.0390625
0 0.7265625 0.5703125 0.0390625 0.0390625
0 0.09765625 0.57421875 0.0390625 0.0390625
0 0.27734375 0.57421875 0.0390625 0.0390625
0 0.28125 0.57421875 0.0390625 0.0390625
0 0.34375 0.57421875 0.0390625 0.0390625
0 0.38671875 0.57421875 0.0390625 0.0390625
0 0.390625 0.57421875 0.0390625 0.0390625
0 0.40625 0.57421875 0.0390625 0.0390625
0 0.41015625 0.57421875 0.0390625 0.0390625
0 0.4296875 0.57421875 0.0390625 0.0390625
0 0.44921875 0.57421875 0.0390625 0.0390625
0 0.453125 0.57421875 0.0390625 0.0390625
0 0.47265625 0.57421875 0.0390625 0.0390625
0 0.4921875 0.57421875 0.0390625 0.0390625
0 0.515625 0.57421875 0.0390625 0.0390625
0 0.5546875 0.57421875 0.0390625 0.0390625
0 0.55859375 0.57421875 0.0390625 0.0390625
0 0.578125 0.57421875 0.0390625 0.0390625
0 0.6015625 0.57421875 0.0390625 0.0390625
0 0.64453125 0.57421875 0.0390625 0.0390625
0 0.66796875 0.57421875 0.0390625 0.0390625
0 0.68359375 0.57421875 0.0390625 0.0390625
0 0.703125 0.57421875 0.0390625 0.0390625
0 0.70703125 0.57421875 0.0390625 0.0390625
0 0.7265625 0.57421875 0.0390625 0.0390625
0 0.36328125 0.578125 0.0390625 0.0390625
0 0.3671875 0.578125 0.0390625 0.0390625
0 0.5390625 0.578125 0.0390625 0.0390625
0 0.5546875 0.578125 0.0390625 0.0390625
0 0.55859375 0.578125 0.0390625 0.0390625
0 0.625 0.578125 0.0390625 0.0390625
0 0.62890625 0.578125 0.0390625 0.0390625
0 0.75 0.578125 0.0390625 0.0390625
0 0.7734375 0.578125 0.0390625 0.0390625
0 0.796875 0.578125 0.0390625 0.0390625
0 0.7734375 0.58203125 0.0390625 0.0390625
0 0.8125 0.58203125 0.0390625 0.0390625
0 0.81640625 0.58203125 0.0390625 0.0390625
0 0.07421875 0.66796875 0.0390625 0.0390625
0 0.05078125 0.671875 0.0390625 0.0390625
0 0.0546875 0.671875 0.0390625 0.0390625
0 0.07421875 0.671875 0.0390625 0.0390625
0 0.01171875 0.67578125 0.0390625 0.0390625
0 0.03125 0.67578125 0.0390625 0.0390625
0 0.05078125 0.67578125 0.0390625 0.0390625
0 0.0546875 0.67578125 0.0390625 0.0390625
0 0.09765625 0.67578125 0.0390625 0.0390625
0 0.140625 0.67578125 0.0390625 0.0390625
0 0.03125 0.6796875 0.0390625 0.0390625
0 0.09765625 0.6796875 0.0390625 0.0390625
0 0.1171875 0.6796875 0.0390625 0.0390625
0 0.2734375 0.6796875 0.0390625 0.0390625
0 0.27734375 0.6796875 0.0390625 0.0390625
0 0.30078125 0.6796875 0.0390625 0.0390625
0 0.3203125 0.6796875 0.0390625 0.0390625
0 0.36328125 0.6796875 0.0390625 0.0390625
0 0.3671875 0.6796875 0.0390625 0.0390625
0 0.3828125 0.6796875 0.0390625 0.0390625
0 0.38671875 0.6796875 0.0390625 0.0390625
0 0.42578125 0.6796875 0.0390625 0.0390625
0 0.4296875 0.6796875 0.0390625 0.0390625
0 0.44921875 0.6796875 0.0390625 0.0390625
0 0.51171875 0.6796875 0.0390625 0.0390625
0 0.515625 0.6796875 0.0390625 0.0390625
0 0.75 0.6796875 0.0390625 0.0390625
0 0.34375 0.68359375 0.0390625 0.0390625
0 0.34765625 0.68359375 0.0390625 0.0390625
0 0.3828125 0.68359375 0.0390625 0.0390625
0 0.38671875 0.68359375 0.0390625 0.0390625
0 0.40625 0.68359375 0.0390625 0.0390625
0 0.41015625 0.68359375 0.0390625 0.0390625
0 0.42578125 0.68359375 0.0390625 0.0390625
0 0.4296875 0.68359375 0.0390625 0.0390625
0 0.44921875 0.68359375 0.0390625 0.0390625
0 0.46875 0.68359375 0.0390625 0.0390625
0 0.51171875 0.68359375 0.0390625 0.0390625
0 0.515625 0.68359375 0.0390625 0.0390625
0 0.53515625 0.68359375 0.0390625 0.0390625
0 0.59765625 0.68359375 0.0390625 0.0390625
0 0.6015625 0.68359375 0.0390625 0.0390625
0 0.62109375 0.68359375 0.0390625 0.0390625
0 0.6875 0.68359375 0.0390625 0.0390625
0 0.75 0.68359375 0.0390625 0.0390625
0 0.79296875 0.68359375 0.0390625 0.0390625
0 0.796875 0.68359375 0.0390625 0.0390625
0 0.8125 0.68359375 0.0390625 0.0390625
0 0.4921875 0.6875 0.0390625 0.0390625
0 0.55859375 0.6875 0.0390625 0.0390625
0 0.578125 0.6875 0.0390625 0.0390625
0 0.59765625 0.6875 0.0390625 0.0390625
0 0.6015625 0.6875 0.0390625 0.0390625
0 0.64453125 0.6875 0.0390625 0.0390625
0 0.7109375 0.6875 0.0390625 0.0390625
0 0.73046875 0.6875 0.0390625 0.0390625
0 0.7734375 0.6875 0.0390625 0.0390625
0 0.8125 0.6875 0.0390625 0.0390625
0 0.6640625 0.69140625 0.0390625 0.0390625
0 0.09375 0.7421875 0.0390625 0.0390625
0 0.13671875 0.7421875 0.0390625 0.0390625
0 0.140625 0.7421875 0.0390625 0.0390625
0 0.296875 0.7421875 0.0390625 0.0390625
0 0.30078125 0.7421875 0.0390625 0.0390625
0 0.3203125 0.7421875 0.0390625 0.0390625
0 0.36328125 0.7421875 0.0390625 0.0390625
0 0.27734375 0.74609375 0.0390625 0.0390625
0 0.28125 0.74609375 0.0390625 0.0390625
0 0.3203125 0.74609375 0.0390625 0.0390625
0 0.33984375 0.74609375 0.0390625 0.0390625
0 0.36328125 0.74609375 0.0390625 0.0390625
0 0.38671875 0.74609375 0.0390625 0.0390625
0 0.44921875 0.74609375 0.0390625 0.0390625
0 0.46875 0.74609375 0.0390625 0.0390625
0 0.47265625 0.74609375 0.0390625 0.0390625
0 0.4921875 0.74609375 0.0390625 0.0390625
0 0.49609375 0.74609375 0.0390625 0.0390625
0 0.515625 0.74609375 0.0390625 0.0390625
0 0.53515625 0.74609375 0.0390625 0.0390625
0 0.640625 0.74609375 0.0390625 0.0390625
0 0.64453125 0.74609375 0.0390625 0.0390625
0 0.33984375 0.75 0.0390625 0.0390625
0 0.40625 0.75 0.0390625 0.0390625
0 0.41015625 0.75 0.0390625 0.0390625
0 0.42578125 0.75 0.0390625 0.0390625
0 0.4296875 0.75 0.0390625 0.0390625
0 0.44921875 0.75 0.0390625 0.0390625
0 0.4921875 0.75 0.0390625 0.0390625
0 0.49609375 0.75 0.0390625 0.0390625
0 0.5546875 0.75 0.0390625 0.0390625
0 0.55859375 0.75 0.0390625 0.0390625
0 0.57421875 0.75 0.0390625 0.0390625
0 0.578125 0.75 0.0390625 0.0390625
0 0.59765625 0.75 0.0390625 0.0390625
0 0.66796875 0.75 0.0390625 0.0390625
0 0.68359375 0.75 0.0390625 0.0390625
0 0.703125 0.75 0.0390625 0.0390625
0 0.70703125 0.75 0.0390625 0.0390625
0 0.7265625 0.75 0.0390625 0.0390625
0 0.76953125 0.75 0.0390625 0.0390625
0 0.7734375 0.75 0.0390625 0.0390625
0 0.703125 0.75390625 0.0390625 0.0390625
0 0.70703125 0.75390625 0.0390625 0.0390625
0 0.75 0.75390625 0.0390625 0.0390625
0 0.81640625 0.75390625 0.0390625 0.0390625
0 0.75 0.7578125 0.0390625 0.0390625
0 0.79296875 0.7578125 0.0390625 0.0390625
0 0.796875 0.7578125 0.0390625 0.0390625
0 0.81640625 0.7578125 0.0390625 0.0390625
0 0.1171875 0.84375 0.0390625 0.0390625
0 0.0703125 0.84765625 0.0390625 0.0390625
0 0.1171875 0.84765625 0.0390625 0.0390625
0 0.13671875 0.8515625 0.0390625 0.0390625
0 0.140625 0.8515625 0.0390625 0.0390625
0 0.2734375 0.8515625 0.0390625 0.0390625
0 0.4296875 0.8515625 0.0390625 0.0390625
0 0.44921875 0.8515625 0.0390625 0.0390625
0 0.46875 0.8515625 0.0390625 0.0390625
0 0.51171875 0.8515625 0.0390625 0.0390625
0 0.59765625 0.8515625 0.0390625 0.0390625
0 0.296875 0.85546875 0.0390625 0.0390625
0 0.30078125 0.85546875 0.0390625 0.0390625
0 0.31640625 0.85546875 0.0390625 0.0390625
0 0.3203125 0.85546875 0.0390625 0.0390625
0 0.33984375 0.85546875 0.0390625 0.0390625
0 0.36328125 0.85546875 0.0390625 0.0390625
0 0.3828125 0.85546875 0.0390625 0.0390625
0 0.40625 0.85546875 0.0390625 0.0390625
0 0.44921875 0.85546875 0.0390625 0.0390625
0 0.46875 0.85546875 0.0390625 0.0390625
0 0.48828125 0.85546875 0.0390625 0.0390625
0 0.4921875 0.85546875 0.0390625 0.0390625
0 0.55078125 0.85546875 0.0390625 0.0390625
0 0.5546875 0.85546875 0.0390625 0.0390625
0 0.5703125 0.85546875 0.0390625 0.0390625
0 0.57421875 0.85546875 0.0390625 0.0390625
0 0.6171875 0.85546875 0.0390625 0.0390625
0 0.62109375 0.85546875 0.0390625 0.0390625
0 0.64453125 0.85546875 0.0390625 0.0390625
0 0.6640625 0.85546875 0.0390625 0.0390625
0 0.68359375 0.85546875 0.0390625 0.0390625
0 0.70703125 0.85546875 0.0390625 0.0390625
0 0.73046875 0.85546875 0.0390625 0.0390625
0 0.75 0.85546875 0.0390625 0.0390625
0 0.76953125 0.85546875 0.0390625 0.0390625
0 0.7890625 0.85546875 0.0390625 0.0390625
0 0.79296875 0.85546875 0.0390625 0.0390625
0 0.80859375 0.85546875 0.0390625 0.0390625
0 0.8125 0.85546875 0.0390625 0.0390625
0 0.3828125 0.859375 0.0390625 0.0390625
0 0.73046875 0.859375 0.0390625 0.0390625
0 0.80859375 0.859375 0.0390625 0.0390625
0 0.8125 0.859375 0.0390625 0.0390625
0 0.09375 0.91015625 0.0390625 0.0390625
0 0.36328125 0.91015625 0.0390625 0.0390625
0 0.09375 0.9140625 0.0390625 0.0390625
0 0.33984375 0.9140625 0.0390625 0.0390625
0 0.36328125 0.9140625 0.0390625 0.0390625
0 0.3828125 0.9140625 0.0390625 0.0390625
0 0.40625 0.9140625 0.0390625 0.0390625
0 0.46875 0.9140625 0.0390625 0.0390625
0 0.51171875 0.9140625 0.0390625 0.0390625
0 0.5546875 0.9140625 0.0390625 0.0390625
0 0.5703125 0.9140625 0.0390625 0.0390625
0 0.57421875 0.9140625 0.0390625 0.0390625
0 0.66015625 0.9140625 0.0390625 0.0390625
0 0.6640625 0.9140625 0.0390625 0.0390625
0 0.046875 0.91796875 0.0390625 0.0390625
0 0.05078125 0.91796875 0.0390625 0.0390625
0 0.13671875 0.91796875 0.0390625 0.0390625
0 0.2734375 0.91796875 0.0390625 0.0390625
0 0.27734375 0.91796875 0.0390625 0.0390625
0 0.296875 0.91796875 0.0390625 0.0390625
0 0.31640625 0.91796875 0.0390625 0.0390625
0 0.3203125 0.91796875 0.0390625 0.0390625
0 0.3828125 0.91796875 0.0390625 0.0390625
0 0.40625 0.91796875 0.0390625 0.0390625
0 0.421875 0.91796875 0.0390625 0.0390625
0 0.42578125 0.91796875 0.0390625 0.0390625
0 0.4453125 0.91796875 0.0390625 0.0390625
0 0.44921875 0.91796875 0.0390625 0.0390625
0 0.4921875 0.91796875 0.0390625 0.0390625
0 0.51171875 0.91796875 0.0390625 0.0390625
0 0.53515625 0.91796875 0.0390625 0.0390625
0 0.6171875 0.91796875 0.0390625 0.0390625
0 0.62109375 0.91796875 0.0390625 0.0390625
0 0.640625 0.91796875 0.0390625 0.0390625
0 0.7265625 0.91796875 0.0390625 0.0390625
0 0.74609375 0.91796875 0.0390625 0.0390625
0 0.046875 0.921875 0.0390625 0.0390625
0 0.05078125 0.921875 0.0390625 0.0390625
0 0.31640625 0.921875 0.0390625 0.0390625
0 0.3203125 0.921875 0.0390625 0.0390625
0 0.59765625 0.921875 0.0390625 0.0390625
0 0.68359375 0.921875 0.0390625 0.0390625
0 0.703125 0.921875 0.0390625 0.0390625
