0 0.49609375 0.0 0.0390625 0.0390625
0 0.5 0.0 0.0390625 0.0390625
0 0.94921875 0.04296875 0.0390625 0.0390625
0 0.94921875 0.046875 0.0390625 0.0390625
0 0.21875 0.19921875 0.0390625 0.0390625
0 0.2421875 0.19921875 0.0390625 0.0390625
0 0.24609375 0.19921875 0.0390625 0.0390625
0 0.26953125 0.19921875 0.0390625 0.0390625
0 0.1953125 0.203125 0.0390625 0.0390625
0 0.21875 0.203125 0.0390625 0.0390625
0 0.2421875 0.203125 0.0390625 0.0390625
0 0.24609375 0.203125 0.0390625 0.0390625
0 0.49609375 0.23828125 0.0390625 0.0390625
0 0.16796875 0.25390625 0.0390625 0.0390625
0 0.2578125 0.2890625 0.0390625 0.0390625
0 0.2578125 0.29296875 0.0390625 0.0390625
0 0.421875 0.296875 0.0390625 0.0390625
0 0.5 0.31640625 0.0390625 0.0390625
0 0.50390625 0.3359375 0.0390625 0.0390625
0 0.5078125 0.3359375 0.0390625 0.0390625
0 0.375 0.33984375 0.0390625 0.0390625
0 0.1640625 0.34375 0.0390625 0.0390625
0 0.29296875 0.359375 0.0390625 0.0390625
0 0.16796875 0.36328125 0.0390625 0.0390625
0 0.37109375 0.3671875 0.0390625 0.0390625
0 0.16796875 0.390625 0.0390625 0.0390625
0 0.1640625 0.41796875 0.0390625 0.0390625
0 0.16796875 0.41796875 0.0390625 0.0390625
0 0.5 0.42578125 0.0390625 0.0390625
0 0.3125 0.47265625 0.0390625 0.0390625
0 0.44140625 0.47265625 0.0390625 0.0390625
0 0.4453125 0.47265625 0.0390625 0.0390625
0 0.4921875 0.47265625 0.0390625 0.0390625
0 0.49609375 0.47265625 0.0390625 0.0390625
0 0.3125 0.4765625 0.0390625 0.0390625
0 0.33984375 0.4765625 0.0390625 0.0390625
0 0.36328125 0.4765625 0.0390625 0.0390625
0 0.390625 0.4765625 0.0390625 0.0390625
0 0.39453125 0.4765625 0.0390625 0.0390625
0 0.41796875 0.4765625 0.0390625 0.0390625
0 0.46875 0.4765625 0.0390625 0.0390625
0 0.4921875 0.4765625 0.0390625 0.0390625
0 0.49609375 0.4765625 0.0390625 0.0390625
0 0.28515625 0.48046875 0.0390625 0.0390625
0 0.390625 0.48046875 0.0390625 0.0390625
0 0.39453125 0.48046875 0.0390625 0.0390625
0 0.55859375 0.6328125 0.0390625 0.0390625
0 0.70703125 0.63671875 0.0390625 0.0390625
0 0.7109375 0.63671875 0.0390625 0.0390625
0 0.78515625 0.68359375 0.0390625 0.0390625
0 0.2734375 0.7265625 0.0390625 0.0390625
0 0.27734375 0.7265625 0.0390625 0.0390625
0 0.32421875 0.73046875 0.0390625 0.0390625
0 0.3828125 0.73046875 0.0390625 0.0390625
0 0.5078125 0.73046875 0.0390625 0.0390625
0 0.5078125 0.734375 0.0390625 0.0390625
0 0.9921875 0.83984375 0.0390625 0.0390625
0 0.99609375 0.83984375 0.0390625 0.0390625
0 0.0078125 0.84375 0.0390625 0.0390625
0 0.0234375 0.84375 0.0390625 0.0390625
0 0.02734375 0.84375 0.0390625 0.0390625
0 0.0078125 0.84765625 0.0390625 0.0390625
0 0.89453125 0.921875 0.0390625 0.0390625
0 0.89453125 0.92578125 0.0390625 0.0390625
0 0.8828125 0.94921875 0.0390625 0.0390625
0 0.40234375 0.98828125 0.0390625 0.0390625
0 0.40625 0.98828125 0.0390625 0.0390625
0 0.40234375 0.9921875 0.0390625 0.0390625
0 0.40625 0.9921875 0.0390625 0.0390625
0 0.36328125 0.99609375 0.0390625 0.0390625
