0 0.33962264150943394 0.0078125 0.06289308176100629 0.0390625
0 0.33962264150943394 0.1171875 0.06289308176100629 0.0390625
0 0.33962264150943394 0.12109375 0.06289308176100629 0.0390625
0 0.8930817610062893 0.140625 0.06289308176100629 0.0390625
0 0.33962264150943394 0.2421875 0.06289308176100629 0.0390625
0 0.33962264150943394 0.24609375 0.06289308176100629 0.0390625
0 0.7610062893081762 0.24609375 0.06289308176100629 0.0390625
0 0.7610062893081762 0.25 0.06289308176100629 0.0390625
0 0.22641509433962265 0.359375 0.06289308176100629 0.0390625
0 0.3333333333333333 0.3671875 0.06289308176100629 0.0390625
0 0.33962264150943394 0.3671875 0.06289308176100629 0.0390625
0 0.4528301886792453 0.515625 0.06289308176100629 0.0390625
0 0.27044025157232704 0.53125 0.06289308176100629 0.0390625
0 0.27672955974842767 0.53125 0.06289308176100629 0.0390625
0 0.4968553459119497 0.55859375 0.06289308176100629 0.0390625
0 0.8301886792452831 0.640625 0.06289308176100629 0.0390625
0 0.8930817610062893 0.640625 0.06289308176100629 0.0390625
0 0.8301886792452831 0.64453125 0.06289308176100629 0.0390625
0 0.7484276729559748 0.6640625 0.06289308176100629 0.0390625
0 0.7547169811320755 0.6640625 0.06289308176100629 0.0390625
0 0.20754716981132076 0.6796875 0.06289308176100629 0.0390625
0 0.779874213836478 0.71484375 0.06289308176100629 0.0390625
0 0.7861635220125787 0.71484375 0.06289308176100629 0.0390625
0 0.779874213836478 0.71875 0.06289308176100629 0.0390625
0 0.7861635220125787 0.71875 0.06289308176100629 0.0390625
0 0.9182389937106918 0.71875 0.06289308176100629 0.0390625
0 0.4591194968553459 0.81640625 0.06289308176100629 0.0390625
0 0.46540880503144655 0.81640625 0.06289308176100629 0.0390625
0 0.5094339622641509 0.8203125 0.06289308176100629 0.0390625
0 0.5660377358490566 0.8203125 0.06289308176100629 0.0390625
0 0.610062893081761 0.8203125 0.06289308176100629 0.0390625
0 0.6163522012578616 0.8203125 0.06289308176100629 0.0390625
0 0.14465408805031446 0.85546875 0.06289308176100629 0.0390625
0 0.14465408805031446 0.9140625 0.06289308176100629 0.0390625
0 0.1509433962264151 0.9140625 0.06289308176100629 0.0390625
0 0.5974842767295597 0.9296875 0.06289308176100629 0.0390625
0 0.5220125786163522 0.93359375 0.06289308176100629 0.0390625
0 0.5283018867924528 0.93359375 0.06289308176100629 0.0390625
0 0.5220125786163522 0.9375 0.06289308176100629 0.0390625
0 0.5283018867924528 0.9375 0.06289308176100629 0.0390625
0 0.14465408805031446 0.95703125 0.06289308176100629 0.0390625
0 0.1509433962264151 0.95703125 0.06289308176100629 0.0390625
0 0.9182389937106918 0.98046875 0.06289308176100629 0.0390625
0 0.9245283018867925 0.98046875 0.06289308176100629 0.0390625
0 0.9182389937106918 0.984375 0.06289308176100629 0.0390625
0 0.9245283018867925 0.984375 0.06289308176100629 0.0390625
