0 0.0546875 0.05078125 0.0390625 0.0390625
0 0.05859375 0.05078125 0.0390625 0.0390625
0 0.0546875 0.0546875 0.0390625 0.0390625
0 0.05859375 0.0546875 0.0390625 0.0390625
0 0.0859375 0.1953125 0.0390625 0.0390625
0 0.140625 0.23828125 0.0390625 0.0390625
0 0.13671875 0.296875 0.0390625 0.0390625
0 0.140625 0.296875 0.0390625 0.0390625
0 0.1015625 0.35546875 0.0390625 0.0390625
0 0.10546875 0.35546875 0.0390625 0.0390625
0 0.1015625 0.359375 0.0390625 0.0390625
0 0.10546875 0.359375 0.0390625 0.0390625
0 0.140625 0.46875 0.0390625 0.0390625
0 0.14453125 0.46875 0.0390625 0.0390625
0 0.140625 0.47265625 0.0390625 0.0390625
0 0.14453125 0.47265625 0.0390625 0.0390625
0 0.13671875 0.79296875 0.0390625 0.0390625
0 0.13671875 0.796875 0.0390625 0.0390625
