0 0.3046875 0.03125 0.0390625 0.0390625
0 0.6875 0.0703125 0.0390625 0.0390625
0 0.72265625 0.0703125 0.0390625 0.0390625
0 0.7265625 0.0703125 0.0390625 0.0390625
0 0.76953125 0.0703125 0.0390625 0.0390625
0 0.9296875 0.0703125 0.0390625 0.0390625
0 0.6875 0.07421875 0.0390625 0.0390625
0 0.81640625 0.07421875 0.0390625 0.0390625
0 0.9296875 0.07421875 0.0390625 0.0390625
0 0.96875 0.07421875 0.0390625 0.0390625
0 0.97265625 0.07421875 0.0390625 0.0390625
0 0.30859375 0.078125 0.0390625 0.0390625
0 0.59375 0.08984375 0.0390625 0.0390625
0 0.8046875 0.1015625 0.0390625 0.0390625
0 0.72265625 0.10546875 0.0390625 0.0390625
0 0.8046875 0.10546875 0.0390625 0.0390625
0 0.91796875 0.10546875 0.0390625 0.0390625
0 0.9375 0.10546875 0.0390625 0.0390625
0 0.95703125 0.10546875 0.0390625 0.0390625
0 0.9609375 0.10546875 0.0390625 0.0390625
0 0.69921875 0.109375 0.0390625 0.0390625
0 0.703125 0.109375 0.0390625 0.0390625
0 0.72265625 0.109375 0.0390625 0.0390625
0 0.7421875 0.109375 0.0390625 0.0390625
0 0.74609375 0.109375 0.0390625 0.0390625
0 0.78515625 0.109375 0.0390625 0.0390625
0 0.7890625 0.109375 0.0390625 0.0390625
0 0.828125 0.109375 0.0390625 0.0390625
0 0.98046875 0.109375 0.0390625 0.0390625
0 0.58984375 0.11328125 0.0390625 0.0390625
0 0.6796875 0.11328125 0.0390625 0.0390625
0 0.69921875 0.11328125 0.0390625 0.0390625
0 0.703125 0.11328125 0.0390625 0.0390625
0 0.765625 0.11328125 0.0390625 0.0390625
0 0.76953125 0.11328125 0.0390625 0.0390625
0 0.84765625 0.11328125 0.0390625 0.0390625
0 0.8515625 0.11328125 0.0390625 0.0390625
0 0.30859375 0.12109375 0.0390625 0.0390625
0 0.58984375 0.13671875 0.0390625 0.0390625
0 0.58984375 0.1640625 0.0390625 0.0390625
0 0.58984375 0.1875 0.0390625 0.0390625
0 0.921875 0.21484375 0.0390625 0.0390625
0 0.65234375 0.21875 0.0390625 0.0390625
0 0.734375 0.21875 0.0390625 0.0390625
0 0.7734375 0.21875 0.0390625 0.0390625
0 0.77734375 0.21875 0.0390625 0.0390625
0 0.79296875 0.21875 0.0390625 0.0390625
0 0.796875 0.21875 0.0390625 0.0390625
0 0.81640625 0.21875 0.0390625 0.0390625
0 0.83984375 0.21875 0.0390625 0.0390625
0 0.859375 0.21875 0.0390625 0.0390625
0 0.86328125 0.21875 0.0390625 0.0390625
0 0.90234375 0.21875 0.0390625 0.0390625
0 0.9453125 0.21875 0.0390625 0.0390625
0 0.96484375 0.21875 0.0390625 0.0390625
0 0.62890625 0.22265625 0.0390625 0.0390625
0 0.66796875 0.22265625 0.0390625 0.0390625
0 0.6875 0.22265625 0.0390625 0.0390625
0 0.734375 0.22265625 0.0390625 0.0390625
0 0.75390625 0.22265625 0.0390625 0.0390625
0 0.859375 0.22265625 0.0390625 0.0390625
0 0.86328125 0.22265625 0.0390625 0.0390625
0 0.8828125 0.22265625 0.0390625 0.0390625
0 0.88671875 0.22265625 0.0390625 0.0390625
0 0.9453125 0.22265625 0.0390625 0.0390625
0 0.62890625 0.2265625 0.0390625 0.0390625
0 0.66796875 0.2265625 0.0390625 0.0390625
0 0.6875 0.2265625 0.0390625 0.0390625
0 0.70703125 0.2265625 0.0390625 0.0390625
0 0.7109375 0.2265625 0.0390625 0.0390625
0 0.0390625 0.25390625 0.0390625 0.0390625
0 0.09375 0.25390625 0.0390625 0.0390625
0 0.1171875 0.25390625 0.0390625 0.0390625
0 0.12109375 0.25390625 0.0390625 0.0390625
0 0.14453125 0.25390625 0.0390625 0.0390625
0 0.171875 0.25390625 0.0390625 0.0390625
0 0.171875 0.2578125 0.0390625 0.0390625
0 0.16015625 0.33203125 0.0390625 0.0390625
0 0.625 0.34765625 0.0390625 0.0390625
0 0.625 0.3515625 0.0390625 0.0390625
0 0.671875 0.3515625 0.0390625 0.0390625
0 0.67578125 0.3515625 0.0390625 0.0390625
0 0.73046875 0.3515625 0.0390625 0.0390625
0 0.734375 0.3515625 0.0390625 0.0390625
0 0.7734375 0.3515625 0.0390625 0.0390625
0 0.77734375 0.3515625 0.0390625 0.0390625
0 0.828125 0.3515625 0.0390625 0.0390625
0 0.66796875 0.41796875 0.0390625 0.0390625
0 0.671875 0.41796875 0.0390625 0.0390625
0 0.62890625 0.421875 0.0390625 0.0390625
0 0.64453125 0.421875 0.0390625 0.0390625
0 0.6484375 0.421875 0.0390625 0.0390625
0 0.66796875 0.421875 0.0390625 0.0390625
0 0.671875 0.421875 0.0390625 0.0390625
0 0.69140625 0.42578125 0.0390625 0.0390625
0 0.7109375 0.42578125 0.0390625 0.0390625
0 0.7109375 0.4296875 0.0390625 0.0390625
0 0.73046875 0.4296875 0.0390625 0.0390625
0 0.734375 0.4296875 0.0390625 0.0390625
0 0.59375 0.47265625 0.0390625 0.0390625
0 0.59765625 0.47265625 0.0390625 0.0390625
0 0.50390625 0.48828125 0.0390625 0.0390625
0 0.59375 0.49609375 0.0390625 0.0390625
0 0.6953125 0.51171875 0.0390625 0.0390625
0 0.6953125 0.53515625 0.0390625 0.0390625
0 0.5 0.54296875 0.0390625 0.0390625
0 0.5 0.546875 0.0390625 0.0390625
0 0.59765625 0.5546875 0.0390625 0.0390625
0 0.6015625 0.5546875 0.0390625 0.0390625
0 0.5 0.58984375 0.0390625 0.0390625
0 0.59765625 0.59375 0.0390625 0.0390625
0 0.6875 0.61328125 0.0390625 0.0390625
0 0.69140625 0.61328125 0.0390625 0.0390625
0 0.6875 0.6171875 0.0390625 0.0390625
0 0.69140625 0.6171875 0.0390625 0.0390625
0 0.0078125 0.640625 0.0390625 0.0390625
0 0.50390625 0.64453125 0.0390625 0.0390625
0 0.59765625 0.65234375 0.0390625 0.0390625
0 0.30078125 0.65625 0.0390625 0.0390625
0 0.59765625 0.65625 0.0390625 0.0390625
0 0.30078125 0.66015625 0.0390625 0.0390625
0 0.50390625 0.6796875 0.0390625 0.0390625
0 0.50390625 0.68359375 0.0390625 0.0390625
0 0.96875 0.72265625 0.0390625 0.0390625
0 0.97265625 0.72265625 0.0390625 0.0390625
0 0.96875 0.7265625 0.0390625 0.0390625
0 0.97265625 0.7265625 0.0390625 0.0390625
0 0.30078125 0.734375 0.0390625 0.0390625
0 0.73046875 0.7421875 0.0390625 0.0390625
0 0.30078125 0.78125 0.0390625 0.0390625
0 0.77734375 0.7890625 0.0390625 0.0390625
0 0.76953125 0.8125 0.0390625 0.0390625
0 0.203125 0.83984375 0.0390625 0.0390625
0 0.20703125 0.83984375 0.0390625 0.0390625
0 0.76953125 0.83984375 0.0390625 0.0390625
0 0.10546875 0.85546875 0.0390625 0.0390625
0 0.5 0.859375 0.0390625 0.0390625
0 0.30078125 0.87109375 0.0390625 0.0390625
0 0.7734375 0.8984375 0.0390625 0.0390625
0 0.7734375 0.90234375 0.0390625 0.0390625
0 0.76953125 0.92578125 0.0390625 0.0390625
0 0.76953125 0.9296875 0.0390625 0.0390625
0 0.296875 0.9375 0.0390625 0.0390625
0 0.30078125 0.9375 0.0390625 0.0390625
0 0.76171875 0.953125 0.0390625 0.0390625
0 0.765625 0.953125 0.0390625 0.0390625
0 0.296875 0.984375 0.0390625 0.0390625
