0 0.6953125 0.03125 0.0390625 0.0390625
0 0.18359375 0.29296875 0.0390625 0.0390625
0 0.1796875 0.3515625 0.0390625 0.0390625
0 0.23046875 0.3671875 0.0390625 0.0390625
0 0.234375 0.3671875 0.0390625 0.0390625
0 0.1796875 0.421875 0.0390625 0.0390625
0 0.2265625 0.47265625 0.0390625 0.0390625
0 0.23046875 0.47265625 0.0390625 0.0390625
0 0.1796875 0.4765625 0.0390625 0.0390625
0 0.2265625 0.4765625 0.0390625 0.0390625
0 0.23046875 0.4765625 0.0390625 0.0390625
0 0.17578125 0.52734375 0.0390625 0.0390625
0 0.2265625 0.52734375 0.0390625 0.0390625
0 0.23046875 0.52734375 0.0390625 0.0390625
0 0.72265625 0.703125 0.0390625 0.0390625
0 0.7578125 0.703125 0.0390625 0.0390625
0 0.76171875 0.703125 0.0390625 0.0390625
0 0.703125 0.70703125 0.0390625 0.0390625
0 0.72265625 0.70703125 0.0390625 0.0390625
0 0.73828125 0.70703125 0.0390625 0.0390625
0 0.73828125 0.7109375 0.0390625 0.0390625
0 0.796875 0.7109375 0.0390625 0.0390625
