0 0.73046875 0.0 0.0390625 0.0390625
0 0.734375 0.0 0.0390625 0.0390625
0 0.84375 0.0 0.0390625 0.0390625
0 0.84765625 0.0 0.0390625 0.0390625
0 0.875 0.0 0.0390625 0.0390625
0 0.90234375 0.0 0.0390625 0.0390625
0 0.9296875 0.0 0.0390625 0.0390625
0 0.93359375 0.0 0.0390625 0.0390625
0 0.9609375 0.0 0.0390625 0.0390625
0 0.73046875 0.00390625 0.0390625 0.0390625
0 0.734375 0.00390625 0.0390625 0.0390625
0 0.9296875 0.00390625 0.0390625 0.0390625
0 0.93359375 0.00390625 0.0390625 0.0390625
0 0.9609375 0.00390625 0.0390625 0.0390625
0 0.6796875 0.01171875 0.0390625 0.0390625
0 0.68359375 0.01171875 0.0390625 0.0390625
0 0.6796875 0.015625 0.0390625 0.0390625
0 0.68359375 0.015625 0.0390625 0.0390625
0 0.05078125 0.0234375 0.0390625 0.0390625
0 0.046875 0.0390625 0.0390625 0.0390625
0 0.05078125 0.0390625 0.0390625 0.0390625
0 0.046875 0.04296875 0.0390625 0.0390625
0 0.05078125 0.04296875 0.0390625 0.0390625
0 0.66796875 0.0546875 0.0390625 0.0390625
0 0.08203125 0.05859375 0.0390625 0.0390625
0 0.50390625 0.05859375 0.0390625 0.0390625
0 0.078125 0.0625 0.0390625 0.0390625
0 0.40234375 0.0625 0.0390625 0.0390625
0 0.44140625 0.0625 0.0390625 0.0390625
0 0.4453125 0.0625 0.0390625 0.0390625
0 0.50390625 0.0625 0.0390625 0.0390625
0 0.3203125 0.06640625 0.0390625 0.0390625
0 0.32421875 0.06640625 0.0390625 0.0390625
0 0.36328125 0.06640625 0.0390625 0.0390625
0 0.3671875 0.06640625 0.0390625 0.0390625
0 0.3828125 0.06640625 0.0390625 0.0390625
0 0.38671875 0.06640625 0.0390625 0.0390625
0 0.421875 0.06640625 0.0390625 0.0390625
0 0.46484375 0.06640625 0.0390625 0.0390625
0 0.48828125 0.06640625 0.0390625 0.0390625
0 0.52734375 0.06640625 0.0390625 0.0390625
0 0.55078125 0.06640625 0.0390625 0.0390625
0 0.5703125 0.06640625 0.0390625 0.0390625
0 0.59375 0.06640625 0.0390625 0.0390625
0 0.34375 0.0703125 0.0390625 0.0390625
0 0.34765625 0.0703125 0.0390625 0.0390625
0 0.59375 0.0703125 0.0390625 0.0390625
0 0.078125 0.078125 0.0390625 0.0390625
0 0.08203125 0.078125 0.0390625 0.0390625
0 0.671875 0.09765625 0.0390625 0.0390625
0 0.67578125 0.09765625 0.0390625 0.0390625
0 0.1796875 0.1015625 0.0390625 0.0390625
0 0.4453125 0.1015625 0.0390625 0.0390625
0 0.46484375 0.1015625 0.0390625 0.0390625
0 0.50390625 0.1015625 0.0390625 0.0390625
0 0.5078125 0.1015625 0.0390625 0.0390625
0 0.3203125 0.10546875 0.0390625 0.0390625
0 0.32421875 0.10546875 0.0390625 0.0390625
0 0.40625 0.10546875 0.0390625 0.0390625
0 0.41015625 0.10546875 0.0390625 0.0390625
0 0.4453125 0.10546875 0.0390625 0.0390625
0 0.46484375 0.10546875 0.0390625 0.0390625
0 0.3203125 0.109375 0.0390625 0.0390625
0 0.32421875 0.109375 0.0390625 0.0390625
0 0.34375 0.109375 0.0390625 0.0390625
0 0.36328125 0.109375 0.0390625 0.0390625
0 0.38671875 0.109375 0.0390625 0.0390625
0 0.40625 0.109375 0.0390625 0.0390625
0 0.41015625 0.109375 0.0390625 0.0390625
0 0.42578125 0.109375 0.0390625 0.0390625
0 0.484375 0.109375 0.0390625 0.0390625
0 0.52734375 0.109375 0.0390625 0.0390625
0 0.56640625 0.109375 0.0390625 0.0390625
0 0.58984375 0.109375 0.0390625 0.0390625
0 0.59375 0.109375 0.0390625 0.0390625
0 0.0625 0.1171875 0.0390625 0.0390625
0 0.06640625 0.1171875 0.0390625 0.0390625
0 0.1875 0.1171875 0.0390625 0.0390625
0 0.1875 0.12109375 0.0390625 0.0390625
0 0.0625 0.13671875 0.0390625 0.0390625
0 0.0625 0.140625 0.0390625 0.0390625
0 0.671875 0.16796875 0.0390625 0.0390625
0 0.67578125 0.16796875 0.0390625 0.0390625
0 0.08984375 0.171875 0.0390625 0.0390625
0 0.671875 0.171875 0.0390625 0.0390625
0 0.67578125 0.171875 0.0390625 0.0390625
0 0.01953125 0.17578125 0.0390625 0.0390625
0 0.0234375 0.17578125 0.0390625 0.0390625
0 0.08984375 0.17578125 0.0390625 0.0390625
0 0.75 0.17578125 0.0390625 0.0390625
0 0.75 0.1796875 0.0390625 0.0390625
0 0.15625 0.18359375 0.0390625 0.0390625
0 0.3203125 0.18359375 0.0390625 0.0390625
0 0.32421875 0.18359375 0.0390625 0.0390625
0 0.3828125 0.18359375 0.0390625 0.0390625
0 0.36328125 0.1875 0.0390625 0.0390625
0 0.3828125 0.1875 0.0390625 0.0390625
0 0.40625 0.1875 0.0390625 0.0390625
0 0.484375 0.1875 0.0390625 0.0390625
0 0.5078125 0.1875 0.0390625 0.0390625
0 0.546875 0.1875 0.0390625 0.0390625
0 0.34375 0.19140625 0.0390625 0.0390625
0 0.40625 0.19140625 0.0390625 0.0390625
0 0.42578125 0.19140625 0.0390625 0.0390625
0 0.4453125 0.19140625 0.0390625 0.0390625
0 0.46875 0.19140625 0.0390625 0.0390625
0 0.484375 0.19140625 0.0390625 0.0390625
0 0.52734375 0.19140625 0.0390625 0.0390625
0 0.546875 0.19140625 0.0390625 0.0390625
0 0.56640625 0.19140625 0.0390625 0.0390625
0 0.58984375 0.19140625 0.0390625 0.0390625
0 0.58984375 0.1953125 0.0390625 0.0390625
0 0.58984375 0.3125 0.0390625 0.0390625
0 0.57421875 0.703125 0.0390625 0.0390625
0 0.62109375 0.703125 0.0390625 0.0390625
0 0.546875 0.70703125 0.0390625 0.0390625
0 0.59375 0.70703125 0.0390625 0.0390625
0 0.59765625 0.70703125 0.0390625 0.0390625
0 0.51953125 0.7109375 0.0390625 0.0390625
0 0.62109375 0.78125 0.0390625 0.0390625
0 0.50390625 0.78515625 0.0390625 0.0390625
0 0.421875 0.7890625 0.0390625 0.0390625
0 0.42578125 0.7890625 0.0390625 0.0390625
0 0.4609375 0.7890625 0.0390625 0.0390625
0 0.46484375 0.7890625 0.0390625 0.0390625
0 0.48046875 0.7890625 0.0390625 0.0390625
0 0.50390625 0.7890625 0.0390625 0.0390625
0 0.5234375 0.7890625 0.0390625 0.0390625
0 0.5390625 0.7890625 0.0390625 0.0390625
0 0.6015625 0.7890625 0.0390625 0.0390625
0 0.60546875 0.7890625 0.0390625 0.0390625
0 0.2890625 0.79296875 0.0390625 0.0390625
0 0.421875 0.79296875 0.0390625 0.0390625
0 0.42578125 0.79296875 0.0390625 0.0390625
0 0.4609375 0.79296875 0.0390625 0.0390625
0 0.46484375 0.79296875 0.0390625 0.0390625
0 0.5625 0.79296875 0.0390625 0.0390625
0 0.6015625 0.79296875 0.0390625 0.0390625
0 0.60546875 0.79296875 0.0390625 0.0390625
0 0.58203125 0.796875 0.0390625 0.0390625
0 0.5859375 0.796875 0.0390625 0.0390625
0 0.27734375 0.8203125 0.0390625 0.0390625
0 0.28125 0.8203125 0.0390625 0.0390625
0 0.375 0.8671875 0.0390625 0.0390625
0 0.37890625 0.8671875 0.0390625 0.0390625
0 0.421875 0.8671875 0.0390625 0.0390625
0 0.375 0.87109375 0.0390625 0.0390625
0 0.37890625 0.87109375 0.0390625 0.0390625
0 0.421875 0.87109375 0.0390625 0.0390625
0 0.5625 0.875 0.0390625 0.0390625
0 0.51953125 0.88671875 0.0390625 0.0390625
0 0.3828125 0.890625 0.0390625 0.0390625
0 0.38671875 0.890625 0.0390625 0.0390625
0 0.51953125 0.890625 0.0390625 0.0390625
0 0.5625 0.8984375 0.0390625 0.0390625
0 0.421875 0.91015625 0.0390625 0.0390625
0 0.515625 0.91015625 0.0390625 0.0390625
0 0.5625 0.921875 0.0390625 0.0390625
0 0.515625 0.93359375 0.0390625 0.0390625
0 0.37890625 0.9375 0.0390625 0.0390625
0 0.3828125 0.9375 0.0390625 0.0390625
0 0.37890625 0.94140625 0.0390625 0.0390625
0 0.3828125 0.94140625 0.0390625 0.0390625
0 0.5625 0.94140625 0.0390625 0.0390625
0 0.515625 0.94921875 0.0390625 0.0390625
0 0.421875 0.953125 0.0390625 0.0390625
0 0.42578125 0.953125 0.0390625 0.0390625
0 0.5625 0.9609375 0.0390625 0.0390625
0 0.515625 0.96875 0.0390625 0.0390625
0 0.51953125 0.96875 0.0390625 0.0390625
0 0.5625 0.9765625 0.0390625 0.0390625
0 0.421875 0.98828125 0.0390625 0.0390625
0 0.42578125 0.98828125 0.0390625 0.0390625
0 0.515625 0.98828125 0.0390625 0.0390625
