0 0.640625 0.01953125 0.0390625 0.0390625
0 0.640625 0.0234375 0.0390625 0.0390625
0 0.1796875 0.19921875 0.0390625 0.0390625
0 0.1796875 0.23828125 0.0390625 0.0390625
0 0.26171875 0.23828125 0.0390625 0.0390625
0 0.17578125 0.296875 0.0390625 0.0390625
0 0.1796875 0.296875 0.0390625 0.0390625
0 0.17578125 0.30078125 0.0390625 0.0390625
0 0.1796875 0.30078125 0.0390625 0.0390625
0 0.2890625 0.375 0.0390625 0.0390625
0 0.38671875 0.3828125 0.0390625 0.0390625
0 0.2578125 0.41015625 0.0390625 0.0390625
0 0.2578125 0.4140625 0.0390625 0.0390625
0 0.17578125 0.46484375 0.0390625 0.0390625
0 0.2578125 0.47265625 0.0390625 0.0390625
0 0.26171875 0.47265625 0.0390625 0.0390625
0 0.1953125 0.5390625 0.0390625 0.0390625
0 0.19921875 0.5390625 0.0390625 0.0390625
0 0.87890625 0.5546875 0.0390625 0.0390625
0 0.8828125 0.5546875 0.0390625 0.0390625
0 0.17578125 0.62109375 0.0390625 0.0390625
0 0.66015625 0.62890625 0.0390625 0.0390625
0 0.796875 0.62890625 0.0390625 0.0390625
0 0.80078125 0.62890625 0.0390625 0.0390625
0 0.0546875 0.6328125 0.0390625 0.0390625
0 0.94140625 0.6328125 0.0390625 0.0390625
0 0.94140625 0.63671875 0.0390625 0.0390625
0 0.64453125 0.66796875 0.0390625 0.0390625
0 0.64453125 0.671875 0.0390625 0.0390625
0 0.3671875 0.67578125 0.0390625 0.0390625
0 0.76953125 0.67578125 0.0390625 0.0390625
0 0.7734375 0.67578125 0.0390625 0.0390625
0 0.41796875 0.703125 0.0390625 0.0390625
0 0.6484375 0.703125 0.0390625 0.0390625
0 0.41796875 0.70703125 0.0390625 0.0390625
0 0.6484375 0.70703125 0.0390625 0.0390625
0 0.5859375 0.80859375 0.0390625 0.0390625
0 0.17578125 0.83203125 0.0390625 0.0390625
0 0.890625 0.8515625 0.0390625 0.0390625
0 0.89453125 0.8515625 0.0390625 0.0390625
0 0.58203125 0.8671875 0.0390625 0.0390625
0 0.58203125 0.87109375 0.0390625 0.0390625
0 0.171875 0.87890625 0.0390625 0.0390625
0 0.17578125 0.87890625 0.0390625 0.0390625
0 0.25390625 0.87890625 0.0390625 0.0390625
0 0.2578125 0.87890625 0.0390625 0.0390625
0 0.89453125 0.91015625 0.0390625 0.0390625
0 0.89453125 0.9140625 0.0390625 0.0390625
0 0.171875 0.9296875 0.0390625 0.0390625
0 0.25390625 0.99609375 0.0390625 0.0390625
