0 0.05859375 0.0 0.0390625 0.0390625
0 0.109375 0.0 0.0390625 0.0390625
0 0.6796875 0.0078125 0.0390625 0.0390625
0 0.6796875 0.02734375 0.0390625 0.0390625
0 0.34765625 0.03515625 0.0390625 0.0390625
0 0.34765625 0.0390625 0.0390625 0.0390625
0 0.87890625 0.0390625 0.0390625 0.0390625
0 0.41015625 0.04296875 0.0390625 0.0390625
0 0.43359375 0.04296875 0.0390625 0.0390625
0 0.47265625 0.04296875 0.0390625 0.0390625
0 0.4765625 0.04296875 0.0390625 0.0390625
0 0.4921875 0.04296875 0.0390625 0.0390625
0 0.49609375 0.04296875 0.0390625 0.0390625
0 0.51953125 0.04296875 0.0390625 0.0390625
0 0.54296875 0.04296875 0.0390625 0.0390625
0 0.58203125 0.04296875 0.0390625 0.0390625
0 0.43359375 0.046875 0.0390625 0.0390625
0 0.453125 0.046875 0.0390625 0.0390625
0 0.47265625 0.046875 0.0390625 0.0390625
0 0.4765625 0.046875 0.0390625 0.0390625
0 0.54296875 0.046875 0.0390625 0.0390625
0 0.5625 0.046875 0.0390625 0.0390625
0 0.58203125 0.046875 0.0390625 0.0390625
0 0.67578125 0.046875 0.0390625 0.0390625
0 0.67578125 0.05078125 0.0390625 0.0390625
0 0.87890625 0.06640625 0.0390625 0.0390625
0 0.87890625 0.0703125 0.0390625 0.0390625
0 0.67578125 0.07421875 0.0390625 0.0390625
0 0.34375 0.08203125 0.0390625 0.0390625
0 0.34375 0.0859375 0.0390625 0.0390625
0 0.4140625 0.0859375 0.0390625 0.0390625
0 0.43359375 0.0859375 0.0390625 0.0390625
0 0.453125 0.0859375 0.0390625 0.0390625
0 0.43359375 0.08984375 0.0390625 0.0390625
0 0.453125 0.08984375 0.0390625 0.0390625
0 0.49609375 0.08984375 0.0390625 0.0390625
0 0.58203125 0.08984375 0.0390625 0.0390625
0 0.515625 0.09375 0.0390625 0.0390625
0 0.51953125 0.09375 0.0390625 0.0390625
0 0.5390625 0.09375 0.0390625 0.0390625
0 0.6796875 0.09375 0.0390625 0.0390625
0 0.6796875 0.09765625 0.0390625 0.0390625
0 0.0546875 0.109375 0.0390625 0.0390625
0 0.05859375 0.109375 0.0390625 0.0390625
0 0.34375 0.125 0.0390625 0.0390625
0 0.34765625 0.125 0.0390625 0.0390625
0 0.34375 0.12890625 0.0390625 0.0390625
0 0.34765625 0.12890625 0.0390625 0.0390625
0 0.05859375 0.17578125 0.0390625 0.0390625
0 0.38671875 0.17578125 0.0390625 0.0390625
0 0.40625 0.17578125 0.0390625 0.0390625
0 0.4921875 0.1875 0.0390625 0.0390625
0 0.49609375 0.1875 0.0390625 0.0390625
0 0.62109375 0.1875 0.0390625 0.0390625
0 0.625 0.1875 0.0390625 0.0390625
0 0.515625 0.19140625 0.0390625 0.0390625
0 0.05859375 0.21484375 0.0390625 0.0390625
0 0.05859375 0.21875 0.0390625 0.0390625
0 0.05859375 0.234375 0.0390625 0.0390625
0 0.05859375 0.23828125 0.0390625 0.0390625
0 0.0546875 0.3046875 0.0390625 0.0390625
0 0.05859375 0.3046875 0.0390625 0.0390625
0 0.0546875 0.32421875 0.0390625 0.0390625
0 0.05859375 0.32421875 0.0390625 0.0390625
0 0.05859375 0.36328125 0.0390625 0.0390625
0 0.05859375 0.3671875 0.0390625 0.0390625
0 0.23046875 0.4765625 0.0390625 0.0390625
0 0.234375 0.4765625 0.0390625 0.0390625
0 0.3515625 0.4765625 0.0390625 0.0390625
0 0.03125 0.48046875 0.0390625 0.0390625
0 0.23046875 0.48046875 0.0390625 0.0390625
0 0.234375 0.48046875 0.0390625 0.0390625
0 0.2890625 0.48046875 0.0390625 0.0390625
0 0.3515625 0.48046875 0.0390625 0.0390625
0 0.3984375 0.48046875 0.0390625 0.0390625
0 0.40234375 0.48046875 0.0390625 0.0390625
0 0.2890625 0.484375 0.0390625 0.0390625
0 0.62109375 0.59375 0.0390625 0.0390625
0 0.62109375 0.59765625 0.0390625 0.0390625
0 0.58984375 0.625 0.0390625 0.0390625
0 0.59375 0.625 0.0390625 0.0390625
0 0.66796875 0.625 0.0390625 0.0390625
0 0.11328125 0.6484375 0.0390625 0.0390625
0 0.11328125 0.65234375 0.0390625 0.0390625
0 0.16015625 0.65234375 0.0390625 0.0390625
0 0.1640625 0.65234375 0.0390625 0.0390625
0 0.22265625 0.65234375 0.0390625 0.0390625
0 0.26171875 0.65234375 0.0390625 0.0390625
0 0.5625 0.7421875 0.0390625 0.0390625
0 0.9375 0.7890625 0.0390625 0.0390625
0 0.9375 0.79296875 0.0390625 0.0390625
0 0.78515625 0.80859375 0.0390625 0.0390625
0 0.78515625 0.8125 0.0390625 0.0390625
0 0.78515625 0.84765625 0.0390625 0.0390625
0 0.5625 0.87109375 0.0390625 0.0390625
0 0.5625 0.875 0.0390625 0.0390625
0 0.78515625 0.88671875 0.0390625 0.0390625
0 0.78515625 0.890625 0.0390625 0.0390625
0 0.78515625 0.92578125 0.0390625 0.0390625
0 0.9375 0.9375 0.0390625 0.0390625
0 0.78515625 0.97265625 0.0390625 0.0390625
0 0.94140625 0.97265625 0.0390625 0.0390625
0 0.13671875 0.9765625 0.0390625 0.0390625
0 0.17578125 0.9765625 0.0390625 0.0390625
0 0.19921875 0.9765625 0.0390625 0.0390625
0 0.4140625 0.9765625 0.0390625 0.0390625
0 0.13671875 0.98046875 0.0390625 0.0390625
0 0.15625 0.98046875 0.0390625 0.0390625
0 0.19921875 0.98046875 0.0390625 0.0390625
0 0.5234375 0.98046875 0.0390625 0.0390625
0 0.41015625 0.9921875 0.0390625 0.0390625
0 0.45703125 0.9921875 0.0390625 0.0390625
