0 0.32421875 0.0 0.0390625 0.0390625
0 0.73828125 0.0 0.0390625 0.0390625
0 0.77734375 0.0 0.0390625 0.0390625
0 0.17578125 0.00390625 0.0390625 0.0390625
0 0.1796875 0.00390625 0.0390625 0.0390625
0 0.5625 0.00390625 0.0390625 0.0390625
0 0.17578125 0.0078125 0.0390625 0.0390625
0 0.1796875 0.0078125 0.0390625 0.0390625
0 0.5625 0.0078125 0.0390625 0.0390625
0 0.6015625 0.01171875 0.0390625 0.0390625
0 0.171875 0.03125 0.0390625 0.0390625
0 0.3984375 0.0546875 0.0390625 0.0390625
0 0.06640625 0.05859375 0.0390625 0.0390625
0 0.0703125 0.05859375 0.0390625 0.0390625
0 0.09375 0.05859375 0.0390625 0.0390625
0 0.3984375 0.05859375 0.0390625 0.0390625
0 0.0078125 0.0625 0.0390625 0.0390625
0 0.01171875 0.0625 0.0390625 0.0390625
0 0.02734375 0.0625 0.0390625 0.0390625
0 0.1640625 0.0625 0.0390625 0.0390625
0 0.1796875 0.0625 0.0390625 0.0390625
0 0.18359375 0.0625 0.0390625 0.0390625
0 0.42578125 0.0625 0.0390625 0.0390625
0 0.4296875 0.0625 0.0390625 0.0390625
0 0.54296875 0.0625 0.0390625 0.0390625
0 0.05078125 0.06640625 0.0390625 0.0390625
0 0.0546875 0.06640625 0.0390625 0.0390625
0 0.42578125 0.06640625 0.0390625 0.0390625
0 0.4296875 0.06640625 0.0390625 0.0390625
0 0.44921875 0.06640625 0.0390625 0.0390625
0 0.49609375 0.06640625 0.0390625 0.0390625
0 0.5 0.06640625 0.0390625 0.0390625
0 0.54296875 0.06640625 0.0390625 0.0390625
0 0.32421875 0.0859375 0.0390625 0.0390625
0 0.328125 0.0859375 0.0390625 0.0390625
0 0.890625 0.0859375 0.0390625 0.0390625
0 0.671875 0.08984375 0.0390625 0.0390625
0 0.71484375 0.08984375 0.0390625 0.0390625
0 0.71875 0.08984375 0.0390625 0.0390625
0 0.6953125 0.09375 0.0390625 0.0390625
0 0.7578125 0.09375 0.0390625 0.0390625
0 0.77734375 0.09375 0.0390625 0.0390625
0 0.78125 0.09375 0.0390625 0.0390625
0 0.8203125 0.09375 0.0390625 0.0390625
0 0.82421875 0.09375 0.0390625 0.0390625
0 0.97265625 0.1484375 0.0390625 0.0390625
0 0.953125 0.24609375 0.0390625 0.0390625
0 0.95703125 0.24609375 0.0390625 0.0390625
0 0.3203125 0.25 0.0390625 0.0390625
0 0.99609375 0.25390625 0.0390625 0.0390625
0 0.83203125 0.2890625 0.0390625 0.0390625
0 0.79296875 0.29296875 0.0390625 0.0390625
0 0.89453125 0.29296875 0.0390625 0.0390625
0 0.9140625 0.29296875 0.0390625 0.0390625
0 0.91796875 0.29296875 0.0390625 0.0390625
0 0.93359375 0.29296875 0.0390625 0.0390625
0 0.9375 0.29296875 0.0390625 0.0390625
0 0.953125 0.29296875 0.0390625 0.0390625
0 0.95703125 0.29296875 0.0390625 0.0390625
0 0.99609375 0.29296875 0.0390625 0.0390625
0 0.79296875 0.296875 0.0390625 0.0390625
0 0.93359375 0.296875 0.0390625 0.0390625
0 0.9375 0.296875 0.0390625 0.0390625
0 0.99609375 0.296875 0.0390625 0.0390625
0 0.7109375 0.3828125 0.0390625 0.0390625
0 0.734375 0.3828125 0.0390625 0.0390625
0 0.7109375 0.38671875 0.0390625 0.0390625
0 0.7734375 0.38671875 0.0390625 0.0390625
0 0.8125 0.38671875 0.0390625 0.0390625
0 0.83203125 0.38671875 0.0390625 0.0390625
0 0.8359375 0.38671875 0.0390625 0.0390625
0 0.85546875 0.38671875 0.0390625 0.0390625
0 0.99609375 0.38671875 0.0390625 0.0390625
0 0.7734375 0.390625 0.0390625 0.0390625
0 0.875 0.390625 0.0390625 0.0390625
0 0.87890625 0.390625 0.0390625 0.0390625
0 0.9140625 0.390625 0.0390625 0.0390625
0 0.93359375 0.390625 0.0390625 0.0390625
0 0.9375 0.390625 0.0390625 0.0390625
0 0.953125 0.390625 0.0390625 0.0390625
0 0.9765625 0.390625 0.0390625 0.0390625
0 0.93359375 0.39453125 0.0390625 0.0390625
0 0.9375 0.39453125 0.0390625 0.0390625
0 0.32421875 0.3984375 0.0390625 0.0390625
0 0.3984375 0.41796875 0.0390625 0.0390625
0 0.3984375 0.421875 0.0390625 0.0390625
0 0.69140625 0.42578125 0.0390625 0.0390625
0 0.8125 0.42578125 0.0390625 0.0390625
0 0.8515625 0.42578125 0.0390625 0.0390625
0 0.85546875 0.42578125 0.0390625 0.0390625
0 0.890625 0.42578125 0.0390625 0.0390625
0 0.9140625 0.42578125 0.0390625 0.0390625
0 0.65625 0.4296875 0.0390625 0.0390625
0 0.69140625 0.4296875 0.0390625 0.0390625
0 0.83203125 0.4296875 0.0390625 0.0390625
0 0.8359375 0.4296875 0.0390625 0.0390625
0 0.875 0.4296875 0.0390625 0.0390625
0 0.93359375 0.4296875 0.0390625 0.0390625
0 0.9375 0.4296875 0.0390625 0.0390625
0 0.953125 0.4296875 0.0390625 0.0390625
0 0.99609375 0.4296875 0.0390625 0.0390625
0 0.73046875 0.43359375 0.0390625 0.0390625
0 0.75390625 0.43359375 0.0390625 0.0390625
0 0.7578125 0.43359375 0.0390625 0.0390625
0 0.7734375 0.43359375 0.0390625 0.0390625
0 0.77734375 0.43359375 0.0390625 0.0390625
0 0.796875 0.43359375 0.0390625 0.0390625
0 0.9765625 0.43359375 0.0390625 0.0390625
0 0.71484375 0.5234375 0.0390625 0.0390625
0 0.61328125 0.52734375 0.0390625 0.0390625
0 0.6328125 0.52734375 0.0390625 0.0390625
0 0.66796875 0.52734375 0.0390625 0.0390625
0 0.671875 0.52734375 0.0390625 0.0390625
0 0.75390625 0.52734375 0.0390625 0.0390625
0 0.76953125 0.52734375 0.0390625 0.0390625
0 0.7734375 0.52734375 0.0390625 0.0390625
0 0.8125 0.52734375 0.0390625 0.0390625
0 0.81640625 0.52734375 0.0390625 0.0390625
0 0.85546875 0.52734375 0.0390625 0.0390625
0 0.875 0.52734375 0.0390625 0.0390625
0 0.89453125 0.52734375 0.0390625 0.0390625
0 0.99609375 0.52734375 0.0390625 0.0390625
0 0.75390625 0.53125 0.0390625 0.0390625
0 0.76953125 0.53125 0.0390625 0.0390625
0 0.7734375 0.53125 0.0390625 0.0390625
0 0.8125 0.53125 0.0390625 0.0390625
0 0.81640625 0.53125 0.0390625 0.0390625
0 0.875 0.53125 0.0390625 0.0390625
0 0.89453125 0.53125 0.0390625 0.0390625
0 0.91796875 0.53125 0.0390625 0.0390625
0 0.9375 0.53125 0.0390625 0.0390625
0 0.953125 0.53125 0.0390625 0.0390625
0 0.91796875 0.53515625 0.0390625 0.0390625
0 0.5625 0.66015625 0.0390625 0.0390625
0 0.38671875 0.6796875 0.0390625 0.0390625
0 0.2890625 0.7734375 0.0390625 0.0390625
0 0.2890625 0.77734375 0.0390625 0.0390625
0 0.765625 0.77734375 0.0390625 0.0390625
0 0.76953125 0.77734375 0.0390625 0.0390625
0 0.6328125 0.78125 0.0390625 0.0390625
0 0.890625 0.78515625 0.0390625 0.0390625
0 0.89453125 0.78515625 0.0390625 0.0390625
0 0.60546875 0.93359375 0.0390625 0.0390625
0 0.65234375 0.9375 0.0390625 0.0390625
0 0.65234375 0.94140625 0.0390625 0.0390625
0 0.78125 0.94921875 0.0390625 0.0390625
0 0.78515625 0.94921875 0.0390625 0.0390625
0 0.78125 0.99609375 0.0390625 0.0390625
