0 0.0078125 0.05859375 0.0390625 0.0390625
0 0.0546875 0.1328125 0.0390625 0.0390625
0 0.05859375 0.1328125 0.0390625 0.0390625
0 0.4453125 0.18359375 0.0390625 0.0390625
0 0.4453125 0.1875 0.0390625 0.0390625
0 0.14453125 0.3046875 0.0390625 0.0390625
0 0.7109375 0.31640625 0.0390625 0.0390625
0 0.0078125 0.33203125 0.0390625 0.0390625
0 0.49609375 0.33203125 0.0390625 0.0390625
0 0.5 0.33203125 0.0390625 0.0390625
0 0.00390625 0.35546875 0.0390625 0.0390625
0 0.0078125 0.35546875 0.0390625 0.0390625
0 0.140625 0.35546875 0.0390625 0.0390625
0 0.14453125 0.35546875 0.0390625 0.0390625
0 0.140625 0.359375 0.0390625 0.0390625
0 0.14453125 0.359375 0.0390625 0.0390625
0 0.28515625 0.359375 0.0390625 0.0390625
0 0.28515625 0.36328125 0.0390625 0.0390625
0 0.5078125 0.36328125 0.0390625 0.0390625
0 0.68359375 0.36328125 0.0390625 0.0390625
0 0.6875 0.36328125 0.0390625 0.0390625
0 0.82421875 0.36328125 0.0390625 0.0390625
0 0.828125 0.36328125 0.0390625 0.0390625
0 0.82421875 0.3671875 0.0390625 0.0390625
0 0.828125 0.3671875 0.0390625 0.0390625
0 0.35546875 0.42578125 0.0390625 0.0390625
0 0.35546875 0.4296875 0.0390625 0.0390625
0 0.87109375 0.45703125 0.0390625 0.0390625
0 0.07421875 0.46875 0.0390625 0.0390625
0 0.984375 0.48828125 0.0390625 0.0390625
0 0.98828125 0.48828125 0.0390625 0.0390625
0 0.03125 0.4921875 0.0390625 0.0390625
0 0.03515625 0.4921875 0.0390625 0.0390625
0 0.984375 0.4921875 0.0390625 0.0390625
0 0.98828125 0.4921875 0.0390625 0.0390625
0 0.87109375 0.5234375 0.0390625 0.0390625
0 0.08984375 0.52734375 0.0390625 0.0390625
0 0.08984375 0.53125 0.0390625 0.0390625
0 0.98828125 0.53125 0.0390625 0.0390625
0 0.98828125 0.53515625 0.0390625 0.0390625
0 0.37890625 0.54296875 0.0390625 0.0390625
0 0.3828125 0.54296875 0.0390625 0.0390625
0 0.09375 0.546875 0.0390625 0.0390625
0 0.87109375 0.546875 0.0390625 0.0390625
0 0.09375 0.55078125 0.0390625 0.0390625
0 0.13671875 0.55078125 0.0390625 0.0390625
0 0.140625 0.55078125 0.0390625 0.0390625
0 0.98828125 0.5546875 0.0390625 0.0390625
0 0.98828125 0.55859375 0.0390625 0.0390625
0 0.09765625 0.57421875 0.0390625 0.0390625
0 0.984375 0.57421875 0.0390625 0.0390625
0 0.98828125 0.57421875 0.0390625 0.0390625
0 0.09765625 0.578125 0.0390625 0.0390625
0 0.37890625 0.59765625 0.0390625 0.0390625
0 0.8671875 0.59765625 0.0390625 0.0390625
0 0.98046875 0.59765625 0.0390625 0.0390625
0 0.56640625 0.6171875 0.0390625 0.0390625
0 0.58984375 0.6171875 0.0390625 0.0390625
0 0.59375 0.6171875 0.0390625 0.0390625
0 0.98828125 0.6171875 0.0390625 0.0390625
0 0.37890625 0.62109375 0.0390625 0.0390625
0 0.98828125 0.62109375 0.0390625 0.0390625
0 0.5390625 0.64453125 0.0390625 0.0390625
0 0.37890625 0.6484375 0.0390625 0.0390625
0 0.56640625 0.66015625 0.0390625 0.0390625
0 0.58984375 0.66015625 0.0390625 0.0390625
0 0.56640625 0.6640625 0.0390625 0.0390625
0 0.19921875 0.66796875 0.0390625 0.0390625
0 0.98828125 0.671875 0.0390625 0.0390625
0 0.98828125 0.67578125 0.0390625 0.0390625
0 0.453125 0.6796875 0.0390625 0.0390625
0 0.453125 0.68359375 0.0390625 0.0390625
0 0.87109375 0.6875 0.0390625 0.0390625
0 0.37890625 0.703125 0.0390625 0.0390625
0 0.37109375 0.73046875 0.0390625 0.0390625
0 0.37109375 0.734375 0.0390625 0.0390625
0 0.37890625 0.75390625 0.0390625 0.0390625
0 0.56640625 0.765625 0.0390625 0.0390625
0 0.5703125 0.765625 0.0390625 0.0390625
0 0.48046875 0.76953125 0.0390625 0.0390625
0 0.484375 0.76953125 0.0390625 0.0390625
0 0.52734375 0.76953125 0.0390625 0.0390625
0 0.53125 0.76953125 0.0390625 0.0390625
0 0.546875 0.76953125 0.0390625 0.0390625
0 0.55078125 0.76953125 0.0390625 0.0390625
0 0.58984375 0.76953125 0.0390625 0.0390625
0 0.48046875 0.7734375 0.0390625 0.0390625
0 0.484375 0.7734375 0.0390625 0.0390625
0 0.50390625 0.7734375 0.0390625 0.0390625
0 0.52734375 0.7734375 0.0390625 0.0390625
0 0.53125 0.7734375 0.0390625 0.0390625
0 0.58984375 0.7734375 0.0390625 0.0390625
0 0.61328125 0.7734375 0.0390625 0.0390625
0 0.234375 0.77734375 0.0390625 0.0390625
0 0.50390625 0.77734375 0.0390625 0.0390625
0 0.5390625 0.828125 0.0390625 0.0390625
0 0.55859375 0.828125 0.0390625 0.0390625
0 0.5625 0.828125 0.0390625 0.0390625
0 0.49609375 0.83203125 0.0390625 0.0390625
0 0.5 0.83203125 0.0390625 0.0390625
0 0.859375 0.859375 0.0390625 0.0390625
0 0.86328125 0.859375 0.0390625 0.0390625
0 0.796875 0.86328125 0.0390625 0.0390625
0 0.80078125 0.86328125 0.0390625 0.0390625
0 0.83984375 0.86328125 0.0390625 0.0390625
0 0.859375 0.86328125 0.0390625 0.0390625
0 0.86328125 0.86328125 0.0390625 0.0390625
0 0.8828125 0.86328125 0.0390625 0.0390625
0 0.88671875 0.86328125 0.0390625 0.0390625
0 0.90234375 0.86328125 0.0390625 0.0390625
0 0.90625 0.86328125 0.0390625 0.0390625
0 0.77734375 0.8671875 0.0390625 0.0390625
0 0.90234375 0.8671875 0.0390625 0.0390625
0 0.90625 0.8671875 0.0390625 0.0390625
0 0.921875 0.8671875 0.0390625 0.0390625
0 0.9453125 0.8671875 0.0390625 0.0390625
0 0.12890625 0.90234375 0.0390625 0.0390625
0 0.1328125 0.90234375 0.0390625 0.0390625
0 0.12890625 0.90625 0.0390625 0.0390625
0 0.1328125 0.90625 0.0390625 0.0390625
0 0.02734375 0.91015625 0.0390625 0.0390625
0 0.03125 0.91015625 0.0390625 0.0390625
0 0.09765625 0.91015625 0.0390625 0.0390625
0 0.02734375 0.9140625 0.0390625 0.0390625
0 0.03125 0.9140625 0.0390625 0.0390625
0 0.046875 0.9140625 0.0390625 0.0390625
0 0.05078125 0.9140625 0.0390625 0.0390625
0 0.09765625 0.9140625 0.0390625 0.0390625
0 0.73046875 0.93359375 0.0390625 0.0390625
0 0.77734375 0.97265625 0.0390625 0.0390625
0 0.91015625 0.97265625 0.0390625 0.0390625
0 0.99609375 0.97265625 0.0390625 0.0390625
0 0.5234375 0.9765625 0.0390625 0.0390625
0 0.97265625 0.9765625 0.0390625 0.0390625
0 0.9765625 0.9765625 0.0390625 0.0390625
0 0.97265625 0.98046875 0.0390625 0.0390625
0 0.9765625 0.98046875 0.0390625 0.0390625
