0 0.33984375 0.0 0.0390625 0.0390625
0 0.3828125 0.00390625 0.0390625 0.0390625
0 0.3828125 0.0078125 0.0390625 0.0390625
0 0.234375 0.01171875 0.0390625 0.0390625
0 0.23828125 0.01171875 0.0390625 0.0390625
0 0.234375 0.015625 0.0390625 0.0390625
0 0.23828125 0.015625 0.0390625 0.0390625
0 0.234375 0.03515625 0.0390625 0.0390625
0 0.234375 0.0390625 0.0390625 0.0390625
0 0.70703125 0.0546875 0.0390625 0.0390625
0 0.7109375 0.0546875 0.0390625 0.0390625
0 0.8515625 0.0546875 0.0390625 0.0390625
0 0.6328125 0.05859375 0.0390625 0.0390625
0 0.46484375 0.07421875 0.0390625 0.0390625
0 0.40234375 0.09375 0.0390625 0.0390625
0 0.27734375 0.09765625 0.0390625 0.0390625
0 0.28125 0.09765625 0.0390625 0.0390625
0 0.3125 0.09765625 0.0390625 0.0390625
0 0.33203125 0.09765625 0.0390625 0.0390625
0 0.33203125 0.1015625 0.0390625 0.0390625
0 0.03515625 0.33203125 0.0390625 0.0390625
0 0.0390625 0.33203125 0.0390625 0.0390625
0 0.40234375 0.3359375 0.0390625 0.0390625
0 0.80859375 0.375 0.0390625 0.0390625
0 0.9609375 0.375 0.0390625 0.0390625
0 0.34375 0.40234375 0.0390625 0.0390625
0 0.88671875 0.40234375 0.0390625 0.0390625
0 0.5625 0.40625 0.0390625 0.0390625
0 0.56640625 0.40625 0.0390625 0.0390625
0 0.67578125 0.40625 0.0390625 0.0390625
0 0.88671875 0.40625 0.0390625 0.0390625
0 0.98828125 0.40625 0.0390625 0.0390625
0 0.9921875 0.40625 0.0390625 0.0390625
0 0.88671875 0.4375 0.0390625 0.0390625
0 0.65234375 0.46875 0.0390625 0.0390625
0 0.65625 0.46875 0.0390625 0.0390625
0 0.05078125 0.4921875 0.0390625 0.0390625
0 0.41015625 0.4921875 0.0390625 0.0390625
0 0.9609375 0.50390625 0.0390625 0.0390625
0 0.0 0.52734375 0.0390625 0.0390625
0 0.3203125 0.52734375 0.0390625 0.0390625
0 0.3203125 0.53125 0.0390625 0.0390625
0 0.58984375 0.53125 0.0390625 0.0390625
0 0.58984375 0.53515625 0.0390625 0.0390625
0 0.71484375 0.6171875 0.0390625 0.0390625
0 0.67578125 0.62109375 0.0390625 0.0390625
0 0.6796875 0.62109375 0.0390625 0.0390625
0 0.71484375 0.62109375 0.0390625 0.0390625
0 0.77734375 0.625 0.0390625 0.0390625
0 0.78125 0.625 0.0390625 0.0390625
0 0.77734375 0.62890625 0.0390625 0.0390625
0 0.78125 0.62890625 0.0390625 0.0390625
0 0.67578125 0.65234375 0.0390625 0.0390625
0 0.6796875 0.65234375 0.0390625 0.0390625
0 0.67578125 0.65625 0.0390625 0.0390625
0 0.6796875 0.65625 0.0390625 0.0390625
0 0.71875 0.65625 0.0390625 0.0390625
0 0.78125 0.6640625 0.0390625 0.0390625
0 0.6796875 0.6796875 0.0390625 0.0390625
0 0.71484375 0.68359375 0.0390625 0.0390625
0 0.8828125 0.68359375 0.0390625 0.0390625
0 0.8828125 0.6875 0.0390625 0.0390625
0 0.60546875 0.70703125 0.0390625 0.0390625
0 0.609375 0.70703125 0.0390625 0.0390625
0 0.71484375 0.70703125 0.0390625 0.0390625
0 0.60546875 0.7109375 0.0390625 0.0390625
0 0.609375 0.7109375 0.0390625 0.0390625
0 0.67578125 0.7109375 0.0390625 0.0390625
0 0.71484375 0.7109375 0.0390625 0.0390625
0 0.67578125 0.71484375 0.0390625 0.0390625
0 0.60546875 0.73828125 0.0390625 0.0390625
0 0.609375 0.73828125 0.0390625 0.0390625
0 0.6796875 0.73828125 0.0390625 0.0390625
0 0.77734375 0.7421875 0.0390625 0.0390625
0 0.78125 0.7421875 0.0390625 0.0390625
0 0.609375 0.765625 0.0390625 0.0390625
0 0.7109375 0.765625 0.0390625 0.0390625
0 0.71484375 0.765625 0.0390625 0.0390625
0 0.609375 0.76953125 0.0390625 0.0390625
0 0.7109375 0.76953125 0.0390625 0.0390625
0 0.71484375 0.76953125 0.0390625 0.0390625
0 0.60546875 0.79296875 0.0390625 0.0390625
0 0.609375 0.79296875 0.0390625 0.0390625
0 0.68359375 0.79296875 0.0390625 0.0390625
0 0.6875 0.79296875 0.0390625 0.0390625
0 0.60546875 0.796875 0.0390625 0.0390625
0 0.609375 0.796875 0.0390625 0.0390625
0 0.34375 0.81640625 0.0390625 0.0390625
0 0.34765625 0.81640625 0.0390625 0.0390625
0 0.60546875 0.8203125 0.0390625 0.0390625
0 0.60546875 0.84765625 0.0390625 0.0390625
0 0.421875 0.95703125 0.0390625 0.0390625
0 0.42578125 0.95703125 0.0390625 0.0390625
0 0.47265625 0.9609375 0.0390625 0.0390625
0 0.51171875 0.9609375 0.0390625 0.0390625
0 0.515625 0.9609375 0.0390625 0.0390625
0 0.4453125 0.96484375 0.0390625 0.0390625
0 0.44921875 0.96484375 0.0390625 0.0390625
0 0.6796875 0.96484375 0.0390625 0.0390625
0 0.68359375 0.96484375 0.0390625 0.0390625
0 0.7421875 0.96484375 0.0390625 0.0390625
0 0.7421875 0.96875 0.0390625 0.0390625
0 0.05859375 0.97265625 0.0390625 0.0390625
0 0.0625 0.97265625 0.0390625 0.0390625
0 0.01953125 0.9765625 0.0390625 0.0390625
0 0.0390625 0.9765625 0.0390625 0.0390625
0 0.04296875 0.9765625 0.0390625 0.0390625
0 0.05859375 0.9765625 0.0390625 0.0390625
0 0.0625 0.9765625 0.0390625 0.0390625
0 0.01953125 0.98046875 0.0390625 0.0390625
0 0.08203125 0.98046875 0.0390625 0.0390625
0 0.1015625 0.98046875 0.0390625 0.0390625
0 0.08203125 0.984375 0.0390625 0.0390625
0 0.125 0.984375 0.0390625 0.0390625
0 0.125 0.98828125 0.0390625 0.0390625
