0 0.54296875 0.11328125 0.0390625 0.0390625
0 0.13671875 0.12109375 0.0390625 0.0390625
0 0.54296875 0.15625 0.0390625 0.0390625
0 0.640625 0.18359375 0.0390625 0.0390625
0 0.19921875 0.296875 0.0390625 0.0390625
0 0.1953125 0.3203125 0.0390625 0.0390625
0 0.44140625 0.33984375 0.0390625 0.0390625
0 0.203125 0.34375 0.0390625 0.0390625
0 0.54296875 0.34375 0.0390625 0.0390625
0 0.1953125 0.36328125 0.0390625 0.0390625
0 0.19921875 0.36328125 0.0390625 0.0390625
0 0.3046875 0.36328125 0.0390625 0.0390625
0 0.30859375 0.36328125 0.0390625 0.0390625
0 0.19921875 0.3828125 0.0390625 0.0390625
0 0.30078125 0.3828125 0.0390625 0.0390625
0 0.3046875 0.3828125 0.0390625 0.0390625
0 0.19921875 0.38671875 0.0390625 0.0390625
0 0.54296875 0.38671875 0.0390625 0.0390625
0 0.546875 0.38671875 0.0390625 0.0390625
0 0.54296875 0.390625 0.0390625 0.0390625
0 0.546875 0.390625 0.0390625 0.0390625
0 0.3046875 0.40234375 0.0390625 0.0390625
0 0.640625 0.41015625 0.0390625 0.0390625
0 0.64453125 0.41015625 0.0390625 0.0390625
0 0.19921875 0.42578125 0.0390625 0.0390625
0 0.203125 0.42578125 0.0390625 0.0390625
0 0.19921875 0.4296875 0.0390625 0.0390625
0 0.203125 0.4296875 0.0390625 0.0390625
0 0.30078125 0.4453125 0.0390625 0.0390625
0 0.3046875 0.4453125 0.0390625 0.0390625
0 0.19140625 0.44921875 0.0390625 0.0390625
0 0.78515625 0.453125 0.0390625 0.0390625
0 0.7890625 0.453125 0.0390625 0.0390625
0 0.89453125 0.453125 0.0390625 0.0390625
0 0.95703125 0.4609375 0.0390625 0.0390625
0 0.95703125 0.46484375 0.0390625 0.0390625
0 0.3046875 0.46875 0.0390625 0.0390625
0 0.30859375 0.46875 0.0390625 0.0390625
0 0.08984375 0.4765625 0.0390625 0.0390625
0 0.1796875 0.4765625 0.0390625 0.0390625
0 0.18359375 0.4765625 0.0390625 0.0390625
0 0.08984375 0.48046875 0.0390625 0.0390625
0 0.1171875 0.48046875 0.0390625 0.0390625
0 0.1484375 0.48046875 0.0390625 0.0390625
0 0.1796875 0.48046875 0.0390625 0.0390625
0 0.18359375 0.48046875 0.0390625 0.0390625
0 0.26953125 0.53125 0.0390625 0.0390625
0 0.30859375 0.5390625 0.0390625 0.0390625
0 0.09375 0.5625 0.0390625 0.0390625
0 0.03515625 0.56640625 0.0390625 0.0390625
0 0.12890625 0.56640625 0.0390625 0.0390625
0 0.16015625 0.56640625 0.0390625 0.0390625
0 0.1640625 0.56640625 0.0390625 0.0390625
0 0.328125 0.63671875 0.0390625 0.0390625
0 0.33203125 0.63671875 0.0390625 0.0390625
0 0.328125 0.640625 0.0390625 0.0390625
0 0.33203125 0.640625 0.0390625 0.0390625
0 0.3046875 0.6484375 0.0390625 0.0390625
0 0.30859375 0.6484375 0.0390625 0.0390625
0 0.3046875 0.65234375 0.0390625 0.0390625
0 0.30859375 0.65234375 0.0390625 0.0390625
0 0.9609375 0.66796875 0.0390625 0.0390625
0 0.98046875 0.68359375 0.0390625 0.0390625
0 0.984375 0.68359375 0.0390625 0.0390625
0 0.98046875 0.6875 0.0390625 0.0390625
0 0.984375 0.6875 0.0390625 0.0390625
0 0.18359375 0.91796875 0.0390625 0.0390625
0 0.05078125 0.921875 0.0390625 0.0390625
0 0.18359375 0.921875 0.0390625 0.0390625
0 0.35546875 0.921875 0.0390625 0.0390625
0 0.76171875 0.921875 0.0390625 0.0390625
0 0.765625 0.921875 0.0390625 0.0390625
0 0.3046875 0.92578125 0.0390625 0.0390625
0 0.35546875 0.92578125 0.0390625 0.0390625
0 0.609375 0.92578125 0.0390625 0.0390625
0 0.65625 0.92578125 0.0390625 0.0390625
0 0.7109375 0.92578125 0.0390625 0.0390625
0 0.76171875 0.92578125 0.0390625 0.0390625
0 0.765625 0.92578125 0.0390625 0.0390625
0 0.609375 0.9296875 0.0390625 0.0390625
0 0.9453125 0.98828125 0.0390625 0.0390625
