0 0.20703125 0.1015625 0.0390625 0.0390625
0 0.2265625 0.1015625 0.0390625 0.0390625
0 0.1328125 0.10546875 0.0390625 0.0390625
0 0.15234375 0.10546875 0.0390625 0.0390625
0 0.15234375 0.109375 0.0390625 0.0390625
0 0.30859375 0.12109375 0.0390625 0.0390625
0 0.359375 0.12109375 0.0390625 0.0390625
0 0.57421875 0.12109375 0.0390625 0.0390625
0 0.30859375 0.125 0.0390625 0.0390625
0 0.3359375 0.125 0.0390625 0.0390625
0 0.359375 0.125 0.0390625 0.0390625
0 0.38671875 0.1328125 0.0390625 0.0390625
0 0.59765625 0.16796875 0.0390625 0.0390625
0 0.26953125 0.2109375 0.0390625 0.0390625
0 0.26953125 0.21484375 0.0390625 0.0390625
0 0.0 0.21875 0.0390625 0.0390625
0 0.29296875 0.21875 0.0390625 0.0390625
0 0.671875 0.21875 0.0390625 0.0390625
0 0.01953125 0.22265625 0.0390625 0.0390625
0 0.0234375 0.22265625 0.0390625 0.0390625
0 0.0390625 0.22265625 0.0390625 0.0390625
0 0.04296875 0.22265625 0.0390625 0.0390625
0 0.10546875 0.22265625 0.0390625 0.0390625
0 0.12890625 0.22265625 0.0390625 0.0390625
0 0.234375 0.22265625 0.0390625 0.0390625
0 0.25390625 0.22265625 0.0390625 0.0390625
0 0.33984375 0.22265625 0.0390625 0.0390625
0 0.0625 0.2265625 0.0390625 0.0390625
0 0.12890625 0.2265625 0.0390625 0.0390625
0 0.171875 0.2265625 0.0390625 0.0390625
0 0.19140625 0.2265625 0.0390625 0.0390625
0 0.33984375 0.2265625 0.0390625 0.0390625
0 0.015625 0.2890625 0.0390625 0.0390625
0 0.01953125 0.2890625 0.0390625 0.0390625
0 0.125 0.31640625 0.0390625 0.0390625
0 0.00390625 0.3203125 0.0390625 0.0390625
0 0.0078125 0.3203125 0.0390625 0.0390625
0 0.125 0.3203125 0.0390625 0.0390625
0 0.00390625 0.32421875 0.0390625 0.0390625
0 0.0078125 0.32421875 0.0390625 0.0390625
0 0.0078125 0.36328125 0.0390625 0.0390625
0 0.0078125 0.3671875 0.0390625 0.0390625
0 0.1484375 0.41796875 0.0390625 0.0390625
0 0.109375 0.4375 0.0390625 0.0390625
0 0.0 0.45703125 0.0390625 0.0390625
0 0.00390625 0.45703125 0.0390625 0.0390625
0 0.0 0.4609375 0.0390625 0.0390625
0 0.00390625 0.4609375 0.0390625 0.0390625
0 0.10546875 0.4765625 0.0390625 0.0390625
0 0.109375 0.4765625 0.0390625 0.0390625
0 0.10546875 0.49609375 0.0390625 0.0390625
0 0.10546875 0.5 0.0390625 0.0390625
0 0.15234375 0.5 0.0390625 0.0390625
0 0.10546875 0.51953125 0.0390625 0.0390625
0 0.109375 0.5390625 0.0390625 0.0390625
0 0.2890625 0.5390625 0.0390625 0.0390625
0 0.29296875 0.5390625 0.0390625 0.0390625
0 0.1953125 0.55078125 0.0390625 0.0390625
0 0.19921875 0.55078125 0.0390625 0.0390625
0 0.10546875 0.55859375 0.0390625 0.0390625
0 0.1484375 0.55859375 0.0390625 0.0390625
0 0.11328125 0.578125 0.0390625 0.0390625
0 0.15234375 0.578125 0.0390625 0.0390625
0 0.296875 0.58203125 0.0390625 0.0390625
0 0.0 0.59765625 0.0390625 0.0390625
0 0.109375 0.59765625 0.0390625 0.0390625
0 0.15234375 0.59765625 0.0390625 0.0390625
0 0.24609375 0.59765625 0.0390625 0.0390625
0 0.10546875 0.6171875 0.0390625 0.0390625
0 0.109375 0.6171875 0.0390625 0.0390625
0 0.25390625 0.62109375 0.0390625 0.0390625
0 0.72265625 0.62890625 0.0390625 0.0390625
0 0.15234375 0.63671875 0.0390625 0.0390625
0 0.10546875 0.640625 0.0390625 0.0390625
0 0.15234375 0.640625 0.0390625 0.0390625
0 0.10546875 0.65625 0.0390625 0.0390625
0 0.10546875 0.66015625 0.0390625 0.0390625
0 0.7265625 0.66796875 0.0390625 0.0390625
0 0.49609375 0.671875 0.0390625 0.0390625
0 0.703125 0.671875 0.0390625 0.0390625
0 0.5546875 0.67578125 0.0390625 0.0390625
0 0.10546875 0.6796875 0.0390625 0.0390625
0 0.15234375 0.6796875 0.0390625 0.0390625
0 0.10546875 0.68359375 0.0390625 0.0390625
0 0.15234375 0.69921875 0.0390625 0.0390625
0 0.10546875 0.71875 0.0390625 0.0390625
0 0.109375 0.71875 0.0390625 0.0390625
0 0.10546875 0.72265625 0.0390625 0.0390625
0 0.109375 0.72265625 0.0390625 0.0390625
0 0.10546875 0.73828125 0.0390625 0.0390625
0 0.109375 0.73828125 0.0390625 0.0390625
0 0.10546875 0.7421875 0.0390625 0.0390625
0 0.109375 0.7421875 0.0390625 0.0390625
0 0.65625 0.76953125 0.0390625 0.0390625
0 0.66015625 0.76953125 0.0390625 0.0390625
0 0.69921875 0.7734375 0.0390625 0.0390625
0 0.703125 0.7734375 0.0390625 0.0390625
0 0.1015625 0.78125 0.0390625 0.0390625
0 0.10546875 0.78125 0.0390625 0.0390625
0 0.3828125 0.7890625 0.0390625 0.0390625
0 0.94140625 0.8046875 0.0390625 0.0390625
0 0.69921875 0.81640625 0.0390625 0.0390625
0 0.703125 0.81640625 0.0390625 0.0390625
0 0.69921875 0.8203125 0.0390625 0.0390625
0 0.703125 0.8203125 0.0390625 0.0390625
0 0.03125 0.86328125 0.0390625 0.0390625
0 0.03515625 0.86328125 0.0390625 0.0390625
0 0.09765625 0.8671875 0.0390625 0.0390625
0 0.07421875 0.87109375 0.0390625 0.0390625
0 0.09765625 0.87109375 0.0390625 0.0390625
0 0.2421875 0.90234375 0.0390625 0.0390625
0 0.23828125 0.94921875 0.0390625 0.0390625
0 0.33984375 0.95703125 0.0390625 0.0390625
0 0.36328125 0.9609375 0.0390625 0.0390625
0 0.3671875 0.9609375 0.0390625 0.0390625
0 0.39453125 0.9609375 0.0390625 0.0390625
0 0.39453125 0.96484375 0.0390625 0.0390625
0 0.234375 0.96875 0.0390625 0.0390625
0 0.23828125 0.98828125 0.0390625 0.0390625
0 0.23828125 0.9921875 0.0390625 0.0390625
