0 0.25 0.18238993710691823 0.0390625 0.06289308176100629
0 0.58203125 0.22641509433962265 0.0390625 0.06289308176100629
0 0.58203125 0.2893081761006289 0.0390625 0.06289308176100629
0 0.25 0.29559748427672955 0.0390625 0.06289308176100629
0 0.25390625 0.29559748427672955 0.0390625 0.06289308176100629
0 0.25 0.3018867924528302 0.0390625 0.06289308176100629
0 0.25390625 0.3018867924528302 0.0390625 0.06289308176100629
0 0.58203125 0.31446540880503143 0.0390625 0.06289308176100629
0 0.44140625 0.32075471698113206 0.0390625 0.06289308176100629
0 0.4453125 0.32075471698113206 0.0390625 0.06289308176100629
0 0.58203125 0.32075471698113206 0.0390625 0.06289308176100629
0 0.25 0.3836477987421384 0.0390625 0.06289308176100629
0 0.25 0.389937106918239 0.0390625 0.06289308176100629
0 0.578125 0.389937106918239 0.0390625 0.06289308176100629
0 0.6875 0.39622641509433965 0.0390625 0.06289308176100629
0 0.69140625 0.39622641509433965 0.0390625 0.06289308176100629
0 0.4453125 0.41509433962264153 0.0390625 0.06289308176100629
0 0.69140625 0.42138364779874216 0.0390625 0.06289308176100629
0 0.6953125 0.42138364779874216 0.0390625 0.06289308176100629
0 0.69140625 0.4276729559748428 0.0390625 0.06289308176100629
0 0.6953125 0.4276729559748428 0.0390625 0.06289308176100629
0 0.68359375 0.49056603773584906 0.0390625 0.06289308176100629
0 0.68359375 0.4968553459119497 0.0390625 0.06289308176100629
0 0.01953125 0.5534591194968553 0.0390625 0.06289308176100629
0 0.01953125 0.559748427672956 0.0390625 0.06289308176100629
0 0.515625 0.559748427672956 0.0390625 0.06289308176100629
0 0.51953125 0.559748427672956 0.0390625 0.06289308176100629
0 0.6875 0.5660377358490566 0.0390625 0.06289308176100629
0 0.51171875 0.5974842767295597 0.0390625 0.06289308176100629
0 0.515625 0.5974842767295597 0.0390625 0.06289308176100629
0 0.515625 0.6289308176100629 0.0390625 0.06289308176100629
0 0.515625 0.660377358490566 0.0390625 0.06289308176100629
0 0.515625 0.6981132075471698 0.0390625 0.06289308176100629
0 0.51171875 0.7672955974842768 0.0390625 0.06289308176100629
0 0.51171875 0.8679245283018868 0.0390625 0.06289308176100629
0 0.51171875 0.8742138364779874 0.0390625 0.06289308176100629
