0 0.12109375 0.015625 0.0390625 0.0390625
0 0.125 0.015625 0.0390625 0.0390625
0 0.5546875 0.04296875 0.0390625 0.0390625
0 0.55859375 0.04296875 0.0390625 0.0390625
0 0.0 0.078125 0.0390625 0.0390625
0 0.55078125 0.08203125 0.0390625 0.0390625
0 0.1953125 0.09765625 0.0390625 0.0390625
0 0.55078125 0.14453125 0.0390625 0.0390625
0 0.1953125 0.1484375 0.0390625 0.0390625
0 0.6953125 0.1484375 0.0390625 0.0390625
0 0.69921875 0.1484375 0.0390625 0.0390625
0 0.1953125 0.15234375 0.0390625 0.0390625
0 0.6953125 0.15234375 0.0390625 0.0390625
0 0.69921875 0.15234375 0.0390625 0.0390625
0 0.73046875 0.25 0.0390625 0.0390625
0 0.83203125 0.28515625 0.0390625 0.0390625
0 0.19140625 0.29296875 0.0390625 0.0390625
0 0.1953125 0.29296875 0.0390625 0.0390625
0 0.8203125 0.328125 0.0390625 0.0390625
0 0.16015625 0.37109375 0.0390625 0.0390625
0 0.16015625 0.375 0.0390625 0.0390625
0 0.0234375 0.4140625 0.0390625 0.0390625
0 0.75 0.44140625 0.0390625 0.0390625
0 0.80859375 0.44140625 0.0390625 0.0390625
0 0.8515625 0.44140625 0.0390625 0.0390625
0 0.85546875 0.44140625 0.0390625 0.0390625
0 0.90234375 0.44140625 0.0390625 0.0390625
0 0.90625 0.44140625 0.0390625 0.0390625
0 0.80859375 0.4453125 0.0390625 0.0390625
0 0.90234375 0.4453125 0.0390625 0.0390625
0 0.90625 0.4453125 0.0390625 0.0390625
0 0.9609375 0.4453125 0.0390625 0.0390625
0 0.96484375 0.4453125 0.0390625 0.0390625
0 0.28515625 0.5 0.0390625 0.0390625
0 0.2890625 0.5 0.0390625 0.0390625
0 0.34765625 0.5 0.0390625 0.0390625
0 0.41015625 0.5 0.0390625 0.0390625
0 0.41015625 0.50390625 0.0390625 0.0390625
0 0.48828125 0.50390625 0.0390625 0.0390625
0 0.33984375 0.5390625 0.0390625 0.0390625
0 0.28125 0.54296875 0.0390625 0.0390625
0 0.33984375 0.54296875 0.0390625 0.0390625
0 0.1875 0.84375 0.0390625 0.0390625
0 0.1875 0.890625 0.0390625 0.0390625
0 0.1875 0.9453125 0.0390625 0.0390625
