0 0.7924528301886793 0.01171875 0.06289308176100629 0.0390625
0 0.7924528301886793 0.015625 0.06289308176100629 0.0390625
0 0.11320754716981132 0.16015625 0.06289308176100629 0.0390625
0 0.11949685534591195 0.16015625 0.06289308176100629 0.0390625
0 0.5157232704402516 0.171875 0.06289308176100629 0.0390625
0 0.4276729559748428 0.17578125 0.06289308176100629 0.0390625
0 0.4339622641509434 0.17578125 0.06289308176100629 0.0390625
0 0.5157232704402516 0.17578125 0.06289308176100629 0.0390625
0 0.12578616352201258 0.18359375 0.06289308176100629 0.0390625
0 0.3018867924528302 0.203125 0.06289308176100629 0.0390625
0 0.3018867924528302 0.20703125 0.06289308176100629 0.0390625
0 0.12578616352201258 0.21875 0.06289308176100629 0.0390625
0 0.12578616352201258 0.2578125 0.06289308176100629 0.0390625
0 0.11949685534591195 0.30078125 0.06289308176100629 0.0390625
0 0.12578616352201258 0.30078125 0.06289308176100629 0.0390625
0 0.11320754716981132 0.36328125 0.06289308176100629 0.0390625
0 0.11949685534591195 0.36328125 0.06289308176100629 0.0390625
0 0.29559748427672955 0.3828125 0.06289308176100629 0.0390625
0 0.12578616352201258 0.39453125 0.06289308176100629 0.0390625
0 0.29559748427672955 0.40234375 0.06289308176100629 0.0390625
0 0.3018867924528302 0.40234375 0.06289308176100629 0.0390625
0 0.12578616352201258 0.4140625 0.06289308176100629 0.0390625
0 0.2893081761006289 0.41796875 0.06289308176100629 0.0390625
0 0.11320754716981132 0.4375 0.06289308176100629 0.0390625
0 0.11949685534591195 0.4375 0.06289308176100629 0.0390625
0 0.11320754716981132 0.44140625 0.06289308176100629 0.0390625
0 0.11949685534591195 0.44140625 0.06289308176100629 0.0390625
0 0.29559748427672955 0.44140625 0.06289308176100629 0.0390625
0 0.3018867924528302 0.44140625 0.06289308176100629 0.0390625
0 0.29559748427672955 0.4453125 0.06289308176100629 0.0390625
0 0.3018867924528302 0.4453125 0.06289308176100629 0.0390625
0 0.12578616352201258 0.45703125 0.06289308176100629 0.0390625
0 0.29559748427672955 0.45703125 0.06289308176100629 0.0390625
0 0.29559748427672955 0.4609375 0.06289308176100629 0.0390625
0 0.2893081761006289 0.4765625 0.06289308176100629 0.0390625
0 0.2893081761006289 0.48046875 0.06289308176100629 0.0390625
0 0.1320754716981132 0.49609375 0.06289308176100629 0.0390625
0 0.2830188679245283 0.49609375 0.06289308176100629 0.0390625
0 0.2830188679245283 0.5 0.06289308176100629 0.0390625
0 0.11949685534591195 0.515625 0.06289308176100629 0.0390625
0 0.12578616352201258 0.515625 0.06289308176100629 0.0390625
0 0.29559748427672955 0.515625 0.06289308176100629 0.0390625
0 0.29559748427672955 0.51953125 0.06289308176100629 0.0390625
0 0.031446540880503145 0.55078125 0.06289308176100629 0.0390625
0 0.03773584905660377 0.55078125 0.06289308176100629 0.0390625
0 0.031446540880503145 0.5546875 0.06289308176100629 0.0390625
0 0.03773584905660377 0.5546875 0.06289308176100629 0.0390625
0 0.025157232704402517 0.66015625 0.06289308176100629 0.0390625
0 0.2578616352201258 0.67578125 0.06289308176100629 0.0390625
0 0.2641509433962264 0.67578125 0.06289308176100629 0.0390625
0 0.29559748427672955 0.67578125 0.06289308176100629 0.0390625
0 0.33962264150943394 0.67578125 0.06289308176100629 0.0390625
0 0.33962264150943394 0.6796875 0.06289308176100629 0.0390625
0 0.3270440251572327 0.73046875 0.06289308176100629 0.0390625
0 0.3333333333333333 0.73046875 0.06289308176100629 0.0390625
0 0.5849056603773585 0.73046875 0.06289308176100629 0.0390625
0 0.5911949685534591 0.73046875 0.06289308176100629 0.0390625
0 0.4339622641509434 0.80859375 0.06289308176100629 0.0390625
0 0.44025157232704404 0.80859375 0.06289308176100629 0.0390625
0 0.4339622641509434 0.8125 0.06289308176100629 0.0390625
0 0.44025157232704404 0.8125 0.06289308176100629 0.0390625
0 0.4716981132075472 0.8125 0.06289308176100629 0.0390625
0 0.5157232704402516 0.8125 0.06289308176100629 0.0390625
0 0.9371069182389937 0.9453125 0.06289308176100629 0.0390625
0 0.9433962264150944 0.9453125 0.06289308176100629 0.0390625
0 0.49056603773584906 0.97265625 0.06289308176100629 0.0390625
0 0.6352201257861635 0.9765625 0.06289308176100629 0.0390625
0 0.6415094339622641 0.9765625 0.06289308176100629 0.0390625
0 0.6352201257861635 0.98046875 0.06289308176100629 0.0390625
0 0.6415094339622641 0.98046875 0.06289308176100629 0.0390625
0 0.8679245283018868 0.99609375 0.06289308176100629 0.0390625
0 0.9371069182389937 0.99609375 0.06289308176100629 0.0390625
