0 0.1015625 0.17578125 0.0390625 0.0390625
0 0.1015625 0.1796875 0.0390625 0.0390625
0 0.8359375 0.50390625 0.0390625 0.0390625
0 0.16796875 0.55859375 0.0390625 0.0390625
0 0.27734375 0.65625 0.0390625 0.0390625
0 0.27734375 0.70703125 0.0390625 0.0390625
0 0.2734375 0.73046875 0.0390625 0.0390625
0 0.51953125 0.73828125 0.0390625 0.0390625
0 0.5234375 0.73828125 0.0390625 0.0390625
0 0.2734375 0.7578125 0.0390625 0.0390625
0 0.5234375 0.7734375 0.0390625 0.0390625
0 0.52734375 0.7734375 0.0390625 0.0390625
0 0.5234375 0.77734375 0.0390625 0.0390625
0 0.52734375 0.77734375 0.0390625 0.0390625
0 0.52734375 0.8203125 0.0390625 0.0390625
0 0.2734375 0.828125 0.0390625 0.0390625
0 0.2734375 0.83203125 0.0390625 0.0390625
0 0.5234375 0.86328125 0.0390625 0.0390625
0 0.52734375 0.86328125 0.0390625 0.0390625
0 0.51953125 0.8828125 0.0390625 0.0390625
0 0.51953125 0.88671875 0.0390625 0.0390625
0 0.9296875 0.93359375 0.0390625 0.0390625
0 0.97265625 0.93359375 0.0390625 0.0390625
0 0.53125 0.97265625 0.0390625 0.0390625
0 0.51953125 0.9921875 0.0390625 0.0390625
0 0.62109375 0.9921875 0.0390625 0.0390625
0 0.625 0.9921875 0.0390625 0.0390625
