0 0.59375 0.02734375 0.0390625 0.0390625
0 0.79296875 0.02734375 0.0390625 0.0390625
0 0.79296875 0.03125 0.0390625 0.0390625
0 0.765625 0.125 0.0390625 0.0390625
0 0.8125 0.125 0.0390625 0.0390625
0 0.8359375 0.125 0.0390625 0.0390625
0 0.7421875 0.12890625 0.0390625 0.0390625
0 0.8359375 0.12890625 0.0390625 0.0390625
0 0.80859375 0.19140625 0.0390625 0.0390625
0 0.703125 0.1953125 0.0390625 0.0390625
0 0.80859375 0.1953125 0.0390625 0.0390625
0 0.80078125 0.2109375 0.0390625 0.0390625
0 0.80078125 0.21484375 0.0390625 0.0390625
0 0.703125 0.23828125 0.0390625 0.0390625
0 0.21484375 0.25390625 0.0390625 0.0390625
0 0.69921875 0.2578125 0.0390625 0.0390625
0 0.70703125 0.32421875 0.0390625 0.0390625
0 0.70703125 0.34375 0.0390625 0.0390625
0 0.84375 0.375 0.0390625 0.0390625
0 0.88671875 0.375 0.0390625 0.0390625
0 0.84375 0.37890625 0.0390625 0.0390625
0 0.13671875 0.45703125 0.0390625 0.0390625
0 0.00390625 0.62109375 0.0390625 0.0390625
0 0.3671875 0.625 0.0390625 0.0390625
0 0.41796875 0.625 0.0390625 0.0390625
0 0.3671875 0.62890625 0.0390625 0.0390625
0 0.79296875 0.62890625 0.0390625 0.0390625
0 0.31640625 0.70703125 0.0390625 0.0390625
0 0.3203125 0.70703125 0.0390625 0.0390625
0 0.5234375 0.70703125 0.0390625 0.0390625
0 0.59375 0.70703125 0.0390625 0.0390625
0 0.59765625 0.70703125 0.0390625 0.0390625
0 0.12890625 0.80078125 0.0390625 0.0390625
0 0.1328125 0.80078125 0.0390625 0.0390625
0 0.90625 0.8359375 0.0390625 0.0390625
0 0.91015625 0.8359375 0.0390625 0.0390625
0 0.65234375 0.83984375 0.0390625 0.0390625
0 0.65625 0.83984375 0.0390625 0.0390625
0 0.6953125 0.83984375 0.0390625 0.0390625
0 0.69921875 0.83984375 0.0390625 0.0390625
0 0.84765625 0.83984375 0.0390625 0.0390625
0 0.90625 0.83984375 0.0390625 0.0390625
0 0.91015625 0.83984375 0.0390625 0.0390625
0 0.6328125 0.84375 0.0390625 0.0390625
0 0.63671875 0.84375 0.0390625 0.0390625
0 0.6796875 0.84375 0.0390625 0.0390625
0 0.7421875 0.84375 0.0390625 0.0390625
0 0.76171875 0.84375 0.0390625 0.0390625
0 0.78125 0.84375 0.0390625 0.0390625
0 0.78515625 0.84375 0.0390625 0.0390625
0 0.80078125 0.84375 0.0390625 0.0390625
0 0.8046875 0.84375 0.0390625 0.0390625
0 0.82421875 0.84375 0.0390625 0.0390625
0 0.87109375 0.84375 0.0390625 0.0390625
0 0.875 0.84375 0.0390625 0.0390625
0 0.6796875 0.84765625 0.0390625 0.0390625
0 0.76171875 0.84765625 0.0390625 0.0390625
0 0.87109375 0.84765625 0.0390625 0.0390625
0 0.875 0.84765625 0.0390625 0.0390625
0 0.65234375 0.9453125 0.0390625 0.0390625
0 0.6953125 0.9453125 0.0390625 0.0390625
0 0.69921875 0.9453125 0.0390625 0.0390625
0 0.91015625 0.9453125 0.0390625 0.0390625
0 0.93359375 0.9453125 0.0390625 0.0390625
0 0.953125 0.9453125 0.0390625 0.0390625
0 0.671875 0.94921875 0.0390625 0.0390625
0 0.7578125 0.94921875 0.0390625 0.0390625
0 0.71484375 0.953125 0.0390625 0.0390625
0 0.71875 0.953125 0.0390625 0.0390625
0 0.73828125 0.953125 0.0390625 0.0390625
0 0.82421875 0.953125 0.0390625 0.0390625
0 0.88671875 0.953125 0.0390625 0.0390625
0 0.78125 0.95703125 0.0390625 0.0390625
0 0.80078125 0.95703125 0.0390625 0.0390625
0 0.82421875 0.95703125 0.0390625 0.0390625
0 0.86328125 0.95703125 0.0390625 0.0390625
0 0.84765625 0.9609375 0.0390625 0.0390625
0 0.203125 0.96484375 0.0390625 0.0390625
0 0.6953125 0.98828125 0.0390625 0.0390625
0 0.65234375 0.9921875 0.0390625 0.0390625
0 0.671875 0.9921875 0.0390625 0.0390625
0 0.7109375 0.9921875 0.0390625 0.0390625
0 0.71484375 0.9921875 0.0390625 0.0390625
0 0.734375 0.9921875 0.0390625 0.0390625
0 0.73828125 0.9921875 0.0390625 0.0390625
0 0.7578125 0.9921875 0.0390625 0.0390625
0 0.80078125 0.9921875 0.0390625 0.0390625
0 0.82421875 0.9921875 0.0390625 0.0390625
0 0.88671875 0.9921875 0.0390625 0.0390625
0 0.90625 0.9921875 0.0390625 0.0390625
0 0.9296875 0.9921875 0.0390625 0.0390625
0 0.7109375 0.99609375 0.0390625 0.0390625
0 0.71484375 0.99609375 0.0390625 0.0390625
0 0.734375 0.99609375 0.0390625 0.0390625
0 0.73828125 0.99609375 0.0390625 0.0390625
0 0.7578125 0.99609375 0.0390625 0.0390625
0 0.78125 0.99609375 0.0390625 0.0390625
0 0.78515625 0.99609375 0.0390625 0.0390625
0 0.84375 0.99609375 0.0390625 0.0390625
0 0.84765625 0.99609375 0.0390625 0.0390625
0 0.86328125 0.99609375 0.0390625 0.0390625
0 0.8671875 0.99609375 0.0390625 0.0390625
0 0.88671875 0.99609375 0.0390625 0.0390625
0 0.90625 0.99609375 0.0390625 0.0390625
0 0.94921875 0.99609375 0.0390625 0.0390625
0 0.953125 0.99609375 0.0390625 0.0390625
