0 0.0703125 0.01171875 0.0390625 0.0390625
0 0.0703125 0.015625 0.0390625 0.0390625
0 0.8203125 0.01953125 0.0390625 0.0390625
0 0.82421875 0.01953125 0.0390625 0.0390625
0 0.8203125 0.0234375 0.0390625 0.0390625
0 0.82421875 0.0234375 0.0390625 0.0390625
0 0.06640625 0.03125 0.0390625 0.0390625
0 0.0703125 0.03125 0.0390625 0.0390625
0 0.359375 0.04296875 0.0390625 0.0390625
0 0.0703125 0.0546875 0.0390625 0.0390625
0 0.0703125 0.05859375 0.0390625 0.0390625
0 0.0703125 0.08984375 0.0390625 0.0390625
0 0.07421875 0.08984375 0.0390625 0.0390625
0 0.0 0.10546875 0.0390625 0.0390625
0 0.1171875 0.10546875 0.0390625 0.0390625
0 0.12109375 0.10546875 0.0390625 0.0390625
0 0.1484375 0.10546875 0.0390625 0.0390625
0 0.36328125 0.10546875 0.0390625 0.0390625
0 0.0 0.109375 0.0390625 0.0390625
0 0.05859375 0.109375 0.0390625 0.0390625
0 0.36328125 0.109375 0.0390625 0.0390625
0 0.38671875 0.109375 0.0390625 0.0390625
0 0.40625 0.109375 0.0390625 0.0390625
0 0.1875 0.11328125 0.0390625 0.0390625
0 0.38671875 0.11328125 0.0390625 0.0390625
0 0.515625 0.11328125 0.0390625 0.0390625
0 0.82421875 0.1171875 0.0390625 0.0390625
0 0.828125 0.1171875 0.0390625 0.0390625
0 0.9765625 0.12109375 0.0390625 0.0390625
0 0.99609375 0.12109375 0.0390625 0.0390625
0 0.95703125 0.125 0.0390625 0.0390625
0 0.99609375 0.125 0.0390625 0.0390625
0 0.09375 0.1484375 0.0390625 0.0390625
0 0.66796875 0.15625 0.0390625 0.0390625
0 0.796875 0.15625 0.0390625 0.0390625
0 0.66796875 0.16015625 0.0390625 0.0390625
0 0.08984375 0.16796875 0.0390625 0.0390625
0 0.08984375 0.171875 0.0390625 0.0390625
0 0.1796875 0.171875 0.0390625 0.0390625
0 0.19921875 0.171875 0.0390625 0.0390625
0 0.21875 0.171875 0.0390625 0.0390625
0 0.140625 0.17578125 0.0390625 0.0390625
0 0.16015625 0.17578125 0.0390625 0.0390625
0 0.1640625 0.17578125 0.0390625 0.0390625
0 0.21875 0.17578125 0.0390625 0.0390625
0 0.2578125 0.17578125 0.0390625 0.0390625
0 0.140625 0.1796875 0.0390625 0.0390625
0 0.2578125 0.1796875 0.0390625 0.0390625
0 0.2734375 0.1796875 0.0390625 0.0390625
0 0.27734375 0.1796875 0.0390625 0.0390625
0 0.12109375 0.18359375 0.0390625 0.0390625
0 0.08203125 0.1953125 0.0390625 0.0390625
0 0.98046875 0.2265625 0.0390625 0.0390625
0 0.984375 0.2265625 0.0390625 0.0390625
0 0.09375 0.25390625 0.0390625 0.0390625
0 0.09765625 0.25390625 0.0390625 0.0390625
0 0.09375 0.27734375 0.0390625 0.0390625
0 0.140625 0.28515625 0.0390625 0.0390625
0 0.2734375 0.28515625 0.0390625 0.0390625
0 0.12109375 0.2890625 0.0390625 0.0390625
0 0.140625 0.2890625 0.0390625 0.0390625
0 0.15625 0.2890625 0.0390625 0.0390625
0 0.17578125 0.2890625 0.0390625 0.0390625
0 0.1953125 0.2890625 0.0390625 0.0390625
0 0.21484375 0.2890625 0.0390625 0.0390625
0 0.234375 0.2890625 0.0390625 0.0390625
0 0.08984375 0.296875 0.0390625 0.0390625
0 0.08984375 0.31640625 0.0390625 0.0390625
0 0.09375 0.31640625 0.0390625 0.0390625
0 0.8203125 0.3203125 0.0390625 0.0390625
0 0.8203125 0.32421875 0.0390625 0.0390625
0 0.8203125 0.37109375 0.0390625 0.0390625
0 0.66796875 0.3984375 0.0390625 0.0390625
0 0.671875 0.3984375 0.0390625 0.0390625
0 0.66796875 0.44921875 0.0390625 0.0390625
0 0.66796875 0.59375 0.0390625 0.0390625
0 0.66796875 0.59765625 0.0390625 0.0390625
0 0.13671875 0.68359375 0.0390625 0.0390625
0 0.109375 0.6875 0.0390625 0.0390625
0 0.1796875 0.6875 0.0390625 0.0390625
0 0.18359375 0.6875 0.0390625 0.0390625
0 0.28515625 0.6875 0.0390625 0.0390625
0 0.6640625 0.703125 0.0390625 0.0390625
0 0.6640625 0.70703125 0.0390625 0.0390625
0 0.10546875 0.72265625 0.0390625 0.0390625
0 0.10546875 0.75 0.0390625 0.0390625
0 0.6640625 0.75390625 0.0390625 0.0390625
0 0.19140625 0.7578125 0.0390625 0.0390625
0 0.1953125 0.7578125 0.0390625 0.0390625
0 0.2421875 0.76171875 0.0390625 0.0390625
0 0.71484375 0.76171875 0.0390625 0.0390625
0 0.71484375 0.765625 0.0390625 0.0390625
0 0.8125 0.796875 0.0390625 0.0390625
0 0.81640625 0.796875 0.0390625 0.0390625
0 0.6640625 0.80859375 0.0390625 0.0390625
0 0.19140625 0.85546875 0.0390625 0.0390625
0 0.1953125 0.85546875 0.0390625 0.0390625
0 0.19140625 0.859375 0.0390625 0.0390625
0 0.1953125 0.859375 0.0390625 0.0390625
0 0.92578125 0.87890625 0.0390625 0.0390625
0 0.9296875 0.87890625 0.0390625 0.0390625
0 0.92578125 0.8828125 0.0390625 0.0390625
0 0.9296875 0.8828125 0.0390625 0.0390625
0 0.42578125 0.9453125 0.0390625 0.0390625
0 0.4453125 0.9453125 0.0390625 0.0390625
0 0.4609375 0.9453125 0.0390625 0.0390625
0 0.46484375 0.9453125 0.0390625 0.0390625
0 0.5078125 0.9453125 0.0390625 0.0390625
0 0.0 0.94921875 0.0390625 0.0390625
0 0.00390625 0.94921875 0.0390625 0.0390625
0 0.48828125 0.94921875 0.0390625 0.0390625
0 0.0 0.953125 0.0390625 0.0390625
0 0.00390625 0.953125 0.0390625 0.0390625
0 0.18359375 0.953125 0.0390625 0.0390625
0 0.56640625 0.953125 0.0390625 0.0390625
0 0.5703125 0.953125 0.0390625 0.0390625
0 0.21484375 0.98046875 0.0390625 0.0390625
0 0.25390625 0.98046875 0.0390625 0.0390625
0 0.2578125 0.98046875 0.0390625 0.0390625
