0 0.77734375 0.1640625 0.0390625 0.0390625
0 0.78125 0.1640625 0.0390625 0.0390625
0 0.77734375 0.16796875 0.0390625 0.0390625
0 0.78125 0.16796875 0.0390625 0.0390625
0 0.41015625 0.19140625 0.0390625 0.0390625
0 0.06640625 0.1953125 0.0390625 0.0390625
0 0.37890625 0.1953125 0.0390625 0.0390625
0 0.41015625 0.1953125 0.0390625 0.0390625
0 0.0546875 0.234375 0.0390625 0.0390625
0 0.05859375 0.234375 0.0390625 0.0390625
0 0.05859375 0.2578125 0.0390625 0.0390625
0 0.0625 0.2578125 0.0390625 0.0390625
0 0.171875 0.2578125 0.0390625 0.0390625
0 0.41015625 0.2578125 0.0390625 0.0390625
0 0.4140625 0.2578125 0.0390625 0.0390625
0 0.171875 0.26171875 0.0390625 0.0390625
0 0.0546875 0.27734375 0.0390625 0.0390625
0 0.05859375 0.27734375 0.0390625 0.0390625
0 0.171875 0.28125 0.0390625 0.0390625
0 0.17578125 0.28125 0.0390625 0.0390625
0 0.05859375 0.30078125 0.0390625 0.0390625
0 0.171875 0.30078125 0.0390625 0.0390625
0 0.05859375 0.3203125 0.0390625 0.0390625
0 0.0625 0.3203125 0.0390625 0.0390625
0 0.05859375 0.32421875 0.0390625 0.0390625
0 0.0625 0.32421875 0.0390625 0.0390625
0 0.17578125 0.32421875 0.0390625 0.0390625
0 0.0546875 0.33984375 0.0390625 0.0390625
0 0.05859375 0.33984375 0.0390625 0.0390625
0 0.0546875 0.34375 0.0390625 0.0390625
0 0.05859375 0.34375 0.0390625 0.0390625
0 0.171875 0.34375 0.0390625 0.0390625
0 0.171875 0.34765625 0.0390625 0.0390625
0 0.16796875 0.3671875 0.0390625 0.0390625
0 0.9296875 0.3671875 0.0390625 0.0390625
0 0.17578125 0.38671875 0.0390625 0.0390625
0 0.171875 0.40625 0.0390625 0.0390625
0 0.16796875 0.44921875 0.0390625 0.0390625
0 0.16796875 0.453125 0.0390625 0.0390625
0 0.17578125 0.46875 0.0390625 0.0390625
0 0.171875 0.4921875 0.0390625 0.0390625
0 0.17578125 0.4921875 0.0390625 0.0390625
0 0.0546875 0.50390625 0.0390625 0.0390625
0 0.0625 0.52734375 0.0390625 0.0390625
0 0.0546875 0.546875 0.0390625 0.0390625
0 0.05859375 0.546875 0.0390625 0.0390625
0 0.0625 0.56640625 0.0390625 0.0390625
0 0.0546875 0.58984375 0.0390625 0.0390625
0 0.05859375 0.58984375 0.0390625 0.0390625
0 0.05859375 0.61328125 0.0390625 0.0390625
0 0.734375 0.6171875 0.0390625 0.0390625
0 0.7734375 0.62109375 0.0390625 0.0390625
0 0.77734375 0.62109375 0.0390625 0.0390625
0 0.05859375 0.63671875 0.0390625 0.0390625
0 0.0625 0.63671875 0.0390625 0.0390625
0 0.8828125 0.63671875 0.0390625 0.0390625
0 0.8828125 0.640625 0.0390625 0.0390625
0 0.89453125 0.6796875 0.0390625 0.0390625
0 0.89453125 0.68359375 0.0390625 0.0390625
0 0.82421875 0.7265625 0.0390625 0.0390625
0 0.828125 0.7265625 0.0390625 0.0390625
0 0.82421875 0.73046875 0.0390625 0.0390625
0 0.828125 0.73046875 0.0390625 0.0390625
0 0.02734375 0.734375 0.0390625 0.0390625
0 0.03125 0.734375 0.0390625 0.0390625
0 0.0078125 0.7421875 0.0390625 0.0390625
0 0.01171875 0.7421875 0.0390625 0.0390625
0 0.1796875 0.7890625 0.0390625 0.0390625
0 0.1796875 0.79296875 0.0390625 0.0390625
0 0.09765625 0.796875 0.0390625 0.0390625
0 0.80078125 0.87890625 0.0390625 0.0390625
