0 0.99609375 0.078125 0.0390625 0.0390625
0 0.27734375 0.421875 0.0390625 0.0390625
0 0.3359375 0.42578125 0.0390625 0.0390625
0 0.38671875 0.42578125 0.0390625 0.0390625
0 0.4375 0.4296875 0.0390625 0.0390625
0 0.44140625 0.4296875 0.0390625 0.0390625
0 0.484375 0.4296875 0.0390625 0.0390625
0 0.53125 0.4296875 0.0390625 0.0390625
0 0.53515625 0.4296875 0.0390625 0.0390625
0 0.59765625 0.4296875 0.0390625 0.0390625
0 0.65234375 0.4296875 0.0390625 0.0390625
0 0.71875 0.4296875 0.0390625 0.0390625
0 0.8125 0.4296875 0.0390625 0.0390625
0 0.81640625 0.4296875 0.0390625 0.0390625
0 0.53125 0.43359375 0.0390625 0.0390625
0 0.53515625 0.43359375 0.0390625 0.0390625
0 0.59765625 0.43359375 0.0390625 0.0390625
0 0.65234375 0.43359375 0.0390625 0.0390625
0 0.765625 0.43359375 0.0390625 0.0390625
0 0.8125 0.43359375 0.0390625 0.0390625
0 0.81640625 0.43359375 0.0390625 0.0390625
0 0.1328125 0.56640625 0.0390625 0.0390625
0 0.85546875 0.61328125 0.0390625 0.0390625
0 0.85546875 0.6171875 0.0390625 0.0390625
0 0.05859375 0.625 0.0390625 0.0390625
0 0.0546875 0.75390625 0.0390625 0.0390625
0 0.52734375 0.78515625 0.0390625 0.0390625
0 0.52734375 0.7890625 0.0390625 0.0390625
0 0.66796875 0.80859375 0.0390625 0.0390625
0 0.52734375 0.8125 0.0390625 0.0390625
0 0.52734375 0.81640625 0.0390625 0.0390625
0 0.66796875 0.828125 0.0390625 0.0390625
0 0.52734375 0.83203125 0.0390625 0.0390625
0 0.53125 0.83203125 0.0390625 0.0390625
0 0.66796875 0.83203125 0.0390625 0.0390625
0 0.671875 0.84765625 0.0390625 0.0390625
0 0.52734375 0.8515625 0.0390625 0.0390625
0 0.671875 0.8515625 0.0390625 0.0390625
0 0.52734375 0.85546875 0.0390625 0.0390625
0 0.56640625 0.85546875 0.0390625 0.0390625
0 0.66796875 0.87109375 0.0390625 0.0390625
0 0.0546875 0.875 0.0390625 0.0390625
0 0.53515625 0.875 0.0390625 0.0390625
0 0.5703125 0.875 0.0390625 0.0390625
0 0.671875 0.890625 0.0390625 0.0390625
0 0.53125 0.8984375 0.0390625 0.0390625
0 0.671875 0.91015625 0.0390625 0.0390625
0 0.203125 0.9140625 0.0390625 0.0390625
0 0.15625 0.91796875 0.0390625 0.0390625
0 0.203125 0.91796875 0.0390625 0.0390625
0 0.296875 0.91796875 0.0390625 0.0390625
0 0.53125 0.91796875 0.0390625 0.0390625
0 0.53515625 0.91796875 0.0390625 0.0390625
0 0.671875 0.9296875 0.0390625 0.0390625
0 0.67578125 0.9296875 0.0390625 0.0390625
0 0.52734375 0.94140625 0.0390625 0.0390625
0 0.52734375 0.9453125 0.0390625 0.0390625
0 0.66796875 0.94921875 0.0390625 0.0390625
0 0.52734375 0.9609375 0.0390625 0.0390625
0 0.67578125 0.96875 0.0390625 0.0390625
0 0.47265625 0.98046875 0.0390625 0.0390625
0 0.4765625 0.98046875 0.0390625 0.0390625
0 0.47265625 0.984375 0.0390625 0.0390625
0 0.4765625 0.984375 0.0390625 0.0390625
0 0.52734375 0.984375 0.0390625 0.0390625
0 0.671875 0.984375 0.0390625 0.0390625
0 0.671875 0.98828125 0.0390625 0.0390625
