0 0.7265625 0.0078125 0.0390625 0.0390625
0 0.7265625 0.01171875 0.0390625 0.0390625
0 0.30078125 0.02734375 0.0390625 0.0390625
0 0.30078125 0.03125 0.0390625 0.0390625
0 0.3046875 0.05078125 0.0390625 0.0390625
0 0.75 0.08203125 0.0390625 0.0390625
0 0.75 0.0859375 0.0390625 0.0390625
0 0.59375 0.12890625 0.0390625 0.0390625
0 0.59375 0.1328125 0.0390625 0.0390625
0 0.58984375 0.203125 0.0390625 0.0390625
0 0.58984375 0.20703125 0.0390625 0.0390625
0 0.58984375 0.24609375 0.0390625 0.0390625
0 0.59375 0.24609375 0.0390625 0.0390625
0 0.58984375 0.3046875 0.0390625 0.0390625
0 0.58984375 0.3515625 0.0390625 0.0390625
0 0.59375 0.3515625 0.0390625 0.0390625
0 0.74609375 0.3828125 0.0390625 0.0390625
0 0.58984375 0.3984375 0.0390625 0.0390625
0 0.59375 0.3984375 0.0390625 0.0390625
0 0.58984375 0.44921875 0.0390625 0.0390625
0 0.17578125 0.453125 0.0390625 0.0390625
0 0.15234375 0.45703125 0.0390625 0.0390625
0 0.0 0.4609375 0.0390625 0.0390625
0 0.08984375 0.4609375 0.0390625 0.0390625
0 0.75 0.578125 0.0390625 0.0390625
0 0.58984375 0.640625 0.0390625 0.0390625
0 0.58984375 0.64453125 0.0390625 0.0390625
0 0.74609375 0.671875 0.0390625 0.0390625
0 0.93359375 0.703125 0.0390625 0.0390625
0 0.7421875 0.72265625 0.0390625 0.0390625
0 0.74609375 0.72265625 0.0390625 0.0390625
0 0.09375 0.9296875 0.0390625 0.0390625
0 0.1484375 0.9296875 0.0390625 0.0390625
0 0.30859375 0.9296875 0.0390625 0.0390625
0 0.3125 0.9296875 0.0390625 0.0390625
0 0.2578125 0.93359375 0.0390625 0.0390625
0 0.4140625 0.93359375 0.0390625 0.0390625
0 0.88671875 0.9375 0.0390625 0.0390625
0 0.53125 0.99609375 0.0390625 0.0390625
0 0.53515625 0.99609375 0.0390625 0.0390625
