0 0.21484375 0.02734375 0.0390625 0.0390625
0 0.21875 0.02734375 0.0390625 0.0390625
0 0.99609375 0.02734375 0.0390625 0.0390625
0 0.21484375 0.03125 0.0390625 0.0390625
0 0.21875 0.03125 0.0390625 0.0390625
0 0.80078125 0.03125 0.0390625 0.0390625
0 0.8203125 0.03125 0.0390625 0.0390625
0 0.82421875 0.03125 0.0390625 0.0390625
0 0.97265625 0.03125 0.0390625 0.0390625
0 0.99609375 0.03125 0.0390625 0.0390625
0 0.65234375 0.03515625 0.0390625 0.0390625
0 0.67578125 0.03515625 0.0390625 0.0390625
0 0.97265625 0.03515625 0.0390625 0.0390625
0 0.65234375 0.0390625 0.0390625 0.0390625
0 0.67578125 0.0390625 0.0390625 0.0390625
0 0.88671875 0.06640625 0.0390625 0.0390625
0 0.0625 0.08984375 0.0390625 0.0390625
0 0.8828125 0.11328125 0.0390625 0.0390625
0 0.88671875 0.11328125 0.0390625 0.0390625
0 0.96875 0.1484375 0.0390625 0.0390625
0 0.88671875 0.1953125 0.0390625 0.0390625
0 0.88671875 0.19921875 0.0390625 0.0390625
0 0.98828125 0.25390625 0.0390625 0.0390625
0 0.0 0.41015625 0.0390625 0.0390625
0 0.00390625 0.4296875 0.0390625 0.0390625
0 0.79296875 0.453125 0.0390625 0.0390625
0 0.5 0.45703125 0.0390625 0.0390625
0 0.6875 0.45703125 0.0390625 0.0390625
0 0.69140625 0.45703125 0.0390625 0.0390625
0 0.73046875 0.45703125 0.0390625 0.0390625
0 0.79296875 0.45703125 0.0390625 0.0390625
0 0.62890625 0.4609375 0.0390625 0.0390625
0 0.6328125 0.4609375 0.0390625 0.0390625
0 0.73046875 0.4609375 0.0390625 0.0390625
0 0.00390625 0.49609375 0.0390625 0.0390625
0 0.0 0.5546875 0.0390625 0.0390625
0 0.0 0.55859375 0.0390625 0.0390625
0 0.89453125 0.640625 0.0390625 0.0390625
0 0.8984375 0.640625 0.0390625 0.0390625
0 0.59375 0.67578125 0.0390625 0.0390625
0 0.6796875 0.67578125 0.0390625 0.0390625
0 0.6796875 0.6796875 0.0390625 0.0390625
0 0.01953125 0.72265625 0.0390625 0.0390625
0 0.0234375 0.72265625 0.0390625 0.0390625
0 0.20703125 0.73828125 0.0390625 0.0390625
0 0.83984375 0.7421875 0.0390625 0.0390625
0 0.84375 0.7421875 0.0390625 0.0390625
0 0.83984375 0.74609375 0.0390625 0.0390625
0 0.84375 0.74609375 0.0390625 0.0390625
0 0.1796875 0.75390625 0.0390625 0.0390625
0 0.1796875 0.7578125 0.0390625 0.0390625
0 0.13671875 0.88671875 0.0390625 0.0390625
0 0.9921875 0.8984375 0.0390625 0.0390625
0 0.734375 0.9453125 0.0390625 0.0390625
0 0.73828125 0.9453125 0.0390625 0.0390625
0 0.734375 0.94921875 0.0390625 0.0390625
0 0.73828125 0.94921875 0.0390625 0.0390625
0 0.52734375 0.9765625 0.0390625 0.0390625
0 0.53125 0.9765625 0.0390625 0.0390625
