0 0.25 0.0 0.0390625 0.0390625
0 0.25390625 0.0 0.0390625 0.0390625
0 0.29296875 0.0 0.0390625 0.0390625
0 0.375 0.01171875 0.0390625 0.0390625
0 0.2578125 0.01953125 0.0390625 0.0390625
0 0.2890625 0.0234375 0.0390625 0.0390625
0 0.29296875 0.0234375 0.0390625 0.0390625
0 0.375 0.03125 0.0390625 0.0390625
0 0.2890625 0.04296875 0.0390625 0.0390625
0 0.29296875 0.04296875 0.0390625 0.0390625
0 0.25390625 0.046875 0.0390625 0.0390625
0 0.2890625 0.046875 0.0390625 0.0390625
0 0.29296875 0.046875 0.0390625 0.0390625
0 0.375 0.046875 0.0390625 0.0390625
0 0.375 0.05078125 0.0390625 0.0390625
0 0.25390625 0.06640625 0.0390625 0.0390625
0 0.29296875 0.06640625 0.0390625 0.0390625
0 0.29296875 0.0703125 0.0390625 0.0390625
0 0.37109375 0.0703125 0.0390625 0.0390625
0 0.37109375 0.08984375 0.0390625 0.0390625
0 0.375 0.08984375 0.0390625 0.0390625
0 0.28125 0.09375 0.0390625 0.0390625
0 0.28125 0.09765625 0.0390625 0.0390625
0 0.375 0.10546875 0.0390625 0.0390625
0 0.890625 0.10546875 0.0390625 0.0390625
0 0.89453125 0.10546875 0.0390625 0.0390625
0 0.375 0.109375 0.0390625 0.0390625
0 0.375 0.12890625 0.0390625 0.0390625
0 0.3671875 0.1484375 0.0390625 0.0390625
0 0.37109375 0.1484375 0.0390625 0.0390625
0 0.91796875 0.15625 0.0390625 0.0390625
0 0.7265625 0.21875 0.0390625 0.0390625
0 0.58203125 0.2265625 0.0390625 0.0390625
0 0.4921875 0.23046875 0.0390625 0.0390625
0 0.58203125 0.23046875 0.0390625 0.0390625
0 0.40625 0.265625 0.0390625 0.0390625
0 0.41015625 0.265625 0.0390625 0.0390625
0 0.2578125 0.3046875 0.0390625 0.0390625
0 0.2890625 0.3046875 0.0390625 0.0390625
0 0.29296875 0.3046875 0.0390625 0.0390625
0 0.31640625 0.3046875 0.0390625 0.0390625
0 0.22265625 0.30859375 0.0390625 0.0390625
0 0.2265625 0.30859375 0.0390625 0.0390625
0 0.2578125 0.30859375 0.0390625 0.0390625
0 0.31640625 0.30859375 0.0390625 0.0390625
0 0.34765625 0.30859375 0.0390625 0.0390625
0 0.375 0.30859375 0.0390625 0.0390625
0 0.43359375 0.30859375 0.0390625 0.0390625
0 0.03515625 0.359375 0.0390625 0.0390625
0 0.03515625 0.36328125 0.0390625 0.0390625
0 0.3125 0.3671875 0.0390625 0.0390625
0 0.31640625 0.3671875 0.0390625 0.0390625
0 0.55078125 0.37109375 0.0390625 0.0390625
0 0.68359375 0.37109375 0.0390625 0.0390625
0 0.84375 0.375 0.0390625 0.0390625
0 0.45703125 0.41015625 0.0390625 0.0390625
0 0.4609375 0.41015625 0.0390625 0.0390625
0 0.48828125 0.41015625 0.0390625 0.0390625
0 0.45703125 0.4140625 0.0390625 0.0390625
0 0.4609375 0.4140625 0.0390625 0.0390625
0 0.48828125 0.4140625 0.0390625 0.0390625
0 0.515625 0.4140625 0.0390625 0.0390625
0 0.51953125 0.4140625 0.0390625 0.0390625
0 0.57421875 0.4140625 0.0390625 0.0390625
0 0.578125 0.4140625 0.0390625 0.0390625
0 0.609375 0.4140625 0.0390625 0.0390625
0 0.61328125 0.4140625 0.0390625 0.0390625
0 0.640625 0.4140625 0.0390625 0.0390625
0 0.234375 0.41796875 0.0390625 0.0390625
0 0.28125 0.41796875 0.0390625 0.0390625
0 0.28515625 0.41796875 0.0390625 0.0390625
0 0.43359375 0.41796875 0.0390625 0.0390625
0 0.4375 0.41796875 0.0390625 0.0390625
0 0.55078125 0.41796875 0.0390625 0.0390625
0 0.609375 0.41796875 0.0390625 0.0390625
0 0.61328125 0.41796875 0.0390625 0.0390625
0 0.28125 0.421875 0.0390625 0.0390625
0 0.28515625 0.421875 0.0390625 0.0390625
0 0.6953125 0.421875 0.0390625 0.0390625
0 0.859375 0.4375 0.0390625 0.0390625
0 0.86328125 0.4375 0.0390625 0.0390625
0 0.98828125 0.515625 0.0390625 0.0390625
0 0.9609375 0.53125 0.0390625 0.0390625
0 0.86328125 0.578125 0.0390625 0.0390625
0 0.86328125 0.58203125 0.0390625 0.0390625
0 0.984375 0.5859375 0.0390625 0.0390625
0 0.86328125 0.6328125 0.0390625 0.0390625
0 0.984375 0.640625 0.0390625 0.0390625
0 0.9609375 0.66015625 0.0390625 0.0390625
0 0.86328125 0.68359375 0.0390625 0.0390625
0 0.8671875 0.68359375 0.0390625 0.0390625
0 0.984375 0.69921875 0.0390625 0.0390625
0 0.859375 0.75 0.0390625 0.0390625
0 0.859375 0.796875 0.0390625 0.0390625
0 0.53125 0.91796875 0.0390625 0.0390625
0 0.53515625 0.91796875 0.0390625 0.0390625
0 0.59375 0.953125 0.0390625 0.0390625
0 0.6171875 0.953125 0.0390625 0.0390625
0 0.66015625 0.953125 0.0390625 0.0390625
0 0.6640625 0.953125 0.0390625 0.0390625
0 0.6875 0.953125 0.0390625 0.0390625
0 0.70703125 0.953125 0.0390625 0.0390625
0 0.7109375 0.953125 0.0390625 0.0390625
0 0.640625 0.95703125 0.0390625 0.0390625
0 0.70703125 0.95703125 0.0390625 0.0390625
0 0.7109375 0.95703125 0.0390625 0.0390625
0 0.859375 0.984375 0.0390625 0.0390625
