0 0.53515625 0.0078125 0.0390625 0.0390625
0 0.53515625 0.02734375 0.0390625 0.0390625
0 0.53515625 0.03125 0.0390625 0.0390625
0 0.5390625 0.046875 0.0390625 0.0390625
0 0.5390625 0.05078125 0.0390625 0.0390625
0 0.5390625 0.06640625 0.0390625 0.0390625
0 0.5390625 0.0703125 0.0390625 0.0390625
0 0.5390625 0.109375 0.0390625 0.0390625
0 0.62890625 0.1328125 0.0390625 0.0390625
0 0.5390625 0.140625 0.0390625 0.0390625
0 0.53515625 0.16796875 0.0390625 0.0390625
0 0.62890625 0.16796875 0.0390625 0.0390625
0 0.6328125 0.16796875 0.0390625 0.0390625
0 0.62890625 0.18359375 0.0390625 0.0390625
0 0.62890625 0.1875 0.0390625 0.0390625
0 0.59765625 0.3359375 0.0390625 0.0390625
0 0.5625 0.453125 0.0390625 0.0390625
0 0.56640625 0.453125 0.0390625 0.0390625
0 0.6328125 0.6640625 0.0390625 0.0390625
0 0.63671875 0.6640625 0.0390625 0.0390625
0 0.65234375 0.70703125 0.0390625 0.0390625
0 0.65625 0.70703125 0.0390625 0.0390625
0 0.65234375 0.7109375 0.0390625 0.0390625
0 0.65625 0.7109375 0.0390625 0.0390625
0 0.65625 0.80078125 0.0390625 0.0390625
0 0.625 0.81640625 0.0390625 0.0390625
0 0.625 0.8203125 0.0390625 0.0390625
0 0.66796875 0.8203125 0.0390625 0.0390625
0 0.66796875 0.82421875 0.0390625 0.0390625
0 0.609375 0.859375 0.0390625 0.0390625
