0 0.73046875 0.09375 0.0390625 0.0390625
0 0.265625 0.19140625 0.0390625 0.0390625
0 0.1171875 0.30078125 0.0390625 0.0390625
0 0.23828125 0.328125 0.0390625 0.0390625
0 0.23828125 0.33203125 0.0390625 0.0390625
0 0.7265625 0.34375 0.0390625 0.0390625
0 0.12109375 0.3515625 0.0390625 0.0390625
0 0.6875 0.60546875 0.0390625 0.0390625
0 0.26171875 0.671875 0.0390625 0.0390625
0 0.265625 0.671875 0.0390625 0.0390625
0 0.1171875 0.69921875 0.0390625 0.0390625
0 0.12109375 0.69921875 0.0390625 0.0390625
0 0.265625 0.734375 0.0390625 0.0390625
0 0.26171875 0.77734375 0.0390625 0.0390625
0 0.12109375 0.80078125 0.0390625 0.0390625
0 0.12109375 0.8046875 0.0390625 0.0390625
0 0.2578125 0.84765625 0.0390625 0.0390625
0 0.1171875 0.94921875 0.0390625 0.0390625
0 0.12109375 0.94921875 0.0390625 0.0390625
0 0.1171875 0.99609375 0.0390625 0.0390625
0 0.12109375 0.99609375 0.0390625 0.0390625
