0 0.60546875 0.0234375 0.0390625 0.0390625
0 0.0546875 0.05078125 0.0390625 0.0390625
0 0.05859375 0.05078125 0.0390625 0.0390625
0 0.08203125 0.05078125 0.0390625 0.0390625
0 0.1796875 0.05078125 0.0390625 0.0390625
0 0.15625 0.0546875 0.0390625 0.0390625
0 0.125 0.08984375 0.0390625 0.0390625
0 0.12890625 0.08984375 0.0390625 0.0390625
0 0.08984375 0.1640625 0.0390625 0.0390625
0 0.18359375 0.1640625 0.0390625 0.0390625
0 0.91796875 0.1640625 0.0390625 0.0390625
0 0.94140625 0.1640625 0.0390625 0.0390625
0 0.11328125 0.16796875 0.0390625 0.0390625
0 0.94140625 0.16796875 0.0390625 0.0390625
0 0.96484375 0.16796875 0.0390625 0.0390625
0 0.390625 0.203125 0.0390625 0.0390625
0 0.39453125 0.203125 0.0390625 0.0390625
0 0.03125 0.234375 0.0390625 0.0390625
0 0.09765625 0.23828125 0.0390625 0.0390625
0 0.02734375 0.28125 0.0390625 0.0390625
0 0.4140625 0.33203125 0.0390625 0.0390625
0 0.3046875 0.3359375 0.0390625 0.0390625
0 0.30859375 0.3359375 0.0390625 0.0390625
0 0.390625 0.3359375 0.0390625 0.0390625
0 0.4140625 0.3359375 0.0390625 0.0390625
0 0.3046875 0.33984375 0.0390625 0.0390625
0 0.30859375 0.33984375 0.0390625 0.0390625
0 0.328125 0.33984375 0.0390625 0.0390625
0 0.34765625 0.33984375 0.0390625 0.0390625
0 0.3515625 0.33984375 0.0390625 0.0390625
0 0.06640625 0.34375 0.0390625 0.0390625
0 0.34765625 0.37890625 0.0390625 0.0390625
0 0.3046875 0.3828125 0.0390625 0.0390625
0 0.32421875 0.3828125 0.0390625 0.0390625
0 0.328125 0.3828125 0.0390625 0.0390625
0 0.3671875 0.38671875 0.0390625 0.0390625
0 0.37109375 0.38671875 0.0390625 0.0390625
0 0.43359375 0.38671875 0.0390625 0.0390625
0 0.8671875 0.390625 0.0390625 0.0390625
0 0.9765625 0.390625 0.0390625 0.0390625
0 0.28125 0.484375 0.0390625 0.0390625
0 0.32421875 0.48828125 0.0390625 0.0390625
0 0.328125 0.48828125 0.0390625 0.0390625
0 0.4296875 0.48828125 0.0390625 0.0390625
0 0.43359375 0.48828125 0.0390625 0.0390625
0 0.8828125 0.48828125 0.0390625 0.0390625
0 0.88671875 0.48828125 0.0390625 0.0390625
0 0.90625 0.48828125 0.0390625 0.0390625
0 0.91015625 0.48828125 0.0390625 0.0390625
0 0.9296875 0.48828125 0.0390625 0.0390625
0 0.93359375 0.48828125 0.0390625 0.0390625
0 0.32421875 0.4921875 0.0390625 0.0390625
0 0.328125 0.4921875 0.0390625 0.0390625
0 0.34765625 0.4921875 0.0390625 0.0390625
0 0.390625 0.4921875 0.0390625 0.0390625
0 0.4296875 0.4921875 0.0390625 0.0390625
0 0.43359375 0.4921875 0.0390625 0.0390625
0 0.8125 0.4921875 0.0390625 0.0390625
0 0.83203125 0.4921875 0.0390625 0.0390625
0 0.8359375 0.4921875 0.0390625 0.0390625
0 0.8515625 0.4921875 0.0390625 0.0390625
0 0.85546875 0.4921875 0.0390625 0.0390625
0 0.9296875 0.4921875 0.0390625 0.0390625
0 0.93359375 0.4921875 0.0390625 0.0390625
0 0.38671875 0.53515625 0.0390625 0.0390625
0 0.40625 0.53515625 0.0390625 0.0390625
0 0.4296875 0.53515625 0.0390625 0.0390625
0 0.43359375 0.53515625 0.0390625 0.0390625
0 0.36328125 0.5390625 0.0390625 0.0390625
0 0.3671875 0.5390625 0.0390625 0.0390625
0 0.9296875 0.5390625 0.0390625 0.0390625
0 0.35546875 0.59375 0.0390625 0.0390625
0 0.35546875 0.59765625 0.0390625 0.0390625
0 0.23828125 0.64453125 0.0390625 0.0390625
0 0.2578125 0.64453125 0.0390625 0.0390625
0 0.26171875 0.64453125 0.0390625 0.0390625
0 0.27734375 0.64453125 0.0390625 0.0390625
0 0.28125 0.64453125 0.0390625 0.0390625
0 0.3046875 0.64453125 0.0390625 0.0390625
0 0.3671875 0.64453125 0.0390625 0.0390625
0 0.40625 0.64453125 0.0390625 0.0390625
0 0.23828125 0.6484375 0.0390625 0.0390625
0 0.27734375 0.6484375 0.0390625 0.0390625
0 0.28125 0.6484375 0.0390625 0.0390625
0 0.38671875 0.6484375 0.0390625 0.0390625
0 0.4296875 0.6484375 0.0390625 0.0390625
0 0.453125 0.6484375 0.0390625 0.0390625
0 0.234375 0.68359375 0.0390625 0.0390625
0 0.23828125 0.68359375 0.0390625 0.0390625
0 0.32421875 0.68359375 0.0390625 0.0390625
0 0.34375 0.68359375 0.0390625 0.0390625
0 0.41015625 0.68359375 0.0390625 0.0390625
0 0.4296875 0.68359375 0.0390625 0.0390625
0 0.43359375 0.68359375 0.0390625 0.0390625
0 0.2578125 0.6875 0.0390625 0.0390625
0 0.27734375 0.6875 0.0390625 0.0390625
0 0.28125 0.6875 0.0390625 0.0390625
0 0.30078125 0.6875 0.0390625 0.0390625
0 0.32421875 0.6875 0.0390625 0.0390625
0 0.3671875 0.6875 0.0390625 0.0390625
0 0.4296875 0.6875 0.0390625 0.0390625
0 0.43359375 0.6875 0.0390625 0.0390625
0 0.3671875 0.69140625 0.0390625 0.0390625
0 0.38671875 0.69140625 0.0390625 0.0390625
0 0.6484375 0.73046875 0.0390625 0.0390625
0 0.6484375 0.734375 0.0390625 0.0390625
0 0.2265625 0.7890625 0.0390625 0.0390625
0 0.3828125 0.7890625 0.0390625 0.0390625
0 0.1875 0.79296875 0.0390625 0.0390625
0 0.25 0.79296875 0.0390625 0.0390625
0 0.296875 0.79296875 0.0390625 0.0390625
0 0.31640625 0.79296875 0.0390625 0.0390625
0 0.44921875 0.79296875 0.0390625 0.0390625
0 0.1875 0.796875 0.0390625 0.0390625
0 0.25 0.796875 0.0390625 0.0390625
0 0.26953125 0.796875 0.0390625 0.0390625
0 0.2734375 0.796875 0.0390625 0.0390625
0 0.296875 0.796875 0.0390625 0.0390625
0 0.31640625 0.796875 0.0390625 0.0390625
0 0.33984375 0.796875 0.0390625 0.0390625
0 0.359375 0.796875 0.0390625 0.0390625
0 0.36328125 0.796875 0.0390625 0.0390625
0 0.40625 0.796875 0.0390625 0.0390625
0 0.42578125 0.796875 0.0390625 0.0390625
0 0.4296875 0.796875 0.0390625 0.0390625
0 0.44921875 0.796875 0.0390625 0.0390625
0 0.42578125 0.80078125 0.0390625 0.0390625
0 0.4296875 0.80078125 0.0390625 0.0390625
0 0.65234375 0.890625 0.0390625 0.0390625
0 0.22265625 0.90625 0.0390625 0.0390625
0 0.2265625 0.90625 0.0390625 0.0390625
0 0.3515625 0.90625 0.0390625 0.0390625
