0 0.5 0.00390625 0.0390625 0.0390625
0 0.50390625 0.00390625 0.0390625 0.0390625
0 0.78515625 0.00390625 0.0390625 0.0390625
0 0.5 0.0078125 0.0390625 0.0390625
0 0.50390625 0.0078125 0.0390625 0.0390625
0 0.51953125 0.0078125 0.0390625 0.0390625
0 0.58203125 0.0078125 0.0390625 0.0390625
0 0.5859375 0.0078125 0.0390625 0.0390625
0 0.6015625 0.0078125 0.0390625 0.0390625
0 0.60546875 0.0078125 0.0390625 0.0390625
0 0.54296875 0.01171875 0.0390625 0.0390625
0 0.58203125 0.01171875 0.0390625 0.0390625
0 0.5859375 0.01171875 0.0390625 0.0390625
0 0.6015625 0.01171875 0.0390625 0.0390625
0 0.60546875 0.01171875 0.0390625 0.0390625
0 0.625 0.01171875 0.0390625 0.0390625
0 0.765625 0.01171875 0.0390625 0.0390625
0 0.76953125 0.01171875 0.0390625 0.0390625
0 0.54296875 0.015625 0.0390625 0.0390625
0 0.625 0.015625 0.0390625 0.0390625
0 0.64453125 0.015625 0.0390625 0.0390625
0 0.6484375 0.015625 0.0390625 0.0390625
0 0.66796875 0.015625 0.0390625 0.0390625
0 0.671875 0.015625 0.0390625 0.0390625
0 0.69140625 0.015625 0.0390625 0.0390625
0 0.765625 0.015625 0.0390625 0.0390625
0 0.76953125 0.015625 0.0390625 0.0390625
0 0.64453125 0.01953125 0.0390625 0.0390625
0 0.6484375 0.01953125 0.0390625 0.0390625
0 0.66796875 0.01953125 0.0390625 0.0390625
0 0.671875 0.01953125 0.0390625 0.0390625
0 0.69140625 0.01953125 0.0390625 0.0390625
0 0.70703125 0.01953125 0.0390625 0.0390625
0 0.7109375 0.01953125 0.0390625 0.0390625
0 0.734375 0.01953125 0.0390625 0.0390625
0 0.73828125 0.01953125 0.0390625 0.0390625
0 0.48046875 0.046875 0.0390625 0.0390625
0 0.484375 0.046875 0.0390625 0.0390625
0 0.5 0.046875 0.0390625 0.0390625
0 0.48046875 0.05078125 0.0390625 0.0390625
0 0.484375 0.05078125 0.0390625 0.0390625
0 0.54296875 0.05078125 0.0390625 0.0390625
0 0.55859375 0.05078125 0.0390625 0.0390625
0 0.5625 0.05078125 0.0390625 0.0390625
0 0.6015625 0.05078125 0.0390625 0.0390625
0 0.78125 0.05078125 0.0390625 0.0390625
0 0.5234375 0.0546875 0.0390625 0.0390625
0 0.54296875 0.0546875 0.0390625 0.0390625
0 0.58203125 0.0546875 0.0390625 0.0390625
0 0.64453125 0.0546875 0.0390625 0.0390625
0 0.6640625 0.0546875 0.0390625 0.0390625
0 0.625 0.05859375 0.0390625 0.0390625
0 0.64453125 0.05859375 0.0390625 0.0390625
0 0.6640625 0.05859375 0.0390625 0.0390625
0 0.73046875 0.05859375 0.0390625 0.0390625
0 0.69140625 0.0625 0.0390625 0.0390625
0 0.7109375 0.0625 0.0390625 0.0390625
0 0.76171875 0.0625 0.0390625 0.0390625
0 0.7109375 0.06640625 0.0390625 0.0390625
0 0.51953125 0.15234375 0.0390625 0.0390625
0 0.54296875 0.15234375 0.0390625 0.0390625
0 0.55859375 0.15234375 0.0390625 0.0390625
0 0.5625 0.15234375 0.0390625 0.0390625
0 0.625 0.15234375 0.0390625 0.0390625
0 0.64453125 0.15234375 0.0390625 0.0390625
0 0.51953125 0.15625 0.0390625 0.0390625
0 0.58203125 0.15625 0.0390625 0.0390625
0 0.625 0.15625 0.0390625 0.0390625
0 0.64453125 0.15625 0.0390625 0.0390625
0 0.6875 0.15625 0.0390625 0.0390625
0 0.6015625 0.16015625 0.0390625 0.0390625
0 0.6640625 0.16015625 0.0390625 0.0390625
0 0.66796875 0.16015625 0.0390625 0.0390625
0 0.6875 0.16015625 0.0390625 0.0390625
0 0.73046875 0.16015625 0.0390625 0.0390625
0 0.73046875 0.1640625 0.0390625 0.0390625
0 0.515625 0.19140625 0.0390625 0.0390625
0 0.51953125 0.19140625 0.0390625 0.0390625
0 0.5390625 0.19140625 0.0390625 0.0390625
0 0.5625 0.19140625 0.0390625 0.0390625
0 0.56640625 0.19140625 0.0390625 0.0390625
0 0.4765625 0.1953125 0.0390625 0.0390625
0 0.5 0.1953125 0.0390625 0.0390625
0 0.515625 0.1953125 0.0390625 0.0390625
0 0.51953125 0.1953125 0.0390625 0.0390625
0 0.5390625 0.1953125 0.0390625 0.0390625
0 0.5625 0.1953125 0.0390625 0.0390625
0 0.56640625 0.1953125 0.0390625 0.0390625
0 0.58203125 0.1953125 0.0390625 0.0390625
0 0.625 0.1953125 0.0390625 0.0390625
0 0.66796875 0.1953125 0.0390625 0.0390625
0 0.6015625 0.19921875 0.0390625 0.0390625
0 0.6484375 0.19921875 0.0390625 0.0390625
0 0.66796875 0.19921875 0.0390625 0.0390625
0 0.68359375 0.19921875 0.0390625 0.0390625
0 0.73046875 0.19921875 0.0390625 0.0390625
0 0.6015625 0.203125 0.0390625 0.0390625
0 0.6484375 0.203125 0.0390625 0.0390625
0 0.7109375 0.203125 0.0390625 0.0390625
0 0.73046875 0.203125 0.0390625 0.0390625
0 0.8125 0.2421875 0.0390625 0.0390625
0 0.81640625 0.2421875 0.0390625 0.0390625
0 0.84765625 0.25 0.0390625 0.0390625
0 0.87109375 0.25 0.0390625 0.0390625
0 0.875 0.25 0.0390625 0.0390625
0 0.8984375 0.25 0.0390625 0.0390625
0 0.87109375 0.25390625 0.0390625 0.0390625
0 0.875 0.25390625 0.0390625 0.0390625
0 0.6015625 0.30859375 0.0390625 0.0390625
0 0.60546875 0.30859375 0.0390625 0.0390625
0 0.05078125 0.31640625 0.0390625 0.0390625
0 0.0546875 0.31640625 0.0390625 0.0390625
0 0.671875 0.32421875 0.0390625 0.0390625
0 0.59765625 0.328125 0.0390625 0.0390625
0 0.59375 0.34765625 0.0390625 0.0390625
0 0.59375 0.3515625 0.0390625 0.0390625
0 0.58984375 0.3671875 0.0390625 0.0390625
0 0.59375 0.3671875 0.0390625 0.0390625
0 0.66796875 0.3671875 0.0390625 0.0390625
0 0.58984375 0.37109375 0.0390625 0.0390625
0 0.59375 0.37109375 0.0390625 0.0390625
0 0.58984375 0.39453125 0.0390625 0.0390625
0 0.59375 0.39453125 0.0390625 0.0390625
0 0.58984375 0.4140625 0.0390625 0.0390625
0 0.6640625 0.4140625 0.0390625 0.0390625
0 0.66796875 0.4140625 0.0390625 0.0390625
0 0.6640625 0.41796875 0.0390625 0.0390625
0 0.66796875 0.41796875 0.0390625 0.0390625
0 0.05078125 0.421875 0.0390625 0.0390625
0 0.05078125 0.42578125 0.0390625 0.0390625
0 0.71484375 0.42578125 0.0390625 0.0390625
0 0.58984375 0.43359375 0.0390625 0.0390625
0 0.5859375 0.453125 0.0390625 0.0390625
0 0.58984375 0.453125 0.0390625 0.0390625
0 0.58984375 0.47265625 0.0390625 0.0390625
0 0.58984375 0.4765625 0.0390625 0.0390625
0 0.9609375 0.48828125 0.0390625 0.0390625
0 0.9609375 0.4921875 0.0390625 0.0390625
0 0.58984375 0.49609375 0.0390625 0.0390625
0 0.58984375 0.5 0.0390625 0.0390625
0 0.58984375 0.51953125 0.0390625 0.0390625
0 0.58984375 0.5234375 0.0390625 0.0390625
0 0.8828125 0.52734375 0.0390625 0.0390625
0 0.88671875 0.52734375 0.0390625 0.0390625
0 0.8828125 0.53125 0.0390625 0.0390625
0 0.88671875 0.53125 0.0390625 0.0390625
0 0.87109375 0.5703125 0.0390625 0.0390625
0 0.87109375 0.57421875 0.0390625 0.0390625
0 0.65625 0.58984375 0.0390625 0.0390625
0 0.66015625 0.58984375 0.0390625 0.0390625
0 0.57421875 0.59375 0.0390625 0.0390625
0 0.578125 0.59375 0.0390625 0.0390625
0 0.65625 0.59375 0.0390625 0.0390625
0 0.66015625 0.59375 0.0390625 0.0390625
0 0.87109375 0.59375 0.0390625 0.0390625
0 0.875 0.59375 0.0390625 0.0390625
0 0.66015625 0.60546875 0.0390625 0.0390625
0 0.66015625 0.609375 0.0390625 0.0390625
0 0.875 0.609375 0.0390625 0.0390625
0 0.875 0.61328125 0.0390625 0.0390625
0 0.57421875 0.6171875 0.0390625 0.0390625
0 0.578125 0.6171875 0.0390625 0.0390625
0 0.875 0.6328125 0.0390625 0.0390625
0 0.87890625 0.6328125 0.0390625 0.0390625
0 0.875 0.63671875 0.0390625 0.0390625
0 0.87890625 0.63671875 0.0390625 0.0390625
0 0.8828125 0.65625 0.0390625 0.0390625
0 0.66015625 0.671875 0.0390625 0.0390625
0 0.96875 0.67578125 0.0390625 0.0390625
0 0.87890625 0.6796875 0.0390625 0.0390625
0 0.87890625 0.6953125 0.0390625 0.0390625
0 0.8828125 0.6953125 0.0390625 0.0390625
0 0.58203125 0.69921875 0.0390625 0.0390625
0 0.9609375 0.69921875 0.0390625 0.0390625
0 0.96484375 0.69921875 0.0390625 0.0390625
0 0.9609375 0.703125 0.0390625 0.0390625
0 0.96484375 0.703125 0.0390625 0.0390625
0 0.87890625 0.71875 0.0390625 0.0390625
0 0.8828125 0.71875 0.0390625 0.0390625
0 0.96484375 0.7265625 0.0390625 0.0390625
0 0.66015625 0.73046875 0.0390625 0.0390625
0 0.66015625 0.734375 0.0390625 0.0390625
0 0.578125 0.7421875 0.0390625 0.0390625
0 0.9609375 0.75390625 0.0390625 0.0390625
0 0.95703125 0.77734375 0.0390625 0.0390625
0 0.9609375 0.77734375 0.0390625 0.0390625
0 0.71875 0.78125 0.0390625 0.0390625
0 0.65234375 0.84765625 0.0390625 0.0390625
0 0.65625 0.84765625 0.0390625 0.0390625
0 0.65625 0.8828125 0.0390625 0.0390625
0 0.66015625 0.8828125 0.0390625 0.0390625
0 0.65625 0.88671875 0.0390625 0.0390625
0 0.66015625 0.88671875 0.0390625 0.0390625
0 0.57421875 0.90625 0.0390625 0.0390625
0 0.66015625 0.9296875 0.0390625 0.0390625
0 0.57421875 0.953125 0.0390625 0.0390625
0 0.65234375 0.953125 0.0390625 0.0390625
0 0.56640625 0.97265625 0.0390625 0.0390625
0 0.5703125 0.97265625 0.0390625 0.0390625
0 0.56640625 0.9765625 0.0390625 0.0390625
0 0.5703125 0.9765625 0.0390625 0.0390625
0 0.5703125 0.9921875 0.0390625 0.0390625
0 0.65625 0.9921875 0.0390625 0.0390625
0 0.65625 0.99609375 0.0390625 0.0390625
