0 0.8867924528301887 0.0 0.06289308176100629 0.0390625
0 0.14465408805031446 0.0078125 0.06289308176100629 0.0390625
0 0.13836477987421383 0.0625 0.06289308176100629 0.0390625
0 0.14465408805031446 0.0625 0.06289308176100629 0.0390625
0 0.3270440251572327 0.19140625 0.06289308176100629 0.0390625
0 0.6918238993710691 0.203125 0.06289308176100629 0.0390625
0 0.6981132075471698 0.203125 0.06289308176100629 0.0390625
0 0.5283018867924528 0.20703125 0.06289308176100629 0.0390625
0 0.559748427672956 0.20703125 0.06289308176100629 0.0390625
0 0.5974842767295597 0.20703125 0.06289308176100629 0.0390625
0 0.660377358490566 0.20703125 0.06289308176100629 0.0390625
0 0.49056603773584906 0.2109375 0.06289308176100629 0.0390625
0 0.5974842767295597 0.2109375 0.06289308176100629 0.0390625
0 0.9622641509433962 0.26953125 0.06289308176100629 0.0390625
0 0.5911949685534591 0.3046875 0.06289308176100629 0.0390625
0 0.5974842767295597 0.3046875 0.06289308176100629 0.0390625
0 0.49056603773584906 0.30859375 0.06289308176100629 0.0390625
0 0.559748427672956 0.30859375 0.06289308176100629 0.0390625
0 0.5911949685534591 0.30859375 0.06289308176100629 0.0390625
0 0.5974842767295597 0.30859375 0.06289308176100629 0.0390625
0 0.6666666666666666 0.30859375 0.06289308176100629 0.0390625
0 0.9622641509433962 0.30859375 0.06289308176100629 0.0390625
0 0.9685534591194969 0.30859375 0.06289308176100629 0.0390625
0 0.5283018867924528 0.3125 0.06289308176100629 0.0390625
0 0.22641509433962265 0.375 0.06289308176100629 0.0390625
0 0.18867924528301888 0.37890625 0.06289308176100629 0.0390625
0 0.9622641509433962 0.41015625 0.06289308176100629 0.0390625
0 0.9622641509433962 0.4140625 0.06289308176100629 0.0390625
0 0.18867924528301888 0.42578125 0.06289308176100629 0.0390625
0 0.18867924528301888 0.4296875 0.06289308176100629 0.0390625
0 0.9622641509433962 0.453125 0.06289308176100629 0.0390625
0 0.27672955974842767 0.4609375 0.06289308176100629 0.0390625
0 0.2830188679245283 0.4609375 0.06289308176100629 0.0390625
0 0.14465408805031446 0.47265625 0.06289308176100629 0.0390625
0 0.9559748427672956 0.4765625 0.06289308176100629 0.0390625
0 0.9622641509433962 0.4765625 0.06289308176100629 0.0390625
0 0.18867924528301888 0.48828125 0.06289308176100629 0.0390625
0 0.22641509433962265 0.50390625 0.06289308176100629 0.0390625
0 0.1509433962264151 0.52734375 0.06289308176100629 0.0390625
0 0.18867924528301888 0.5390625 0.06289308176100629 0.0390625
0 0.22641509433962265 0.546875 0.06289308176100629 0.0390625
0 0.22641509433962265 0.55078125 0.06289308176100629 0.0390625
0 0.8867924528301887 0.92578125 0.06289308176100629 0.0390625
0 0.8867924528301887 0.9296875 0.06289308176100629 0.0390625
0 0.8805031446540881 0.94921875 0.06289308176100629 0.0390625
0 0.8867924528301887 0.94921875 0.06289308176100629 0.0390625
0 0.8805031446540881 0.953125 0.06289308176100629 0.0390625
0 0.8867924528301887 0.953125 0.06289308176100629 0.0390625
