0 0.3203125 0.05078125 0.0390625 0.0390625
0 0.69921875 0.0859375 0.0390625 0.0390625
0 0.35546875 0.13671875 0.0390625 0.0390625
0 0.01171875 0.1640625 0.0390625 0.0390625
0 0.63671875 0.171875 0.0390625 0.0390625
0 0.640625 0.171875 0.0390625 0.0390625
0 0.63671875 0.17578125 0.0390625 0.0390625
0 0.640625 0.17578125 0.0390625 0.0390625
0 0.90234375 0.1796875 0.0390625 0.0390625
0 0.328125 0.19140625 0.0390625 0.0390625
0 0.33203125 0.19140625 0.0390625 0.0390625
0 0.67578125 0.21484375 0.0390625 0.0390625
0 0.67578125 0.21875 0.0390625 0.0390625
0 0.46484375 0.25 0.0390625 0.0390625
0 0.46875 0.25 0.0390625 0.0390625
0 0.7890625 0.28125 0.0390625 0.0390625
0 0.8203125 0.28125 0.0390625 0.0390625
0 0.82421875 0.28125 0.0390625 0.0390625
0 0.88671875 0.28125 0.0390625 0.0390625
0 0.9140625 0.28515625 0.0390625 0.0390625
0 0.91796875 0.28515625 0.0390625 0.0390625
0 0.8515625 0.3203125 0.0390625 0.0390625
0 0.85546875 0.3203125 0.0390625 0.0390625
0 0.8515625 0.32421875 0.0390625 0.0390625
0 0.85546875 0.32421875 0.0390625 0.0390625
0 0.99609375 0.328125 0.0390625 0.0390625
0 0.86328125 0.36328125 0.0390625 0.0390625
0 0.8359375 0.3671875 0.0390625 0.0390625
0 0.8671875 0.3671875 0.0390625 0.0390625
0 0.8359375 0.37109375 0.0390625 0.0390625
0 0.9375 0.37109375 0.0390625 0.0390625
0 0.328125 0.40234375 0.0390625 0.0390625
0 0.328125 0.40625 0.0390625 0.0390625
0 0.828125 0.44921875 0.0390625 0.0390625
0 0.83203125 0.44921875 0.0390625 0.0390625
0 0.8515625 0.44921875 0.0390625 0.0390625
0 0.87109375 0.44921875 0.0390625 0.0390625
0 0.890625 0.44921875 0.0390625 0.0390625
0 0.92578125 0.44921875 0.0390625 0.0390625
0 0.94921875 0.44921875 0.0390625 0.0390625
0 0.9921875 0.44921875 0.0390625 0.0390625
0 0.92578125 0.453125 0.0390625 0.0390625
0 0.94921875 0.453125 0.0390625 0.0390625
0 0.96875 0.453125 0.0390625 0.0390625
0 0.9921875 0.453125 0.0390625 0.0390625
0 0.875 0.52734375 0.0390625 0.0390625
0 0.91796875 0.52734375 0.0390625 0.0390625
0 0.0 0.53125 0.0390625 0.0390625
0 0.08203125 0.5390625 0.0390625 0.0390625
0 0.0859375 0.5390625 0.0390625 0.0390625
0 0.8046875 0.546875 0.0390625 0.0390625
0 0.80859375 0.546875 0.0390625 0.0390625
0 0.875 0.546875 0.0390625 0.0390625
0 0.9140625 0.546875 0.0390625 0.0390625
0 0.8046875 0.55078125 0.0390625 0.0390625
0 0.80859375 0.55078125 0.0390625 0.0390625
0 0.875 0.55078125 0.0390625 0.0390625
0 0.08203125 0.55859375 0.0390625 0.0390625
0 0.0859375 0.55859375 0.0390625 0.0390625
0 0.08203125 0.5625 0.0390625 0.0390625
0 0.0859375 0.5625 0.0390625 0.0390625
0 0.875 0.56640625 0.0390625 0.0390625
0 0.91015625 0.56640625 0.0390625 0.0390625
0 0.9140625 0.56640625 0.0390625 0.0390625
0 0.875 0.5703125 0.0390625 0.0390625
0 0.91015625 0.5703125 0.0390625 0.0390625
0 0.9140625 0.5703125 0.0390625 0.0390625
0 0.08203125 0.58203125 0.0390625 0.0390625
0 0.0859375 0.58203125 0.0390625 0.0390625
0 0.20703125 0.58984375 0.0390625 0.0390625
0 0.875 0.58984375 0.0390625 0.0390625
0 0.91796875 0.58984375 0.0390625 0.0390625
0 0.921875 0.58984375 0.0390625 0.0390625
0 0.20703125 0.59375 0.0390625 0.0390625
0 0.8046875 0.59375 0.0390625 0.0390625
0 0.80859375 0.59375 0.0390625 0.0390625
0 0.0859375 0.60546875 0.0390625 0.0390625
0 0.91796875 0.609375 0.0390625 0.0390625
0 0.875 0.61328125 0.0390625 0.0390625
0 0.0 0.6171875 0.0390625 0.0390625
0 0.91015625 0.6328125 0.0390625 0.0390625
0 0.9140625 0.6328125 0.0390625 0.0390625
0 0.86328125 0.6484375 0.0390625 0.0390625
0 0.91015625 0.6484375 0.0390625 0.0390625
0 0.86328125 0.65234375 0.0390625 0.0390625
0 0.25390625 0.66796875 0.0390625 0.0390625
0 0.875 0.66796875 0.0390625 0.0390625
0 0.9140625 0.66796875 0.0390625 0.0390625
0 0.91796875 0.66796875 0.0390625 0.0390625
0 0.75 0.6796875 0.0390625 0.0390625
0 0.75390625 0.6796875 0.0390625 0.0390625
0 0.5390625 0.6875 0.0390625 0.0390625
0 0.8671875 0.6875 0.0390625 0.0390625
0 0.5390625 0.69140625 0.0390625 0.0390625
0 0.56640625 0.69140625 0.0390625 0.0390625
0 0.9140625 0.69140625 0.0390625 0.0390625
0 0.30078125 0.69921875 0.0390625 0.0390625
0 0.3046875 0.69921875 0.0390625 0.0390625
0 0.8671875 0.7109375 0.0390625 0.0390625
0 0.08203125 0.71484375 0.0390625 0.0390625
0 0.0859375 0.71484375 0.0390625 0.0390625
0 0.5390625 0.71484375 0.0390625 0.0390625
0 0.8671875 0.71484375 0.0390625 0.0390625
0 0.5390625 0.71875 0.0390625 0.0390625
0 0.59375 0.71875 0.0390625 0.0390625
0 0.61328125 0.71875 0.0390625 0.0390625
0 0.66796875 0.71875 0.0390625 0.0390625
0 0.671875 0.71875 0.0390625 0.0390625
0 0.69140625 0.71875 0.0390625 0.0390625
0 0.72265625 0.71875 0.0390625 0.0390625
0 0.59375 0.72265625 0.0390625 0.0390625
0 0.61328125 0.72265625 0.0390625 0.0390625
0 0.64453125 0.72265625 0.0390625 0.0390625
0 0.74609375 0.72265625 0.0390625 0.0390625
0 0.76953125 0.72265625 0.0390625 0.0390625
0 0.76953125 0.7265625 0.0390625 0.0390625
0 0.91015625 0.7265625 0.0390625 0.0390625
0 0.87109375 0.73046875 0.0390625 0.0390625
0 0.91015625 0.73046875 0.0390625 0.0390625
0 0.87109375 0.74609375 0.0390625 0.0390625
0 0.87109375 0.75 0.0390625 0.0390625
0 0.91015625 0.75 0.0390625 0.0390625
0 0.87109375 0.76953125 0.0390625 0.0390625
0 0.875 0.76953125 0.0390625 0.0390625
0 0.91015625 0.76953125 0.0390625 0.0390625
0 0.91015625 0.7734375 0.0390625 0.0390625
0 0.8671875 0.7890625 0.0390625 0.0390625
0 0.52734375 0.79296875 0.0390625 0.0390625
0 0.53125 0.79296875 0.0390625 0.0390625
0 0.91015625 0.79296875 0.0390625 0.0390625
0 0.52734375 0.796875 0.0390625 0.0390625
0 0.53125 0.796875 0.0390625 0.0390625
0 0.640625 0.796875 0.0390625 0.0390625
0 0.078125 0.80078125 0.0390625 0.0390625
0 0.59375 0.8046875 0.0390625 0.0390625
0 0.6171875 0.8046875 0.0390625 0.0390625
0 0.62109375 0.8046875 0.0390625 0.0390625
0 0.66796875 0.8046875 0.0390625 0.0390625
0 0.671875 0.8046875 0.0390625 0.0390625
0 0.6953125 0.8046875 0.0390625 0.0390625
0 0.69921875 0.8046875 0.0390625 0.0390625
0 0.72265625 0.8046875 0.0390625 0.0390625
0 0.7265625 0.8046875 0.0390625 0.0390625
0 0.74609375 0.8046875 0.0390625 0.0390625
0 0.859375 0.80859375 0.0390625 0.0390625
0 0.86328125 0.80859375 0.0390625 0.0390625
0 0.91015625 0.80859375 0.0390625 0.0390625
0 0.9140625 0.80859375 0.0390625 0.0390625
0 0.859375 0.8125 0.0390625 0.0390625
0 0.86328125 0.8125 0.0390625 0.0390625
0 0.46875 0.83984375 0.0390625 0.0390625
0 0.47265625 0.83984375 0.0390625 0.0390625
0 0.609375 0.83984375 0.0390625 0.0390625
0 0.61328125 0.83984375 0.0390625 0.0390625
0 0.6484375 0.83984375 0.0390625 0.0390625
0 0.6875 0.83984375 0.0390625 0.0390625
0 0.69140625 0.83984375 0.0390625 0.0390625
0 0.5078125 0.84375 0.0390625 0.0390625
0 0.609375 0.84375 0.0390625 0.0390625
0 0.61328125 0.84375 0.0390625 0.0390625
0 0.6328125 0.84375 0.0390625 0.0390625
0 0.6484375 0.84375 0.0390625 0.0390625
0 0.7109375 0.84375 0.0390625 0.0390625
0 0.73046875 0.84375 0.0390625 0.0390625
0 0.7734375 0.84375 0.0390625 0.0390625
0 0.79296875 0.84375 0.0390625 0.0390625
0 0.89453125 0.84375 0.0390625 0.0390625
0 0.8984375 0.84375 0.0390625 0.0390625
0 0.9140625 0.84375 0.0390625 0.0390625
0 0.98828125 0.84375 0.0390625 0.0390625
0 0.58984375 0.84765625 0.0390625 0.0390625
0 0.59375 0.84765625 0.0390625 0.0390625
0 0.73046875 0.84765625 0.0390625 0.0390625
0 0.75 0.84765625 0.0390625 0.0390625
0 0.75390625 0.84765625 0.0390625 0.0390625
0 0.79296875 0.84765625 0.0390625 0.0390625
0 0.87890625 0.84765625 0.0390625 0.0390625
0 0.89453125 0.84765625 0.0390625 0.0390625
0 0.8984375 0.84765625 0.0390625 0.0390625
0 0.9140625 0.84765625 0.0390625 0.0390625
0 0.171875 0.86328125 0.0390625 0.0390625
0 0.17578125 0.86328125 0.0390625 0.0390625
0 0.17578125 0.92578125 0.0390625 0.0390625
0 0.17578125 0.9296875 0.0390625 0.0390625
0 0.96875 0.93359375 0.0390625 0.0390625
0 0.56640625 0.9375 0.0390625 0.0390625
0 0.60546875 0.9375 0.0390625 0.0390625
0 0.6640625 0.9375 0.0390625 0.0390625
0 0.74609375 0.9375 0.0390625 0.0390625
0 0.7890625 0.9375 0.0390625 0.0390625
0 0.828125 0.9375 0.0390625 0.0390625
0 0.83203125 0.9375 0.0390625 0.0390625
0 0.87109375 0.9375 0.0390625 0.0390625
0 0.875 0.9375 0.0390625 0.0390625
0 0.88671875 0.9375 0.0390625 0.0390625
0 0.890625 0.9375 0.0390625 0.0390625
0 0.93359375 0.9375 0.0390625 0.0390625
0 0.96875 0.9375 0.0390625 0.0390625
0 0.56640625 0.94140625 0.0390625 0.0390625
0 0.5859375 0.94140625 0.0390625 0.0390625
0 0.60546875 0.94140625 0.0390625 0.0390625
0 0.62890625 0.94140625 0.0390625 0.0390625
0 0.64453125 0.94140625 0.0390625 0.0390625
0 0.6484375 0.94140625 0.0390625 0.0390625
0 0.72265625 0.94140625 0.0390625 0.0390625
0 0.765625 0.94140625 0.0390625 0.0390625
0 0.7890625 0.94140625 0.0390625 0.0390625
0 0.8046875 0.94140625 0.0390625 0.0390625
0 0.80859375 0.94140625 0.0390625 0.0390625
0 0.828125 0.94140625 0.0390625 0.0390625
0 0.83203125 0.94140625 0.0390625 0.0390625
0 0.84765625 0.94140625 0.0390625 0.0390625
0 0.8515625 0.94140625 0.0390625 0.0390625
0 0.9140625 0.94140625 0.0390625 0.0390625
0 0.62890625 0.9453125 0.0390625 0.0390625
0 0.64453125 0.9453125 0.0390625 0.0390625
0 0.6484375 0.9453125 0.0390625 0.0390625
0 0.34375 0.97265625 0.0390625 0.0390625
0 0.171875 0.98046875 0.0390625 0.0390625
0 0.47265625 0.984375 0.0390625 0.0390625
0 0.4921875 0.9921875 0.0390625 0.0390625
0 0.49609375 0.9921875 0.0390625 0.0390625
0 0.7109375 0.99609375 0.0390625 0.0390625
