0 0.8805031446540881 0.01953125 0.06289308176100629 0.0390625
0 0.8742138364779874 0.0703125 0.06289308176100629 0.0390625
0 0.8805031446540881 0.0703125 0.06289308176100629 0.0390625
0 0.8805031446540881 0.125 0.06289308176100629 0.0390625
0 0.8742138364779874 0.1796875 0.06289308176100629 0.0390625
0 0.8805031446540881 0.1796875 0.06289308176100629 0.0390625
0 0.8742138364779874 0.18359375 0.06289308176100629 0.0390625
0 0.8805031446540881 0.18359375 0.06289308176100629 0.0390625
0 0.2389937106918239 0.2109375 0.06289308176100629 0.0390625
0 0.24528301886792453 0.2109375 0.06289308176100629 0.0390625
0 0.27672955974842767 0.2109375 0.06289308176100629 0.0390625
0 0.6792452830188679 0.3125 0.06289308176100629 0.0390625
0 0.6792452830188679 0.31640625 0.06289308176100629 0.0390625
0 0.031446540880503145 0.3984375 0.06289308176100629 0.0390625
0 0.6918238993710691 0.5078125 0.06289308176100629 0.0390625
0 0.6918238993710691 0.51171875 0.06289308176100629 0.0390625
0 0.710691823899371 0.54296875 0.06289308176100629 0.0390625
0 0.2389937106918239 0.578125 0.06289308176100629 0.0390625
0 0.24528301886792453 0.578125 0.06289308176100629 0.0390625
0 0.49056603773584906 0.578125 0.06289308176100629 0.0390625
0 0.49056603773584906 0.58203125 0.06289308176100629 0.0390625
0 0.8867924528301887 0.59765625 0.06289308176100629 0.0390625
0 0.9874213836477987 0.83984375 0.06289308176100629 0.0390625
0 0.9937106918238994 0.83984375 0.06289308176100629 0.0390625
0 0.9874213836477987 0.84375 0.06289308176100629 0.0390625
0 0.9937106918238994 0.84375 0.06289308176100629 0.0390625
