0 0.8984375 0.06640625 0.0390625 0.0390625
0 0.80078125 0.0703125 0.0390625 0.0390625
0 0.8203125 0.0703125 0.0390625 0.0390625
0 0.82421875 0.0703125 0.0390625 0.0390625
0 0.8203125 0.07421875 0.0390625 0.0390625
0 0.82421875 0.07421875 0.0390625 0.0390625
0 0.58984375 0.078125 0.0390625 0.0390625
0 0.59375 0.078125 0.0390625 0.0390625
0 0.7109375 0.078125 0.0390625 0.0390625
0 0.3359375 0.08203125 0.0390625 0.0390625
0 0.33984375 0.08203125 0.0390625 0.0390625
0 0.3359375 0.12109375 0.0390625 0.0390625
0 0.3359375 0.125 0.0390625 0.0390625
0 0.33203125 0.1796875 0.0390625 0.0390625
0 0.51953125 0.2421875 0.0390625 0.0390625
0 0.58984375 0.265625 0.0390625 0.0390625
0 0.58984375 0.26953125 0.0390625 0.0390625
0 0.3359375 0.2890625 0.0390625 0.0390625
0 0.875 0.3046875 0.0390625 0.0390625
0 0.8515625 0.30859375 0.0390625 0.0390625
0 0.875 0.30859375 0.0390625 0.0390625
0 0.484375 0.3359375 0.0390625 0.0390625
0 0.2890625 0.36328125 0.0390625 0.0390625
0 0.734375 0.37109375 0.0390625 0.0390625
0 0.921875 0.37109375 0.0390625 0.0390625
0 0.81640625 0.375 0.0390625 0.0390625
0 0.8203125 0.375 0.0390625 0.0390625
0 0.921875 0.375 0.0390625 0.0390625
0 0.81640625 0.37890625 0.0390625 0.0390625
0 0.8203125 0.37890625 0.0390625 0.0390625
0 0.4375 0.40234375 0.0390625 0.0390625
0 0.44140625 0.40234375 0.0390625 0.0390625
0 0.33203125 0.4375 0.0390625 0.0390625
0 0.3359375 0.4375 0.0390625 0.0390625
0 0.76953125 0.46484375 0.0390625 0.0390625
0 0.7890625 0.46484375 0.0390625 0.0390625
0 0.79296875 0.46484375 0.0390625 0.0390625
0 0.80859375 0.46875 0.0390625 0.0390625
0 0.8125 0.46875 0.0390625 0.0390625
0 0.33203125 0.48046875 0.0390625 0.0390625
0 0.33203125 0.484375 0.0390625 0.0390625
0 0.97265625 0.48828125 0.0390625 0.0390625
0 0.9765625 0.48828125 0.0390625 0.0390625
0 0.97265625 0.4921875 0.0390625 0.0390625
0 0.9765625 0.4921875 0.0390625 0.0390625
0 0.828125 0.51171875 0.0390625 0.0390625
0 0.328125 0.53515625 0.0390625 0.0390625
0 0.33203125 0.53515625 0.0390625 0.0390625
0 0.72265625 0.55859375 0.0390625 0.0390625
0 0.7265625 0.55859375 0.0390625 0.0390625
0 0.69921875 0.5625 0.0390625 0.0390625
0 0.703125 0.5625 0.0390625 0.0390625
0 0.72265625 0.5625 0.0390625 0.0390625
0 0.7265625 0.5625 0.0390625 0.0390625
0 0.765625 0.5625 0.0390625 0.0390625
0 0.7890625 0.5625 0.0390625 0.0390625
0 0.69921875 0.56640625 0.0390625 0.0390625
0 0.703125 0.56640625 0.0390625 0.0390625
0 0.96875 0.57421875 0.0390625 0.0390625
0 0.97265625 0.57421875 0.0390625 0.0390625
0 0.97265625 0.59765625 0.0390625 0.0390625
0 0.53515625 0.69921875 0.0390625 0.0390625
0 0.5390625 0.69921875 0.0390625 0.0390625
0 0.3828125 0.70703125 0.0390625 0.0390625
0 0.38671875 0.70703125 0.0390625 0.0390625
0 0.65625 0.7109375 0.0390625 0.0390625
0 0.703125 0.7109375 0.0390625 0.0390625
0 0.65625 0.71484375 0.0390625 0.0390625
0 0.703125 0.71484375 0.0390625 0.0390625
0 0.7265625 0.71484375 0.0390625 0.0390625
0 0.75 0.71484375 0.0390625 0.0390625
0 0.35546875 0.8046875 0.0390625 0.0390625
0 0.359375 0.8046875 0.0390625 0.0390625
0 0.4140625 0.828125 0.0390625 0.0390625
0 0.25390625 0.83984375 0.0390625 0.0390625
0 0.25390625 0.84375 0.0390625 0.0390625
0 0.23828125 0.89453125 0.0390625 0.0390625
0 0.23828125 0.8984375 0.0390625 0.0390625
0 0.35546875 0.91796875 0.0390625 0.0390625
