0 0.234375 0.09765625 0.0390625 0.0390625
0 0.23828125 0.09765625 0.0390625 0.0390625
0 0.265625 0.11328125 0.0390625 0.0390625
0 0.26953125 0.11328125 0.0390625 0.0390625
0 0.265625 0.15625 0.0390625 0.0390625
0 0.265625 0.16015625 0.0390625 0.0390625
0 0.234375 0.17578125 0.0390625 0.0390625
0 0.23828125 0.17578125 0.0390625 0.0390625
0 0.7890625 0.515625 0.0390625 0.0390625
0 0.796875 0.69921875 0.0390625 0.0390625
0 0.796875 0.703125 0.0390625 0.0390625
0 0.8828125 0.70703125 0.0390625 0.0390625
0 0.99609375 0.70703125 0.0390625 0.0390625
0 0.99609375 0.7109375 0.0390625 0.0390625
0 0.94921875 0.71484375 0.0390625 0.0390625
0 0.953125 0.71484375 0.0390625 0.0390625
0 0.91796875 0.80859375 0.0390625 0.0390625
0 0.921875 0.80859375 0.0390625 0.0390625
0 0.921875 0.94921875 0.0390625 0.0390625
