0 0.96484375 0.01953125 0.0390625 0.0390625
0 0.109375 0.04296875 0.0390625 0.0390625
0 0.19140625 0.046875 0.0390625 0.0390625
0 0.1953125 0.046875 0.0390625 0.0390625
0 0.1328125 0.05078125 0.0390625 0.0390625
0 0.15234375 0.05078125 0.0390625 0.0390625
0 0.015625 0.05859375 0.0390625 0.0390625
0 0.109375 0.09765625 0.0390625 0.0390625
0 0.015625 0.1953125 0.0390625 0.0390625
0 0.015625 0.19921875 0.0390625 0.0390625
0 0.109375 0.20703125 0.0390625 0.0390625
0 0.109375 0.2109375 0.0390625 0.0390625
0 0.14453125 0.24609375 0.0390625 0.0390625
0 0.1015625 0.25 0.0390625 0.0390625
0 0.125 0.25 0.0390625 0.0390625
0 0.12890625 0.25 0.0390625 0.0390625
0 0.14453125 0.25 0.0390625 0.0390625
0 0.92578125 0.3671875 0.0390625 0.0390625
0 0.9296875 0.3671875 0.0390625 0.0390625
0 0.87109375 0.37109375 0.0390625 0.0390625
0 0.125 0.48828125 0.0390625 0.0390625
0 0.9609375 0.73828125 0.0390625 0.0390625
0 0.96484375 0.73828125 0.0390625 0.0390625
0 0.9609375 0.7421875 0.0390625 0.0390625
0 0.96484375 0.7421875 0.0390625 0.0390625
0 0.109375 0.76171875 0.0390625 0.0390625
