0 0.453125 0.00390625 0.0390625 0.0390625
0 0.0234375 0.0234375 0.0390625 0.0390625
0 0.0546875 0.02734375 0.0390625 0.0390625
0 0.08203125 0.02734375 0.0390625 0.0390625
0 0.51953125 0.23828125 0.0390625 0.0390625
0 0.5234375 0.23828125 0.0390625 0.0390625
0 0.48046875 0.2421875 0.0390625 0.0390625
0 0.5 0.2421875 0.0390625 0.0390625
0 0.45703125 0.24609375 0.0390625 0.0390625
0 0.5625 0.24609375 0.0390625 0.0390625
0 0.609375 0.24609375 0.0390625 0.0390625
0 0.6328125 0.24609375 0.0390625 0.0390625
0 0.63671875 0.24609375 0.0390625 0.0390625
0 0.02734375 0.25390625 0.0390625 0.0390625
0 0.0078125 0.2578125 0.0390625 0.0390625
0 0.01171875 0.2578125 0.0390625 0.0390625
0 0.07421875 0.2578125 0.0390625 0.0390625
0 0.1640625 0.2578125 0.0390625 0.0390625
0 0.27734375 0.26171875 0.0390625 0.0390625
0 0.28125 0.26171875 0.0390625 0.0390625
0 0.31640625 0.26171875 0.0390625 0.0390625
0 0.33203125 0.26171875 0.0390625 0.0390625
0 0.3359375 0.26171875 0.0390625 0.0390625
0 0.31640625 0.265625 0.0390625 0.0390625
0 0.45703125 0.3359375 0.0390625 0.0390625
0 0.45703125 0.33984375 0.0390625 0.0390625
0 0.66015625 0.34375 0.0390625 0.0390625
0 0.58984375 0.34765625 0.0390625 0.0390625
0 0.390625 0.40234375 0.0390625 0.0390625
0 0.39453125 0.40234375 0.0390625 0.0390625
0 0.390625 0.40625 0.0390625 0.0390625
0 0.39453125 0.40625 0.0390625 0.0390625
0 0.5859375 0.4140625 0.0390625 0.0390625
0 0.58984375 0.4140625 0.0390625 0.0390625
0 0.56640625 0.41796875 0.0390625 0.0390625
0 0.23046875 0.421875 0.0390625 0.0390625
0 0.234375 0.421875 0.0390625 0.0390625
0 0.48046875 0.421875 0.0390625 0.0390625
0 0.50390625 0.421875 0.0390625 0.0390625
0 0.546875 0.421875 0.0390625 0.0390625
0 0.65234375 0.421875 0.0390625 0.0390625
0 0.31640625 0.42578125 0.0390625 0.0390625
0 0.484375 0.5234375 0.0390625 0.0390625
0 0.68359375 0.52734375 0.0390625 0.0390625
0 0.68359375 0.53125 0.0390625 0.0390625
0 0.63671875 0.53515625 0.0390625 0.0390625
0 0.1484375 0.87109375 0.0390625 0.0390625
0 0.15234375 0.87109375 0.0390625 0.0390625
0 0.95703125 0.890625 0.0390625 0.0390625
0 0.9609375 0.890625 0.0390625 0.0390625
0 0.33203125 0.89453125 0.0390625 0.0390625
0 0.6875 0.90625 0.0390625 0.0390625
0 0.69140625 0.90625 0.0390625 0.0390625
0 0.79296875 0.90625 0.0390625 0.0390625
0 0.86328125 0.90625 0.0390625 0.0390625
0 0.9453125 0.91015625 0.0390625 0.0390625
0 0.94921875 0.91015625 0.0390625 0.0390625
0 0.73828125 0.92578125 0.0390625 0.0390625
0 0.73828125 0.9296875 0.0390625 0.0390625
0 0.94140625 0.9296875 0.0390625 0.0390625
0 0.9453125 0.9296875 0.0390625 0.0390625
0 0.94140625 0.93359375 0.0390625 0.0390625
0 0.9453125 0.93359375 0.0390625 0.0390625
0 0.38671875 0.953125 0.0390625 0.0390625
0 0.8515625 0.953125 0.0390625 0.0390625
0 0.85546875 0.953125 0.0390625 0.0390625
0 0.9296875 0.953125 0.0390625 0.0390625
0 0.9296875 0.95703125 0.0390625 0.0390625
0 0.7890625 0.984375 0.0390625 0.0390625
0 0.79296875 0.984375 0.0390625 0.0390625
0 0.859375 0.984375 0.0390625 0.0390625
0 0.93359375 0.984375 0.0390625 0.0390625
0 0.46484375 0.98828125 0.0390625 0.0390625
0 0.859375 0.98828125 0.0390625 0.0390625
0 0.93359375 0.98828125 0.0390625 0.0390625
