0 0.515625 0.01171875 0.0390625 0.0390625
0 0.4453125 0.015625 0.0390625 0.0390625
0 0.44921875 0.015625 0.0390625 0.0390625
0 0.40625 0.01953125 0.0390625 0.0390625
0 0.4453125 0.01953125 0.0390625 0.0390625
0 0.44921875 0.01953125 0.0390625 0.0390625
0 0.5625 0.01953125 0.0390625 0.0390625
0 0.56640625 0.01953125 0.0390625 0.0390625
0 0.40625 0.0234375 0.0390625 0.0390625
0 0.3515625 0.03125 0.0390625 0.0390625
0 0.35546875 0.03125 0.0390625 0.0390625
0 0.609375 0.03125 0.0390625 0.0390625
0 0.3125 0.046875 0.0390625 0.0390625
0 0.66796875 0.0546875 0.0390625 0.0390625
0 0.71875 0.0546875 0.0390625 0.0390625
0 0.72265625 0.0546875 0.0390625 0.0390625
0 0.984375 0.1875 0.0390625 0.0390625
0 0.95703125 0.25390625 0.0390625 0.0390625
0 0.95703125 0.2578125 0.0390625 0.0390625
0 0.3515625 0.26171875 0.0390625 0.0390625
0 0.1796875 0.34765625 0.0390625 0.0390625
0 0.80078125 0.3515625 0.0390625 0.0390625
0 0.26953125 0.35546875 0.0390625 0.0390625
0 0.26953125 0.359375 0.0390625 0.0390625
0 0.26953125 0.375 0.0390625 0.0390625
0 0.26953125 0.37890625 0.0390625 0.0390625
0 0.8046875 0.37890625 0.0390625 0.0390625
0 0.80859375 0.37890625 0.0390625 0.0390625
0 0.17578125 0.40625 0.0390625 0.0390625
0 0.80078125 0.4453125 0.0390625 0.0390625
0 0.23828125 0.4765625 0.0390625 0.0390625
0 0.8046875 0.5 0.0390625 0.0390625
0 0.796875 0.53515625 0.0390625 0.0390625
0 0.80078125 0.5625 0.0390625 0.0390625
0 0.84375 0.69921875 0.0390625 0.0390625
0 0.80078125 0.73828125 0.0390625 0.0390625
0 0.890625 0.7421875 0.0390625 0.0390625
0 0.796875 0.8046875 0.0390625 0.0390625
0 0.80078125 0.8046875 0.0390625 0.0390625
0 0.83984375 0.8046875 0.0390625 0.0390625
0 0.84375 0.8046875 0.0390625 0.0390625
0 0.796875 0.80859375 0.0390625 0.0390625
0 0.80078125 0.80859375 0.0390625 0.0390625
0 0.83984375 0.80859375 0.0390625 0.0390625
0 0.84375 0.80859375 0.0390625 0.0390625
0 0.890625 0.83984375 0.0390625 0.0390625
0 0.890625 0.84375 0.0390625 0.0390625
0 0.8671875 0.8515625 0.0390625 0.0390625
0 0.890625 0.90234375 0.0390625 0.0390625
0 0.89453125 0.90234375 0.0390625 0.0390625
0 0.83984375 0.90625 0.0390625 0.0390625
0 0.8671875 0.91015625 0.0390625 0.0390625
0 0.8203125 0.99609375 0.0390625 0.0390625
