0 0.01953125 0.00390625 0.0390625 0.0390625
0 0.01171875 0.05078125 0.0390625 0.0390625
0 0.01171875 0.08984375 0.0390625 0.0390625
0 0.015625 0.08984375 0.0390625 0.0390625
0 0.4921875 0.1015625 0.0390625 0.0390625
0 0.83203125 0.109375 0.0390625 0.0390625
0 0.7890625 0.11328125 0.0390625 0.0390625
0 0.91796875 0.11328125 0.0390625 0.0390625
0 0.69921875 0.1171875 0.0390625 0.0390625
0 0.62890625 0.203125 0.0390625 0.0390625
0 0.6328125 0.203125 0.0390625 0.0390625
0 0.69921875 0.203125 0.0390625 0.0390625
0 0.62890625 0.20703125 0.0390625 0.0390625
0 0.6328125 0.20703125 0.0390625 0.0390625
0 0.67578125 0.20703125 0.0390625 0.0390625
0 0.69921875 0.20703125 0.0390625 0.0390625
0 0.67578125 0.2109375 0.0390625 0.0390625
0 0.3515625 0.24609375 0.0390625 0.0390625
0 0.3515625 0.28515625 0.0390625 0.0390625
0 0.01171875 0.3046875 0.0390625 0.0390625
0 0.01171875 0.30859375 0.0390625 0.0390625
0 0.99609375 0.36328125 0.0390625 0.0390625
0 0.125 0.37109375 0.0390625 0.0390625
0 0.125 0.375 0.0390625 0.0390625
0 0.125 0.390625 0.0390625 0.0390625
0 0.12890625 0.390625 0.0390625 0.0390625
0 0.125 0.39453125 0.0390625 0.0390625
0 0.12890625 0.39453125 0.0390625 0.0390625
0 0.99609375 0.41015625 0.0390625 0.0390625
0 0.00390625 0.43359375 0.0390625 0.0390625
0 0.0078125 0.43359375 0.0390625 0.0390625
0 0.01171875 0.4765625 0.0390625 0.0390625
0 0.015625 0.4765625 0.0390625 0.0390625
0 0.125 0.53125 0.0390625 0.0390625
0 0.125 0.53515625 0.0390625 0.0390625
0 0.55859375 0.703125 0.0390625 0.0390625
0 0.5625 0.703125 0.0390625 0.0390625
0 0.09765625 0.75390625 0.0390625 0.0390625
0 0.09765625 0.7578125 0.0390625 0.0390625
0 0.46484375 0.81640625 0.0390625 0.0390625
0 0.59765625 0.85546875 0.0390625 0.0390625
0 0.6015625 0.85546875 0.0390625 0.0390625
0 0.64453125 0.85546875 0.0390625 0.0390625
0 0.6953125 0.85546875 0.0390625 0.0390625
0 0.6953125 0.859375 0.0390625 0.0390625
0 0.515625 0.91015625 0.0390625 0.0390625
0 0.51953125 0.91015625 0.0390625 0.0390625
0 0.515625 0.9140625 0.0390625 0.0390625
0 0.51953125 0.9140625 0.0390625 0.0390625
0 0.97265625 0.91796875 0.0390625 0.0390625
0 0.97265625 0.921875 0.0390625 0.0390625
