0 0.81640625 0.01171875 0.0390625 0.0390625
0 0.8203125 0.01171875 0.0390625 0.0390625
0 0.81640625 0.015625 0.0390625 0.0390625
0 0.8203125 0.015625 0.0390625 0.0390625
0 0.9140625 0.015625 0.0390625 0.0390625
0 0.9609375 0.015625 0.0390625 0.0390625
0 0.81640625 0.03125 0.0390625 0.0390625
0 0.8203125 0.03125 0.0390625 0.0390625
0 0.76171875 0.03515625 0.0390625 0.0390625
0 0.91796875 0.03515625 0.0390625 0.0390625
0 0.9609375 0.03515625 0.0390625 0.0390625
0 0.96484375 0.03515625 0.0390625 0.0390625
0 0.76171875 0.0390625 0.0390625 0.0390625
0 0.8203125 0.05078125 0.0390625 0.0390625
0 0.921875 0.05078125 0.0390625 0.0390625
0 0.8203125 0.0546875 0.0390625 0.0390625
0 0.921875 0.0546875 0.0390625 0.0390625
0 0.9609375 0.05859375 0.0390625 0.0390625
0 0.8203125 0.07421875 0.0390625 0.0390625
0 0.95703125 0.07421875 0.0390625 0.0390625
0 0.9609375 0.07421875 0.0390625 0.0390625
0 0.7578125 0.078125 0.0390625 0.0390625
0 0.76171875 0.078125 0.0390625 0.0390625
0 0.8203125 0.078125 0.0390625 0.0390625
0 0.9140625 0.078125 0.0390625 0.0390625
0 0.9140625 0.08984375 0.0390625 0.0390625
0 0.81640625 0.09375 0.0390625 0.0390625
0 0.8203125 0.09375 0.0390625 0.0390625
0 0.9140625 0.09375 0.0390625 0.0390625
0 0.7578125 0.09765625 0.0390625 0.0390625
0 0.76171875 0.09765625 0.0390625 0.0390625
0 0.9609375 0.09765625 0.0390625 0.0390625
0 0.7578125 0.1015625 0.0390625 0.0390625
0 0.76171875 0.1015625 0.0390625 0.0390625
0 0.9140625 0.11328125 0.0390625 0.0390625
0 0.8203125 0.1171875 0.0390625 0.0390625
0 0.82421875 0.1171875 0.0390625 0.0390625
0 0.9140625 0.1171875 0.0390625 0.0390625
0 0.95703125 0.1171875 0.0390625 0.0390625
0 0.95703125 0.12109375 0.0390625 0.0390625
0 0.81640625 0.13671875 0.0390625 0.0390625
0 0.7578125 0.14453125 0.0390625 0.0390625
0 0.81640625 0.15625 0.0390625 0.0390625
0 0.81640625 0.16015625 0.0390625 0.0390625
0 0.8125 0.17578125 0.0390625 0.0390625
0 0.92578125 0.19921875 0.0390625 0.0390625
0 0.9296875 0.19921875 0.0390625 0.0390625
0 0.98828125 0.19921875 0.0390625 0.0390625
0 0.87890625 0.203125 0.0390625 0.0390625
0 0.8828125 0.203125 0.0390625 0.0390625
0 0.90234375 0.203125 0.0390625 0.0390625
0 0.92578125 0.203125 0.0390625 0.0390625
0 0.9296875 0.203125 0.0390625 0.0390625
0 0.97265625 0.203125 0.0390625 0.0390625
0 0.9765625 0.203125 0.0390625 0.0390625
0 0.98828125 0.203125 0.0390625 0.0390625
0 0.859375 0.20703125 0.0390625 0.0390625
0 0.87890625 0.20703125 0.0390625 0.0390625
0 0.8828125 0.20703125 0.0390625 0.0390625
0 0.90234375 0.20703125 0.0390625 0.0390625
0 0.94921875 0.20703125 0.0390625 0.0390625
0 0.09765625 0.23828125 0.0390625 0.0390625
0 0.1015625 0.23828125 0.0390625 0.0390625
0 0.09765625 0.2421875 0.0390625 0.0390625
0 0.1015625 0.2421875 0.0390625 0.0390625
0 0.2421875 0.27734375 0.0390625 0.0390625
0 0.24609375 0.33203125 0.0390625 0.0390625
0 0.24609375 0.3359375 0.0390625 0.0390625
0 0.69921875 0.3359375 0.0390625 0.0390625
0 0.69921875 0.33984375 0.0390625 0.0390625
0 0.80078125 0.4921875 0.0390625 0.0390625
0 0.80078125 0.49609375 0.0390625 0.0390625
0 0.93359375 0.5 0.0390625 0.0390625
0 0.7890625 0.5625 0.0390625 0.0390625
0 0.203125 0.58984375 0.0390625 0.0390625
0 0.08984375 0.60546875 0.0390625 0.0390625
0 0.08984375 0.609375 0.0390625 0.0390625
0 0.2421875 0.7578125 0.0390625 0.0390625
0 0.24609375 0.7578125 0.0390625 0.0390625
0 0.20703125 0.78125 0.0390625 0.0390625
0 0.20703125 0.78515625 0.0390625 0.0390625
0 0.2421875 0.83984375 0.0390625 0.0390625
0 0.078125 0.84765625 0.0390625 0.0390625
0 0.1015625 0.85546875 0.0390625 0.0390625
0 0.23828125 0.89453125 0.0390625 0.0390625
0 0.2421875 0.89453125 0.0390625 0.0390625
0 0.68359375 0.90234375 0.0390625 0.0390625
0 0.6875 0.90234375 0.0390625 0.0390625
0 0.7578125 0.91796875 0.0390625 0.0390625
0 0.78125 0.91796875 0.0390625 0.0390625
0 0.8046875 0.91796875 0.0390625 0.0390625
0 0.828125 0.92578125 0.0390625 0.0390625
0 0.734375 0.9296875 0.0390625 0.0390625
0 0.0703125 0.94140625 0.0390625 0.0390625
0 0.0703125 0.9453125 0.0390625 0.0390625
0 0.84375 0.9453125 0.0390625 0.0390625
0 0.84375 0.94921875 0.0390625 0.0390625
0 0.1015625 0.953125 0.0390625 0.0390625
0 0.72265625 0.9609375 0.0390625 0.0390625
0 0.7265625 0.9609375 0.0390625 0.0390625
0 0.84375 0.97265625 0.0390625 0.0390625
0 0.84375 0.98828125 0.0390625 0.0390625
0 0.84375 0.9921875 0.0390625 0.0390625
