0 0.62109375 0.30078125 0.0390625 0.0390625
0 0.7734375 0.3125 0.0390625 0.0390625
0 0.7734375 0.31640625 0.0390625 0.0390625
0 0.58203125 0.3359375 0.0390625 0.0390625
0 0.7734375 0.33984375 0.0390625 0.0390625
0 0.578125 0.359375 0.0390625 0.0390625
0 0.69140625 0.3671875 0.0390625 0.0390625
0 0.7734375 0.3671875 0.0390625 0.0390625
0 0.65234375 0.37109375 0.0390625 0.0390625
0 0.7734375 0.37109375 0.0390625 0.0390625
0 0.578125 0.38671875 0.0390625 0.0390625
0 0.578125 0.390625 0.0390625 0.0390625
0 0.6953125 0.390625 0.0390625 0.0390625
0 0.69921875 0.390625 0.0390625 0.0390625
0 0.65625 0.39453125 0.0390625 0.0390625
0 0.7734375 0.39453125 0.0390625 0.0390625
0 0.6640625 0.41015625 0.0390625 0.0390625
0 0.6640625 0.4140625 0.0390625 0.0390625
0 0.578125 0.41796875 0.0390625 0.0390625
0 0.6953125 0.41796875 0.0390625 0.0390625
0 0.7734375 0.41796875 0.0390625 0.0390625
0 0.57421875 0.4375 0.0390625 0.0390625
0 0.578125 0.4375 0.0390625 0.0390625
0 0.6640625 0.4375 0.0390625 0.0390625
0 0.57421875 0.44140625 0.0390625 0.0390625
0 0.578125 0.44140625 0.0390625 0.0390625
0 0.6640625 0.44140625 0.0390625 0.0390625
0 0.69921875 0.4453125 0.0390625 0.0390625
0 0.578125 0.46484375 0.0390625 0.0390625
0 0.65234375 0.46484375 0.0390625 0.0390625
0 0.65625 0.46484375 0.0390625 0.0390625
0 0.65234375 0.46875 0.0390625 0.0390625
0 0.65625 0.46875 0.0390625 0.0390625
0 0.6875 0.47265625 0.0390625 0.0390625
0 0.69140625 0.47265625 0.0390625 0.0390625
0 0.32421875 0.54296875 0.0390625 0.0390625
0 0.32421875 0.546875 0.0390625 0.0390625
0 0.4140625 0.546875 0.0390625 0.0390625
0 0.41796875 0.546875 0.0390625 0.0390625
0 0.453125 0.546875 0.0390625 0.0390625
0 0.45703125 0.546875 0.0390625 0.0390625
0 0.5078125 0.546875 0.0390625 0.0390625
0 0.51171875 0.546875 0.0390625 0.0390625
0 0.67578125 0.546875 0.0390625 0.0390625
0 0.55859375 0.55078125 0.0390625 0.0390625
0 0.67578125 0.55078125 0.0390625 0.0390625
0 0.80078125 0.55078125 0.0390625 0.0390625
0 0.80078125 0.5546875 0.0390625 0.0390625
0 0.84765625 0.5546875 0.0390625 0.0390625
0 0.92578125 0.5546875 0.0390625 0.0390625
0 0.92578125 0.55859375 0.0390625 0.0390625
0 0.46875 0.66796875 0.0390625 0.0390625
0 0.7109375 0.671875 0.0390625 0.0390625
0 0.76171875 0.671875 0.0390625 0.0390625
0 0.76171875 0.67578125 0.0390625 0.0390625
0 0.9921875 0.67578125 0.0390625 0.0390625
0 0.99609375 0.67578125 0.0390625 0.0390625
0 0.15625 0.8828125 0.0390625 0.0390625
0 0.16015625 0.8828125 0.0390625 0.0390625
0 0.15625 0.88671875 0.0390625 0.0390625
0 0.16015625 0.88671875 0.0390625 0.0390625
0 0.96875 0.890625 0.0390625 0.0390625
0 0.76953125 0.92578125 0.0390625 0.0390625
0 0.7734375 0.92578125 0.0390625 0.0390625
0 0.796875 0.92578125 0.0390625 0.0390625
0 0.87890625 0.92578125 0.0390625 0.0390625
0 0.8359375 0.9296875 0.0390625 0.0390625
0 0.859375 0.9296875 0.0390625 0.0390625
0 0.87890625 0.9296875 0.0390625 0.0390625
0 0.8984375 0.9296875 0.0390625 0.0390625
0 0.90234375 0.9296875 0.0390625 0.0390625
0 0.953125 0.95703125 0.0390625 0.0390625
0 0.95703125 0.95703125 0.0390625 0.0390625
0 0.953125 0.98046875 0.0390625 0.0390625
0 0.953125 0.984375 0.0390625 0.0390625
