0 0.73828125 0.0 0.0390625 0.0390625
0 0.7421875 0.0 0.0390625 0.0390625
0 0.08203125 0.046875 0.0390625 0.0390625
0 0.37109375 0.0625 0.0390625 0.0390625
0 0.37109375 0.06640625 0.0390625 0.0390625
0 0.79296875 0.0703125 0.0390625 0.0390625
0 0.796875 0.0703125 0.0390625 0.0390625
0 0.81640625 0.0703125 0.0390625 0.0390625
0 0.8359375 0.0703125 0.0390625 0.0390625
0 0.83984375 0.0703125 0.0390625 0.0390625
0 0.41796875 0.07421875 0.0390625 0.0390625
0 0.421875 0.07421875 0.0390625 0.0390625
0 0.7734375 0.07421875 0.0390625 0.0390625
0 0.79296875 0.07421875 0.0390625 0.0390625
0 0.796875 0.07421875 0.0390625 0.0390625
0 0.859375 0.07421875 0.0390625 0.0390625
0 0.92578125 0.07421875 0.0390625 0.0390625
0 0.0859375 0.08984375 0.0390625 0.0390625
0 0.9921875 0.09375 0.0390625 0.0390625
0 0.99609375 0.09375 0.0390625 0.0390625
0 0.078125 0.11328125 0.0390625 0.0390625
0 0.9921875 0.11328125 0.0390625 0.0390625
0 0.078125 0.1171875 0.0390625 0.0390625
0 0.9921875 0.1171875 0.0390625 0.0390625
0 0.71875 0.12109375 0.0390625 0.0390625
0 0.72265625 0.12109375 0.0390625 0.0390625
0 0.08203125 0.13671875 0.0390625 0.0390625
0 0.99609375 0.13671875 0.0390625 0.0390625
0 0.21875 0.14453125 0.0390625 0.0390625
0 0.22265625 0.14453125 0.0390625 0.0390625
0 0.72265625 0.14453125 0.0390625 0.0390625
0 0.9921875 0.15625 0.0390625 0.0390625
0 0.7265625 0.1640625 0.0390625 0.0390625
0 0.2265625 0.16796875 0.0390625 0.0390625
0 0.91015625 0.16796875 0.0390625 0.0390625
0 0.9140625 0.16796875 0.0390625 0.0390625
0 0.9296875 0.171875 0.0390625 0.0390625
0 0.9921875 0.17578125 0.0390625 0.0390625
0 0.99609375 0.17578125 0.0390625 0.0390625
0 0.9921875 0.1796875 0.0390625 0.0390625
0 0.99609375 0.1796875 0.0390625 0.0390625
0 0.72265625 0.18359375 0.0390625 0.0390625
0 0.8359375 0.18359375 0.0390625 0.0390625
0 0.72265625 0.1875 0.0390625 0.0390625
0 0.9921875 0.1953125 0.0390625 0.0390625
0 0.9921875 0.19921875 0.0390625 0.0390625
0 0.72265625 0.2109375 0.0390625 0.0390625
0 0.99609375 0.21875 0.0390625 0.0390625
0 0.99609375 0.22265625 0.0390625 0.0390625
0 0.71875 0.23046875 0.0390625 0.0390625
0 0.9921875 0.2421875 0.0390625 0.0390625
0 0.99609375 0.2421875 0.0390625 0.0390625
0 0.99609375 0.26171875 0.0390625 0.0390625
0 0.99609375 0.265625 0.0390625 0.0390625
0 0.71875 0.26953125 0.0390625 0.0390625
0 0.71875 0.2734375 0.0390625 0.0390625
0 0.9921875 0.28515625 0.0390625 0.0390625
0 0.72265625 0.29296875 0.0390625 0.0390625
0 0.99609375 0.3046875 0.0390625 0.0390625
0 0.72265625 0.31640625 0.0390625 0.0390625
0 0.72265625 0.3203125 0.0390625 0.0390625
0 0.99609375 0.32421875 0.0390625 0.0390625
0 0.99609375 0.328125 0.0390625 0.0390625
0 0.99609375 0.3671875 0.0390625 0.0390625
0 0.078125 0.52734375 0.0390625 0.0390625
0 0.3515625 0.53125 0.0390625 0.0390625
0 0.91796875 0.53515625 0.0390625 0.0390625
0 0.23828125 0.5390625 0.0390625 0.0390625
0 0.85546875 0.5390625 0.0390625 0.0390625
0 0.91796875 0.5390625 0.0390625 0.0390625
0 0.96484375 0.5390625 0.0390625 0.0390625
0 0.00390625 0.55859375 0.0390625 0.0390625
0 0.06640625 0.578125 0.0390625 0.0390625
0 0.1171875 0.578125 0.0390625 0.0390625
0 0.0 0.58203125 0.0390625 0.0390625
0 0.1171875 0.58203125 0.0390625 0.0390625
0 0.40625 0.67578125 0.0390625 0.0390625
0 0.3046875 0.68359375 0.0390625 0.0390625
0 0.8359375 0.68359375 0.0390625 0.0390625
0 0.3046875 0.6875 0.0390625 0.0390625
0 0.90625 0.6875 0.0390625 0.0390625
0 0.91015625 0.6875 0.0390625 0.0390625
0 0.97265625 0.6875 0.0390625 0.0390625
0 0.9765625 0.6875 0.0390625 0.0390625
0 0.90625 0.69140625 0.0390625 0.0390625
0 0.91015625 0.69140625 0.0390625 0.0390625
