0 0.828125 0.09375 0.0390625 0.0390625
0 0.35546875 0.2265625 0.0390625 0.0390625
0 0.359375 0.2265625 0.0390625 0.0390625
0 0.5390625 0.2265625 0.0390625 0.0390625
0 0.00390625 0.234375 0.0390625 0.0390625
0 0.09765625 0.234375 0.0390625 0.0390625
0 0.1015625 0.234375 0.0390625 0.0390625
0 0.19140625 0.234375 0.0390625 0.0390625
0 0.28125 0.2421875 0.0390625 0.0390625
0 0.42578125 0.24609375 0.0390625 0.0390625
0 0.4296875 0.24609375 0.0390625 0.0390625
0 0.42578125 0.25 0.0390625 0.0390625
0 0.4296875 0.25 0.0390625 0.0390625
0 0.484375 0.25 0.0390625 0.0390625
0 0.48828125 0.25 0.0390625 0.0390625
0 0.5859375 0.25390625 0.0390625 0.0390625
0 0.58984375 0.25390625 0.0390625 0.0390625
0 0.5390625 0.2578125 0.0390625 0.0390625
0 0.5859375 0.2578125 0.0390625 0.0390625
0 0.58984375 0.2578125 0.0390625 0.0390625
0 0.65625 0.2578125 0.0390625 0.0390625
0 0.7265625 0.2578125 0.0390625 0.0390625
0 0.7734375 0.2578125 0.0390625 0.0390625
0 0.77734375 0.2578125 0.0390625 0.0390625
0 0.87109375 0.2578125 0.0390625 0.0390625
0 0.87109375 0.26171875 0.0390625 0.0390625
0 0.26953125 0.265625 0.0390625 0.0390625
0 0.31640625 0.265625 0.0390625 0.0390625
0 0.37890625 0.26953125 0.0390625 0.0390625
0 0.37890625 0.2734375 0.0390625 0.0390625
0 0.4375 0.2734375 0.0390625 0.0390625
0 0.49609375 0.27734375 0.0390625 0.0390625
0 0.58203125 0.28125 0.0390625 0.0390625
0 0.66015625 0.28125 0.0390625 0.0390625
0 0.6640625 0.28125 0.0390625 0.0390625
0 0.73828125 0.28125 0.0390625 0.0390625
0 0.7421875 0.28125 0.0390625 0.0390625
0 0.9296875 0.28125 0.0390625 0.0390625
0 0.84375 0.28515625 0.0390625 0.0390625
0 0.9296875 0.28515625 0.0390625 0.0390625
0 0.23828125 0.2890625 0.0390625 0.0390625
0 0.66796875 0.30859375 0.0390625 0.0390625
0 0.72265625 0.30859375 0.0390625 0.0390625
0 0.7265625 0.30859375 0.0390625 0.0390625
0 0.796875 0.30859375 0.0390625 0.0390625
0 0.921875 0.30859375 0.0390625 0.0390625
0 0.66796875 0.3125 0.0390625 0.0390625
0 0.72265625 0.3125 0.0390625 0.0390625
0 0.7265625 0.3125 0.0390625 0.0390625
0 0.44140625 0.3203125 0.0390625 0.0390625
0 0.98046875 0.33203125 0.0390625 0.0390625
0 0.7890625 0.3359375 0.0390625 0.0390625
0 0.79296875 0.3359375 0.0390625 0.0390625
0 0.7890625 0.33984375 0.0390625 0.0390625
0 0.79296875 0.33984375 0.0390625 0.0390625
0 0.875 0.34765625 0.0390625 0.0390625
0 0.953125 0.60546875 0.0390625 0.0390625
0 0.953125 0.609375 0.0390625 0.0390625
0 0.98046875 0.94921875 0.0390625 0.0390625
0 0.98046875 0.953125 0.0390625 0.0390625
