0 0.9140625 0.0 0.0390625 0.0390625
0 0.91796875 0.0 0.0390625 0.0390625
0 0.9921875 0.0 0.0390625 0.0390625
0 0.9140625 0.00390625 0.0390625 0.0390625
0 0.91796875 0.00390625 0.0390625 0.0390625
0 0.80859375 0.078125 0.0390625 0.0390625
0 0.71875 0.1328125 0.0390625 0.0390625
0 0.296875 0.23046875 0.0390625 0.0390625
0 0.30078125 0.23046875 0.0390625 0.0390625
0 0.58203125 0.23046875 0.0390625 0.0390625
0 0.5859375 0.23046875 0.0390625 0.0390625
0 0.58203125 0.234375 0.0390625 0.0390625
0 0.5859375 0.234375 0.0390625 0.0390625
0 0.80859375 0.234375 0.0390625 0.0390625
0 0.83203125 0.234375 0.0390625 0.0390625
0 0.80859375 0.23828125 0.0390625 0.0390625
0 0.8984375 0.23828125 0.0390625 0.0390625
0 0.87109375 0.3203125 0.0390625 0.0390625
0 0.9921875 0.32421875 0.0390625 0.0390625
0 0.4296875 0.3359375 0.0390625 0.0390625
0 0.43359375 0.3359375 0.0390625 0.0390625
0 0.55078125 0.3359375 0.0390625 0.0390625
0 0.5546875 0.3359375 0.0390625 0.0390625
0 0.4296875 0.33984375 0.0390625 0.0390625
0 0.43359375 0.33984375 0.0390625 0.0390625
0 0.4609375 0.33984375 0.0390625 0.0390625
0 0.55078125 0.33984375 0.0390625 0.0390625
0 0.5546875 0.33984375 0.0390625 0.0390625
0 0.578125 0.33984375 0.0390625 0.0390625
0 0.58203125 0.33984375 0.0390625 0.0390625
0 0.4609375 0.34375 0.0390625 0.0390625
0 0.578125 0.34375 0.0390625 0.0390625
0 0.58203125 0.34375 0.0390625 0.0390625
0 0.86328125 0.42578125 0.0390625 0.0390625
0 0.921875 0.42578125 0.0390625 0.0390625
0 0.86328125 0.4296875 0.0390625 0.0390625
0 0.921875 0.4296875 0.0390625 0.0390625
0 0.94921875 0.4296875 0.0390625 0.0390625
0 0.953125 0.4296875 0.0390625 0.0390625
0 0.6484375 0.43359375 0.0390625 0.0390625
0 0.015625 0.55859375 0.0390625 0.0390625
0 0.015625 0.60546875 0.0390625 0.0390625
0 0.13671875 0.80078125 0.0390625 0.0390625
0 0.20703125 0.80078125 0.0390625 0.0390625
0 0.2109375 0.80078125 0.0390625 0.0390625
0 0.9765625 0.80078125 0.0390625 0.0390625
0 0.1171875 0.8046875 0.0390625 0.0390625
0 0.18359375 0.8046875 0.0390625 0.0390625
0 0.1875 0.8046875 0.0390625 0.0390625
0 0.16796875 0.80859375 0.0390625 0.0390625
0 0.94140625 0.8671875 0.0390625 0.0390625
0 0.9453125 0.8671875 0.0390625 0.0390625
0 0.9765625 0.8671875 0.0390625 0.0390625
0 0.20703125 0.87109375 0.0390625 0.0390625
0 0.8671875 0.87109375 0.0390625 0.0390625
0 0.94140625 0.87109375 0.0390625 0.0390625
0 0.9453125 0.87109375 0.0390625 0.0390625
0 0.11328125 0.875 0.0390625 0.0390625
0 0.1171875 0.875 0.0390625 0.0390625
0 0.20703125 0.875 0.0390625 0.0390625
0 0.375 0.875 0.0390625 0.0390625
0 0.37890625 0.875 0.0390625 0.0390625
0 0.8671875 0.875 0.0390625 0.0390625
0 0.25390625 0.87890625 0.0390625 0.0390625
0 0.2578125 0.87890625 0.0390625 0.0390625
0 0.375 0.87890625 0.0390625 0.0390625
0 0.37890625 0.87890625 0.0390625 0.0390625
0 0.421875 0.890625 0.0390625 0.0390625
0 0.42578125 0.890625 0.0390625 0.0390625
0 0.76171875 0.890625 0.0390625 0.0390625
0 0.765625 0.890625 0.0390625 0.0390625
0 0.421875 0.89453125 0.0390625 0.0390625
0 0.42578125 0.89453125 0.0390625 0.0390625
0 0.76171875 0.89453125 0.0390625 0.0390625
0 0.765625 0.89453125 0.0390625 0.0390625
0 0.9453125 0.89453125 0.0390625 0.0390625
0 0.984375 0.89453125 0.0390625 0.0390625
0 0.86328125 0.8984375 0.0390625 0.0390625
0 0.8671875 0.8984375 0.0390625 0.0390625
0 0.5078125 0.9140625 0.0390625 0.0390625
0 0.875 0.9140625 0.0390625 0.0390625
0 0.87890625 0.9140625 0.0390625 0.0390625
0 0.5078125 0.91796875 0.0390625 0.0390625
0 0.6796875 0.91796875 0.0390625 0.0390625
0 0.68359375 0.91796875 0.0390625 0.0390625
0 0.76171875 0.91796875 0.0390625 0.0390625
0 0.98046875 0.91796875 0.0390625 0.0390625
0 0.01171875 0.921875 0.0390625 0.0390625
0 0.640625 0.921875 0.0390625 0.0390625
0 0.64453125 0.921875 0.0390625 0.0390625
0 0.01171875 0.92578125 0.0390625 0.0390625
0 0.59375 0.9296875 0.0390625 0.0390625
0 0.75390625 0.9375 0.0390625 0.0390625
0 0.7578125 0.9375 0.0390625 0.0390625
0 0.9375 0.9375 0.0390625 0.0390625
0 0.50390625 0.94140625 0.0390625 0.0390625
0 0.8671875 0.94140625 0.0390625 0.0390625
0 0.98046875 0.94140625 0.0390625 0.0390625
0 0.984375 0.94140625 0.0390625 0.0390625
0 0.50390625 0.9453125 0.0390625 0.0390625
0 0.65625 0.9453125 0.0390625 0.0390625
0 0.65625 0.94921875 0.0390625 0.0390625
0 0.8671875 0.96484375 0.0390625 0.0390625
0 0.98046875 0.96484375 0.0390625 0.0390625
0 0.984375 0.96484375 0.0390625 0.0390625
0 0.01171875 0.96875 0.0390625 0.0390625
0 0.98046875 0.984375 0.0390625 0.0390625
0 0.8671875 0.98828125 0.0390625 0.0390625
0 0.98046875 0.98828125 0.0390625 0.0390625
