0 0.1171875 0.0 0.0390625 0.0390625
0 0.12109375 0.0 0.0390625 0.0390625
0 0.2578125 0.078125 0.0390625 0.0390625
0 0.140625 0.1171875 0.0390625 0.0390625
0 0.25390625 0.1171875 0.0390625 0.0390625
0 0.25390625 0.171875 0.0390625 0.0390625
0 0.25390625 0.17578125 0.0390625 0.0390625
0 0.13671875 0.18359375 0.0390625 0.0390625
0 0.140625 0.18359375 0.0390625 0.0390625
0 0.13671875 0.1875 0.0390625 0.0390625
0 0.140625 0.1875 0.0390625 0.0390625
0 0.13671875 0.28125 0.0390625 0.0390625
0 0.78125 0.34765625 0.0390625 0.0390625
0 0.94921875 0.34765625 0.0390625 0.0390625
0 0.78125 0.3515625 0.0390625 0.0390625
0 0.94921875 0.3515625 0.0390625 0.0390625
0 0.23046875 0.56640625 0.0390625 0.0390625
0 0.23046875 0.5703125 0.0390625 0.0390625
0 0.109375 0.62890625 0.0390625 0.0390625
0 0.11328125 0.62890625 0.0390625 0.0390625
0 0.109375 0.6328125 0.0390625 0.0390625
0 0.11328125 0.6328125 0.0390625 0.0390625
0 0.24609375 0.640625 0.0390625 0.0390625
0 0.23046875 0.72265625 0.0390625 0.0390625
0 0.234375 0.72265625 0.0390625 0.0390625
0 0.109375 0.77734375 0.0390625 0.0390625
0 0.234375 0.87109375 0.0390625 0.0390625
0 0.23828125 0.87109375 0.0390625 0.0390625
0 0.10546875 0.92578125 0.0390625 0.0390625
0 0.109375 0.92578125 0.0390625 0.0390625
0 0.09765625 0.98046875 0.0390625 0.0390625
0 0.1015625 0.98046875 0.0390625 0.0390625
