0 0.375 0.0 0.0390625 0.0390625
0 0.37890625 0.0 0.0390625 0.0390625
0 0.375 0.00390625 0.0390625 0.0390625
0 0.37890625 0.00390625 0.0390625 0.0390625
0 0.39453125 0.0078125 0.0390625 0.0390625
0 0.80859375 0.0546875 0.0390625 0.0390625
0 0.40234375 0.05859375 0.0390625 0.0390625
0 0.40625 0.05859375 0.0390625 0.0390625
0 0.42578125 0.05859375 0.0390625 0.0390625
0 0.46484375 0.05859375 0.0390625 0.0390625
0 0.46875 0.05859375 0.0390625 0.0390625
0 0.42578125 0.0625 0.0390625 0.0390625
0 0.46484375 0.0625 0.0390625 0.0390625
0 0.46875 0.0625 0.0390625 0.0390625
0 0.52734375 0.0625 0.0390625 0.0390625
0 0.546875 0.0625 0.0390625 0.0390625
0 0.55078125 0.0625 0.0390625 0.0390625
0 0.56640625 0.0625 0.0390625 0.0390625
0 0.25390625 0.16796875 0.0390625 0.0390625
0 0.25390625 0.171875 0.0390625 0.0390625
0 0.92578125 0.171875 0.0390625 0.0390625
0 0.96875 0.171875 0.0390625 0.0390625
0 0.97265625 0.171875 0.0390625 0.0390625
0 0.96875 0.17578125 0.0390625 0.0390625
0 0.97265625 0.17578125 0.0390625 0.0390625
0 0.73046875 0.19921875 0.0390625 0.0390625
0 0.765625 0.19921875 0.0390625 0.0390625
0 0.83203125 0.19921875 0.0390625 0.0390625
0 0.73046875 0.203125 0.0390625 0.0390625
0 0.8515625 0.203125 0.0390625 0.0390625
0 0.9296875 0.2421875 0.0390625 0.0390625
0 0.95703125 0.24609375 0.0390625 0.0390625
0 0.5078125 0.3359375 0.0390625 0.0390625
0 0.51171875 0.3359375 0.0390625 0.0390625
0 0.55078125 0.3359375 0.0390625 0.0390625
0 0.6171875 0.3359375 0.0390625 0.0390625
0 0.5078125 0.33984375 0.0390625 0.0390625
0 0.51171875 0.33984375 0.0390625 0.0390625
0 0.63671875 0.33984375 0.0390625 0.0390625
0 0.63671875 0.34375 0.0390625 0.0390625
0 0.9765625 0.359375 0.0390625 0.0390625
0 0.640625 0.46484375 0.0390625 0.0390625
0 0.64453125 0.46484375 0.0390625 0.0390625
0 0.640625 0.484375 0.0390625 0.0390625
0 0.64453125 0.484375 0.0390625 0.0390625
0 0.49609375 0.50390625 0.0390625 0.0390625
0 0.640625 0.50390625 0.0390625 0.0390625
0 0.49609375 0.5078125 0.0390625 0.0390625
0 0.640625 0.5078125 0.0390625 0.0390625
0 0.49609375 0.52734375 0.0390625 0.0390625
0 0.49609375 0.55078125 0.0390625 0.0390625
0 0.63671875 0.56640625 0.0390625 0.0390625
0 0.640625 0.56640625 0.0390625 0.0390625
0 0.4921875 0.5703125 0.0390625 0.0390625
0 0.63671875 0.58984375 0.0390625 0.0390625
0 0.1015625 0.6484375 0.0390625 0.0390625
0 0.1015625 0.65234375 0.0390625 0.0390625
0 0.24609375 0.65234375 0.0390625 0.0390625
0 0.3671875 0.65234375 0.0390625 0.0390625
0 0.37109375 0.65234375 0.0390625 0.0390625
0 0.47265625 0.65234375 0.0390625 0.0390625
0 0.49609375 0.65234375 0.0390625 0.0390625
0 0.5625 0.65234375 0.0390625 0.0390625
0 0.0 0.66796875 0.0390625 0.0390625
0 0.1484375 0.66796875 0.0390625 0.0390625
0 0.0 0.671875 0.0390625 0.0390625
0 0.10546875 0.671875 0.0390625 0.0390625
0 0.109375 0.671875 0.0390625 0.0390625
0 0.1484375 0.671875 0.0390625 0.0390625
0 0.24609375 0.671875 0.0390625 0.0390625
0 0.10546875 0.69140625 0.0390625 0.0390625
0 0.14453125 0.69140625 0.0390625 0.0390625
0 0.1484375 0.69140625 0.0390625 0.0390625
0 0.2421875 0.69140625 0.0390625 0.0390625
0 0.00390625 0.6953125 0.0390625 0.0390625
0 0.10546875 0.6953125 0.0390625 0.0390625
0 0.00390625 0.71484375 0.0390625 0.0390625
0 0.1015625 0.71484375 0.0390625 0.0390625
0 0.00390625 0.734375 0.0390625 0.0390625
0 0.1015625 0.734375 0.0390625 0.0390625
0 0.10546875 0.734375 0.0390625 0.0390625
0 0.2421875 0.734375 0.0390625 0.0390625
0 0.24609375 0.734375 0.0390625 0.0390625
0 0.1484375 0.73828125 0.0390625 0.0390625
0 0.2421875 0.73828125 0.0390625 0.0390625
0 0.24609375 0.73828125 0.0390625 0.0390625
0 0.7109375 0.73828125 0.0390625 0.0390625
0 0.7109375 0.7421875 0.0390625 0.0390625
0 0.7734375 0.7421875 0.0390625 0.0390625
0 0.7890625 0.74609375 0.0390625 0.0390625
0 0.79296875 0.74609375 0.0390625 0.0390625
0 0.7890625 0.75 0.0390625 0.0390625
0 0.79296875 0.75 0.0390625 0.0390625
0 0.15234375 0.7578125 0.0390625 0.0390625
0 0.2421875 0.7578125 0.0390625 0.0390625
0 0.2421875 0.77734375 0.0390625 0.0390625
0 0.2421875 0.78125 0.0390625 0.0390625
0 0.4296875 0.78515625 0.0390625 0.0390625
0 0.47265625 0.78515625 0.0390625 0.0390625
0 0.4921875 0.78515625 0.0390625 0.0390625
0 0.51171875 0.78515625 0.0390625 0.0390625
0 0.515625 0.78515625 0.0390625 0.0390625
0 0.44921875 0.7890625 0.0390625 0.0390625
0 0.47265625 0.7890625 0.0390625 0.0390625
0 0.4921875 0.7890625 0.0390625 0.0390625
0 0.5625 0.7890625 0.0390625 0.0390625
0 0.08984375 0.796875 0.0390625 0.0390625
0 0.14453125 0.80078125 0.0390625 0.0390625
0 0.1484375 0.80078125 0.0390625 0.0390625
0 0.6796875 0.80078125 0.0390625 0.0390625
0 0.72265625 0.80078125 0.0390625 0.0390625
0 0.14453125 0.8046875 0.0390625 0.0390625
0 0.1484375 0.8046875 0.0390625 0.0390625
0 0.12890625 0.8359375 0.0390625 0.0390625
0 0.21484375 0.83984375 0.0390625 0.0390625
0 0.21875 0.83984375 0.0390625 0.0390625
0 0.3046875 0.83984375 0.0390625 0.0390625
0 0.73828125 0.83984375 0.0390625 0.0390625
0 0.6328125 0.84375 0.0390625 0.0390625
0 0.69140625 0.84375 0.0390625 0.0390625
0 0.6953125 0.84375 0.0390625 0.0390625
0 0.7109375 0.84375 0.0390625 0.0390625
0 0.71484375 0.84375 0.0390625 0.0390625
0 0.48828125 0.84765625 0.0390625 0.0390625
0 0.53125 0.84765625 0.0390625 0.0390625
0 0.9921875 0.859375 0.0390625 0.0390625
0 0.98828125 0.86328125 0.0390625 0.0390625
0 0.9921875 0.86328125 0.0390625 0.0390625
0 0.890625 0.8671875 0.0390625 0.0390625
0 0.89453125 0.8671875 0.0390625 0.0390625
0 0.96875 0.8671875 0.0390625 0.0390625
0 0.03125 0.984375 0.0390625 0.0390625
0 0.765625 0.98828125 0.0390625 0.0390625
