0 0.7578125 0.0234375 0.0390625 0.0390625
0 0.76171875 0.0234375 0.0390625 0.0390625
0 0.7578125 0.046875 0.0390625 0.0390625
0 0.76171875 0.046875 0.0390625 0.0390625
0 0.7578125 0.06640625 0.0390625 0.0390625
0 0.76171875 0.06640625 0.0390625 0.0390625
0 0.7578125 0.0703125 0.0390625 0.0390625
0 0.76171875 0.0703125 0.0390625 0.0390625
0 0.7578125 0.0859375 0.0390625 0.0390625
0 0.7578125 0.08984375 0.0390625 0.0390625
0 0.7578125 0.109375 0.0390625 0.0390625
0 0.7578125 0.11328125 0.0390625 0.0390625
0 0.75390625 0.21875 0.0390625 0.0390625
0 0.7578125 0.21875 0.0390625 0.0390625
0 0.75390625 0.23828125 0.0390625 0.0390625
0 0.7578125 0.23828125 0.0390625 0.0390625
0 0.80078125 0.23828125 0.0390625 0.0390625
0 0.8046875 0.23828125 0.0390625 0.0390625
0 0.80078125 0.2421875 0.0390625 0.0390625
0 0.8046875 0.2421875 0.0390625 0.0390625
0 0.76171875 0.26171875 0.0390625 0.0390625
0 0.796875 0.26171875 0.0390625 0.0390625
0 0.80078125 0.26171875 0.0390625 0.0390625
0 0.796875 0.27734375 0.0390625 0.0390625
0 0.80078125 0.27734375 0.0390625 0.0390625
0 0.7578125 0.28125 0.0390625 0.0390625
0 0.796875 0.28125 0.0390625 0.0390625
0 0.80078125 0.28125 0.0390625 0.0390625
0 0.75 0.30078125 0.0390625 0.0390625
0 0.74609375 0.3203125 0.0390625 0.0390625
0 0.74609375 0.32421875 0.0390625 0.0390625
0 0.79296875 0.32421875 0.0390625 0.0390625
0 0.796875 0.32421875 0.0390625 0.0390625
0 0.75390625 0.41796875 0.0390625 0.0390625
0 0.94140625 0.41796875 0.0390625 0.0390625
0 0.734375 0.421875 0.0390625 0.0390625
0 0.7734375 0.421875 0.0390625 0.0390625
0 0.77734375 0.421875 0.0390625 0.0390625
0 0.81640625 0.421875 0.0390625 0.0390625
0 0.8359375 0.421875 0.0390625 0.0390625
0 0.859375 0.421875 0.0390625 0.0390625
0 0.734375 0.42578125 0.0390625 0.0390625
0 0.73828125 0.46484375 0.0390625 0.0390625
0 0.77734375 0.46484375 0.0390625 0.0390625
0 0.77734375 0.46875 0.0390625 0.0390625
0 0.7421875 0.625 0.0390625 0.0390625
0 0.45703125 0.6953125 0.0390625 0.0390625
0 0.4765625 0.69921875 0.0390625 0.0390625
0 0.48046875 0.69921875 0.0390625 0.0390625
0 0.37109375 0.70703125 0.0390625 0.0390625
0 0.375 0.70703125 0.0390625 0.0390625
0 0.4140625 0.70703125 0.0390625 0.0390625
0 0.41796875 0.70703125 0.0390625 0.0390625
0 0.5625 0.70703125 0.0390625 0.0390625
0 0.66796875 0.80859375 0.0390625 0.0390625
0 0.41015625 0.81640625 0.0390625 0.0390625
0 0.4140625 0.81640625 0.0390625 0.0390625
0 0.453125 0.81640625 0.0390625 0.0390625
0 0.45703125 0.81640625 0.0390625 0.0390625
0 0.64453125 0.81640625 0.0390625 0.0390625
0 0.28125 0.8203125 0.0390625 0.0390625
0 0.34375 0.8203125 0.0390625 0.0390625
0 0.3671875 0.8203125 0.0390625 0.0390625
0 0.41015625 0.8203125 0.0390625 0.0390625
0 0.4140625 0.8203125 0.0390625 0.0390625
0 0.43359375 0.8203125 0.0390625 0.0390625
0 0.453125 0.8203125 0.0390625 0.0390625
0 0.45703125 0.8203125 0.0390625 0.0390625
0 0.6015625 0.8203125 0.0390625 0.0390625
0 0.64453125 0.8203125 0.0390625 0.0390625
0 0.21875 0.82421875 0.0390625 0.0390625
0 0.26171875 0.82421875 0.0390625 0.0390625
0 0.30078125 0.82421875 0.0390625 0.0390625
0 0.43359375 0.82421875 0.0390625 0.0390625
0 0.13671875 0.828125 0.0390625 0.0390625
0 0.15234375 0.828125 0.0390625 0.0390625
0 0.15625 0.828125 0.0390625 0.0390625
0 0.17578125 0.828125 0.0390625 0.0390625
0 0.19921875 0.828125 0.0390625 0.0390625
