0 0.75 0.0 0.0390625 0.06289308176100629
0 0.27734375 0.07547169811320754 0.0390625 0.06289308176100629
0 0.27734375 0.08176100628930817 0.0390625 0.06289308176100629
0 0.1171875 0.14465408805031446 0.0390625 0.06289308176100629
0 0.12109375 0.14465408805031446 0.0390625 0.06289308176100629
0 0.87890625 0.1509433962264151 0.0390625 0.06289308176100629
0 0.69140625 0.2893081761006289 0.0390625 0.06289308176100629
0 0.69140625 0.29559748427672955 0.0390625 0.06289308176100629
0 0.99609375 0.6666666666666666 0.0390625 0.06289308176100629
0 0.578125 0.7044025157232704 0.0390625 0.06289308176100629
0 0.58203125 0.8553459119496856 0.0390625 0.06289308176100629
