0 0.0078125 0.19921875 0.0390625 0.0390625
0 0.9140625 0.24609375 0.0390625 0.0390625
0 0.9140625 0.25 0.0390625 0.0390625
0 0.9140625 0.36328125 0.0390625 0.0390625
0 0.02734375 0.421875 0.0390625 0.0390625
0 0.9140625 0.421875 0.0390625 0.0390625
0 0.02734375 0.42578125 0.0390625 0.0390625
0 0.0234375 0.4453125 0.0390625 0.0390625
0 0.0234375 0.44921875 0.0390625 0.0390625
0 0.91015625 0.46484375 0.0390625 0.0390625
0 0.0234375 0.5078125 0.0390625 0.0390625
0 0.0234375 0.51171875 0.0390625 0.0390625
0 0.9140625 0.52734375 0.0390625 0.0390625
0 0.0234375 0.53125 0.0390625 0.0390625
0 0.9140625 0.53125 0.0390625 0.0390625
0 0.91015625 0.578125 0.0390625 0.0390625
0 0.91015625 0.58203125 0.0390625 0.0390625
0 0.90625 0.625 0.0390625 0.0390625
0 0.91015625 0.625 0.0390625 0.0390625
0 0.015625 0.63671875 0.0390625 0.0390625
0 0.01953125 0.63671875 0.0390625 0.0390625
0 0.015625 0.66015625 0.0390625 0.0390625
0 0.01953125 0.7421875 0.0390625 0.0390625
0 0.2890625 0.76171875 0.0390625 0.0390625
0 0.29296875 0.76171875 0.0390625 0.0390625
0 0.01953125 0.765625 0.0390625 0.0390625
0 0.0234375 0.765625 0.0390625 0.0390625
0 0.2890625 0.765625 0.0390625 0.0390625
0 0.29296875 0.765625 0.0390625 0.0390625
0 0.01953125 0.80859375 0.0390625 0.0390625
0 0.0234375 0.80859375 0.0390625 0.0390625
0 0.9921875 0.86328125 0.0390625 0.0390625
0 0.9921875 0.8671875 0.0390625 0.0390625
0 0.03125 0.98828125 0.0390625 0.0390625
0 0.03125 0.9921875 0.0390625 0.0390625
0 0.4609375 0.9921875 0.0390625 0.0390625
0 0.46484375 0.9921875 0.0390625 0.0390625
0 0.4609375 0.99609375 0.0390625 0.0390625
0 0.46484375 0.99609375 0.0390625 0.0390625
