0 0.81640625 0.015625 0.0390625 0.0390625
0 0.90234375 0.015625 0.0390625 0.0390625
0 0.90625 0.015625 0.0390625 0.0390625
0 0.81640625 0.01953125 0.0390625 0.0390625
0 0.83984375 0.0234375 0.0390625 0.0390625
0 0.5859375 0.03125 0.0390625 0.0390625
0 0.671875 0.09765625 0.0390625 0.0390625
0 0.67578125 0.09765625 0.0390625 0.0390625
0 0.8125 0.11328125 0.0390625 0.0390625
0 0.81640625 0.11328125 0.0390625 0.0390625
0 0.83984375 0.11328125 0.0390625 0.0390625
0 0.7734375 0.1171875 0.0390625 0.0390625
0 0.8125 0.1171875 0.0390625 0.0390625
0 0.81640625 0.1171875 0.0390625 0.0390625
0 0.921875 0.1171875 0.0390625 0.0390625
0 0.9453125 0.1171875 0.0390625 0.0390625
0 0.96484375 0.1171875 0.0390625 0.0390625
0 0.5859375 0.171875 0.0390625 0.0390625
0 0.671875 0.3515625 0.0390625 0.0390625
0 0.67578125 0.3515625 0.0390625 0.0390625
0 0.66796875 0.3984375 0.0390625 0.0390625
0 0.671875 0.3984375 0.0390625 0.0390625
0 0.66796875 0.453125 0.0390625 0.0390625
0 0.58203125 0.484375 0.0390625 0.0390625
0 0.5859375 0.484375 0.0390625 0.0390625
