0 0.51171875 0.07421875 0.0390625 0.0390625
0 0.515625 0.07421875 0.0390625 0.0390625
0 0.4765625 0.19140625 0.0390625 0.0390625
0 0.48046875 0.19140625 0.0390625 0.0390625
0 0.0 0.36328125 0.0390625 0.0390625
0 0.00390625 0.36328125 0.0390625 0.0390625
0 0.125 0.36328125 0.0390625 0.0390625
0 0.21484375 0.36328125 0.0390625 0.0390625
0 0.2421875 0.36328125 0.0390625 0.0390625
0 0.26953125 0.36328125 0.0390625 0.0390625
0 0.3046875 0.36328125 0.0390625 0.0390625
0 0.0 0.3671875 0.0390625 0.0390625
0 0.00390625 0.3671875 0.0390625 0.0390625
0 0.09375 0.3671875 0.0390625 0.0390625
0 0.19140625 0.3671875 0.0390625 0.0390625
0 0.2421875 0.3671875 0.0390625 0.0390625
0 0.26953125 0.3671875 0.0390625 0.0390625
0 0.3046875 0.3671875 0.0390625 0.0390625
0 0.47265625 0.375 0.0390625 0.0390625
0 0.4765625 0.375 0.0390625 0.0390625
0 0.5078125 0.44140625 0.0390625 0.0390625
0 0.5078125 0.4453125 0.0390625 0.0390625
0 0.6015625 0.45703125 0.0390625 0.0390625
0 0.5703125 0.50390625 0.0390625 0.0390625
0 0.62890625 0.51171875 0.0390625 0.0390625
0 0.36328125 0.55078125 0.0390625 0.0390625
0 0.015625 0.5625 0.0390625 0.0390625
0 0.01953125 0.5625 0.0390625 0.0390625
0 0.96875 0.56640625 0.0390625 0.0390625
0 0.546875 0.6171875 0.0390625 0.0390625
0 0.62890625 0.6484375 0.0390625 0.0390625
0 0.56640625 0.67578125 0.0390625 0.0390625
