0 0.83984375 0.01171875 0.0390625 0.0390625
0 0.84375 0.01171875 0.0390625 0.0390625
0 0.609375 0.0703125 0.0390625 0.0390625
0 0.61328125 0.0703125 0.0390625 0.0390625
0 0.7109375 0.07421875 0.0390625 0.0390625
0 0.07421875 0.09375 0.0390625 0.0390625
0 0.3984375 0.1015625 0.0390625 0.0390625
0 0.5078125 0.25390625 0.0390625 0.0390625
0 0.51171875 0.25390625 0.0390625 0.0390625
0 0.984375 0.26171875 0.0390625 0.0390625
0 0.98828125 0.26171875 0.0390625 0.0390625
0 0.984375 0.265625 0.0390625 0.0390625
0 0.98828125 0.265625 0.0390625 0.0390625
0 0.21484375 0.26953125 0.0390625 0.0390625
0 0.21875 0.26953125 0.0390625 0.0390625
0 0.21484375 0.2734375 0.0390625 0.0390625
0 0.21875 0.2734375 0.0390625 0.0390625
0 0.99609375 0.32421875 0.0390625 0.0390625
0 0.99609375 0.328125 0.0390625 0.0390625
0 0.22265625 0.3984375 0.0390625 0.0390625
0 0.2265625 0.3984375 0.0390625 0.0390625
0 0.22265625 0.40234375 0.0390625 0.0390625
0 0.2265625 0.40234375 0.0390625 0.0390625
0 0.79296875 0.41015625 0.0390625 0.0390625
0 0.05859375 0.41796875 0.0390625 0.0390625
0 0.0625 0.41796875 0.0390625 0.0390625
0 0.90625 0.45703125 0.0390625 0.0390625
0 0.91015625 0.45703125 0.0390625 0.0390625
0 0.88671875 0.4609375 0.0390625 0.0390625
0 0.90625 0.4609375 0.0390625 0.0390625
0 0.91015625 0.4609375 0.0390625 0.0390625
0 0.8671875 0.46484375 0.0390625 0.0390625
0 0.9296875 0.46875 0.0390625 0.0390625
0 0.9296875 0.47265625 0.0390625 0.0390625
0 0.05859375 0.52734375 0.0390625 0.0390625
0 0.94140625 0.5625 0.0390625 0.0390625
0 0.8828125 0.56640625 0.0390625 0.0390625
0 0.94140625 0.56640625 0.0390625 0.0390625
0 0.609375 0.93359375 0.0390625 0.0390625
0 0.61328125 0.93359375 0.0390625 0.0390625
0 0.70703125 0.93359375 0.0390625 0.0390625
0 0.70703125 0.9375 0.0390625 0.0390625
0 0.328125 0.94921875 0.0390625 0.0390625
0 0.33203125 0.94921875 0.0390625 0.0390625
0 0.43359375 0.94921875 0.0390625 0.0390625
0 0.328125 0.953125 0.0390625 0.0390625
0 0.33203125 0.953125 0.0390625 0.0390625
0 0.3515625 0.953125 0.0390625 0.0390625
0 0.3828125 0.953125 0.0390625 0.0390625
0 0.40625 0.953125 0.0390625 0.0390625
0 0.41015625 0.953125 0.0390625 0.0390625
0 0.3828125 0.95703125 0.0390625 0.0390625
