0 0.6875 0.0546875 0.0390625 0.0390625
0 0.6875 0.05859375 0.0390625 0.0390625
0 0.26953125 0.171875 0.0390625 0.0390625
0 0.2734375 0.171875 0.0390625 0.0390625
0 0.26953125 0.17578125 0.0390625 0.0390625
0 0.2734375 0.17578125 0.0390625 0.0390625
0 0.5703125 0.1796875 0.0390625 0.0390625
0 0.546875 0.18359375 0.0390625 0.0390625
0 0.5703125 0.18359375 0.0390625 0.0390625
0 0.58984375 0.18359375 0.0390625 0.0390625
0 0.61328125 0.18359375 0.0390625 0.0390625
0 0.63671875 0.18359375 0.0390625 0.0390625
0 0.76171875 0.18359375 0.0390625 0.0390625
0 0.78515625 0.18359375 0.0390625 0.0390625
0 0.7890625 0.18359375 0.0390625 0.0390625
0 0.65625 0.1875 0.0390625 0.0390625
0 0.66015625 0.1875 0.0390625 0.0390625
0 0.70703125 0.1875 0.0390625 0.0390625
0 0.73046875 0.1875 0.0390625 0.0390625
0 0.76171875 0.1875 0.0390625 0.0390625
0 0.78515625 0.1875 0.0390625 0.0390625
0 0.7890625 0.1875 0.0390625 0.0390625
0 0.6796875 0.19140625 0.0390625 0.0390625
0 0.70703125 0.19140625 0.0390625 0.0390625
0 0.1484375 0.22265625 0.0390625 0.0390625
0 0.15234375 0.22265625 0.0390625 0.0390625
0 0.38671875 0.22265625 0.0390625 0.0390625
0 0.1484375 0.2265625 0.0390625 0.0390625
0 0.15234375 0.2265625 0.0390625 0.0390625
0 0.796875 0.2734375 0.0390625 0.0390625
0 0.55859375 0.27734375 0.0390625 0.0390625
0 0.5625 0.27734375 0.0390625 0.0390625
0 0.58984375 0.27734375 0.0390625 0.0390625
0 0.609375 0.27734375 0.0390625 0.0390625
0 0.640625 0.27734375 0.0390625 0.0390625
0 0.66796875 0.27734375 0.0390625 0.0390625
0 0.671875 0.27734375 0.0390625 0.0390625
0 0.70703125 0.27734375 0.0390625 0.0390625
0 0.796875 0.27734375 0.0390625 0.0390625
0 0.58984375 0.28125 0.0390625 0.0390625
0 0.640625 0.28125 0.0390625 0.0390625
0 0.58984375 0.31640625 0.0390625 0.0390625
0 0.61328125 0.31640625 0.0390625 0.0390625
0 0.640625 0.31640625 0.0390625 0.0390625
0 0.56640625 0.3203125 0.0390625 0.0390625
0 0.640625 0.3203125 0.0390625 0.0390625
0 0.66015625 0.3203125 0.0390625 0.0390625
0 0.5625 0.40234375 0.0390625 0.0390625
0 0.56640625 0.40234375 0.0390625 0.0390625
0 0.58984375 0.40234375 0.0390625 0.0390625
0 0.609375 0.40234375 0.0390625 0.0390625
0 0.61328125 0.40234375 0.0390625 0.0390625
0 0.65625 0.40234375 0.0390625 0.0390625
0 0.703125 0.40234375 0.0390625 0.0390625
0 0.70703125 0.40234375 0.0390625 0.0390625
0 0.703125 0.40625 0.0390625 0.0390625
0 0.70703125 0.40625 0.0390625 0.0390625
0 0.52734375 0.4375 0.0390625 0.0390625
0 0.796875 0.5234375 0.0390625 0.0390625
0 0.6484375 0.53125 0.0390625 0.0390625
0 0.62890625 0.53515625 0.0390625 0.0390625
0 0.671875 0.53515625 0.0390625 0.0390625
0 0.76953125 0.53515625 0.0390625 0.0390625
0 0.62890625 0.5390625 0.0390625 0.0390625
0 0.90625 0.62890625 0.0390625 0.0390625
0 0.796875 0.6328125 0.0390625 0.0390625
0 0.84375 0.6328125 0.0390625 0.0390625
0 0.88671875 0.6328125 0.0390625 0.0390625
0 0.90625 0.6328125 0.0390625 0.0390625
0 0.9296875 0.6328125 0.0390625 0.0390625
0 0.94921875 0.6328125 0.0390625 0.0390625
0 0.86328125 0.63671875 0.0390625 0.0390625
0 0.96875 0.63671875 0.0390625 0.0390625
0 0.9921875 0.63671875 0.0390625 0.0390625
0 0.0546875 0.640625 0.0390625 0.0390625
0 0.0546875 0.64453125 0.0390625 0.0390625
0 0.08203125 0.6484375 0.0390625 0.0390625
0 0.35546875 0.6484375 0.0390625 0.0390625
0 0.359375 0.6484375 0.0390625 0.0390625
0 0.48046875 0.69140625 0.0390625 0.0390625
0 0.48046875 0.6953125 0.0390625 0.0390625
0 0.48046875 0.71484375 0.0390625 0.0390625
0 0.81640625 0.73828125 0.0390625 0.0390625
0 0.8515625 0.73828125 0.0390625 0.0390625
0 0.85546875 0.73828125 0.0390625 0.0390625
0 0.87890625 0.73828125 0.0390625 0.0390625
0 0.8984375 0.73828125 0.0390625 0.0390625
0 0.90234375 0.73828125 0.0390625 0.0390625
0 0.9609375 0.73828125 0.0390625 0.0390625
0 0.81640625 0.7421875 0.0390625 0.0390625
0 0.87890625 0.7421875 0.0390625 0.0390625
0 0.8984375 0.7421875 0.0390625 0.0390625
0 0.90234375 0.7421875 0.0390625 0.0390625
0 0.984375 0.7421875 0.0390625 0.0390625
0 0.48046875 0.75390625 0.0390625 0.0390625
0 0.06640625 0.7578125 0.0390625 0.0390625
0 0.60546875 0.77734375 0.0390625 0.0390625
0 0.64453125 0.77734375 0.0390625 0.0390625
0 0.6484375 0.77734375 0.0390625 0.0390625
0 0.67578125 0.77734375 0.0390625 0.0390625
0 0.703125 0.77734375 0.0390625 0.0390625
0 0.64453125 0.78125 0.0390625 0.0390625
0 0.6484375 0.78125 0.0390625 0.0390625
0 0.67578125 0.78125 0.0390625 0.0390625
0 0.578125 0.7890625 0.0390625 0.0390625
0 0.8203125 0.7890625 0.0390625 0.0390625
0 0.578125 0.79296875 0.0390625 0.0390625
0 0.81640625 0.8125 0.0390625 0.0390625
0 0.8203125 0.8125 0.0390625 0.0390625
0 0.81640625 0.83203125 0.0390625 0.0390625
0 0.81640625 0.8359375 0.0390625 0.0390625
0 0.74609375 0.8515625 0.0390625 0.0390625
0 0.75 0.8515625 0.0390625 0.0390625
0 0.609375 0.85546875 0.0390625 0.0390625
0 0.8125 0.85546875 0.0390625 0.0390625
0 0.609375 0.859375 0.0390625 0.0390625
0 0.8125 0.859375 0.0390625 0.0390625
0 0.5078125 0.87890625 0.0390625 0.0390625
0 0.59765625 0.87890625 0.0390625 0.0390625
0 0.73828125 0.87890625 0.0390625 0.0390625
0 0.80859375 0.87890625 0.0390625 0.0390625
0 0.94140625 0.87890625 0.0390625 0.0390625
0 0.5078125 0.8828125 0.0390625 0.0390625
0 0.59765625 0.8828125 0.0390625 0.0390625
0 0.94140625 0.8828125 0.0390625 0.0390625
0 0.58203125 0.90234375 0.0390625 0.0390625
0 0.80859375 0.90234375 0.0390625 0.0390625
0 0.94140625 0.90234375 0.0390625 0.0390625
0 0.9453125 0.90234375 0.0390625 0.0390625
0 0.19140625 0.921875 0.0390625 0.0390625
0 0.19140625 0.92578125 0.0390625 0.0390625
0 0.6015625 0.9296875 0.0390625 0.0390625
0 0.6015625 0.93359375 0.0390625 0.0390625
0 0.5234375 0.9375 0.0390625 0.0390625
0 0.1953125 0.9765625 0.0390625 0.0390625
0 0.58203125 0.984375 0.0390625 0.0390625
