0 0.3828125 0.11328125 0.0390625 0.0390625
0 0.38671875 0.11328125 0.0390625 0.0390625
0 0.3828125 0.13671875 0.0390625 0.0390625
0 0.078125 0.15625 0.0390625 0.0390625
0 0.69921875 0.19140625 0.0390625 0.0390625
0 0.29296875 0.2734375 0.0390625 0.0390625
0 0.00390625 0.296875 0.0390625 0.0390625
0 0.26953125 0.31640625 0.0390625 0.0390625
0 0.2734375 0.31640625 0.0390625 0.0390625
0 0.1484375 0.33203125 0.0390625 0.0390625
0 0.84375 0.36328125 0.0390625 0.0390625
0 0.88671875 0.36328125 0.0390625 0.0390625
0 0.86328125 0.3671875 0.0390625 0.0390625
0 0.88671875 0.3671875 0.0390625 0.0390625
0 0.578125 0.38671875 0.0390625 0.0390625
0 0.15234375 0.390625 0.0390625 0.0390625
0 0.14453125 0.41015625 0.0390625 0.0390625
0 0.1484375 0.41015625 0.0390625 0.0390625
0 0.2421875 0.43359375 0.0390625 0.0390625
0 0.24609375 0.43359375 0.0390625 0.0390625
0 0.2421875 0.4375 0.0390625 0.0390625
0 0.24609375 0.4375 0.0390625 0.0390625
0 0.57421875 0.4453125 0.0390625 0.0390625
0 0.1484375 0.46875 0.0390625 0.0390625
0 0.1484375 0.47265625 0.0390625 0.0390625
0 0.66796875 0.47265625 0.0390625 0.0390625
0 0.671875 0.47265625 0.0390625 0.0390625
0 0.66796875 0.4765625 0.0390625 0.0390625
0 0.671875 0.4765625 0.0390625 0.0390625
0 0.93359375 0.484375 0.0390625 0.0390625
0 0.72265625 0.58984375 0.0390625 0.0390625
0 0.828125 0.6015625 0.0390625 0.0390625
0 0.828125 0.60546875 0.0390625 0.0390625
0 0.19921875 0.62890625 0.0390625 0.0390625
0 0.78125 0.62890625 0.0390625 0.0390625
0 0.8359375 0.6328125 0.0390625 0.0390625
0 0.47265625 0.6484375 0.0390625 0.0390625
0 0.88671875 0.65234375 0.0390625 0.0390625
0 0.890625 0.65234375 0.0390625 0.0390625
0 0.76953125 0.65625 0.0390625 0.0390625
0 0.88671875 0.65625 0.0390625 0.0390625
0 0.890625 0.65625 0.0390625 0.0390625
0 0.76953125 0.66015625 0.0390625 0.0390625
0 0.828125 0.66015625 0.0390625 0.0390625
0 0.96875 0.66015625 0.0390625 0.0390625
0 0.78125 0.6796875 0.0390625 0.0390625
0 0.78515625 0.6796875 0.0390625 0.0390625
0 0.921875 0.6796875 0.0390625 0.0390625
0 0.78125 0.68359375 0.0390625 0.0390625
0 0.78515625 0.68359375 0.0390625 0.0390625
0 0.86328125 0.68359375 0.0390625 0.0390625
0 0.98046875 0.68359375 0.0390625 0.0390625
0 0.3828125 0.6953125 0.0390625 0.0390625
0 0.7578125 0.72265625 0.0390625 0.0390625
0 0.76171875 0.72265625 0.0390625 0.0390625
0 0.39453125 0.7265625 0.0390625 0.0390625
0 0.08984375 0.73046875 0.0390625 0.0390625
0 0.57421875 0.7421875 0.0390625 0.0390625
0 0.6171875 0.828125 0.0390625 0.0390625
0 0.8671875 0.90625 0.0390625 0.0390625
0 0.87109375 0.90625 0.0390625 0.0390625
0 0.79296875 0.94140625 0.0390625 0.0390625
0 0.796875 0.94140625 0.0390625 0.0390625
0 0.67578125 0.95703125 0.0390625 0.0390625
0 0.796875 0.9609375 0.0390625 0.0390625
0 0.79296875 0.984375 0.0390625 0.0390625
0 0.79296875 0.98828125 0.0390625 0.0390625
