0 0.0 0.27044025157232704 0.0390625 0.06289308176100629
0 0.21484375 0.2830188679245283 0.0390625 0.06289308176100629
0 0.21875 0.2830188679245283 0.0390625 0.06289308176100629
0 0.17578125 0.29559748427672955 0.0390625 0.06289308176100629
0 0.8203125 0.4276729559748428 0.0390625 0.06289308176100629
0 0.01171875 0.4339622641509434 0.0390625 0.06289308176100629
0 0.16796875 0.4339622641509434 0.0390625 0.06289308176100629
0 0.171875 0.4339622641509434 0.0390625 0.06289308176100629
0 0.16796875 0.44025157232704404 0.0390625 0.06289308176100629
0 0.171875 0.44025157232704404 0.0390625 0.06289308176100629
0 0.9765625 0.46540880503144655 0.0390625 0.06289308176100629
0 0.015625 0.5031446540880503 0.0390625 0.06289308176100629
0 0.01953125 0.5031446540880503 0.0390625 0.06289308176100629
0 0.140625 0.5031446540880503 0.0390625 0.06289308176100629
0 0.015625 0.5094339622641509 0.0390625 0.06289308176100629
0 0.01953125 0.5094339622641509 0.0390625 0.06289308176100629
0 0.97265625 0.5408805031446541 0.0390625 0.06289308176100629
0 0.30078125 0.5471698113207547 0.0390625 0.06289308176100629
0 0.30078125 0.5849056603773585 0.0390625 0.06289308176100629
0 0.3046875 0.5849056603773585 0.0390625 0.06289308176100629
0 0.9765625 0.6226415094339622 0.0390625 0.06289308176100629
0 0.3046875 0.6289308176100629 0.0390625 0.06289308176100629
0 0.9765625 0.6289308176100629 0.0390625 0.06289308176100629
0 0.09765625 0.6540880503144654 0.0390625 0.06289308176100629
0 0.1640625 0.660377358490566 0.0390625 0.06289308176100629
0 0.16796875 0.660377358490566 0.0390625 0.06289308176100629
0 0.30078125 0.660377358490566 0.0390625 0.06289308176100629
0 0.01171875 0.6666666666666666 0.0390625 0.06289308176100629
0 0.125 0.6666666666666666 0.0390625 0.06289308176100629
0 0.125 0.6729559748427673 0.0390625 0.06289308176100629
0 0.09765625 0.7232704402515723 0.0390625 0.06289308176100629
0 0.01171875 0.7295597484276729 0.0390625 0.06289308176100629
0 0.30078125 0.7295597484276729 0.0390625 0.06289308176100629
0 0.01171875 0.7358490566037735 0.0390625 0.06289308176100629
0 0.125 0.7358490566037735 0.0390625 0.06289308176100629
0 0.30078125 0.7358490566037735 0.0390625 0.06289308176100629
0 0.125 0.7421383647798742 0.0390625 0.06289308176100629
0 0.29296875 0.7987421383647799 0.0390625 0.06289308176100629
0 0.29296875 0.8050314465408805 0.0390625 0.06289308176100629
0 0.77734375 0.8805031446540881 0.0390625 0.06289308176100629
0 0.78125 0.8805031446540881 0.0390625 0.06289308176100629
