0 0.1171875 0.00390625 0.0390625 0.0390625
0 0.109375 0.046875 0.0390625 0.0390625
0 0.11328125 0.046875 0.0390625 0.0390625
0 0.9375 0.16796875 0.0390625 0.0390625
0 0.90625 0.24609375 0.0390625 0.0390625
0 0.90625 0.25 0.0390625 0.0390625
0 0.9296875 0.26953125 0.0390625 0.0390625
0 0.95703125 0.30078125 0.0390625 0.0390625
0 0.9609375 0.30078125 0.0390625 0.0390625
0 0.95703125 0.3046875 0.0390625 0.0390625
0 0.9609375 0.3046875 0.0390625 0.0390625
0 0.93359375 0.34375 0.0390625 0.0390625
0 0.95703125 0.36328125 0.0390625 0.0390625
0 0.984375 0.3671875 0.0390625 0.0390625
0 0.9140625 0.41796875 0.0390625 0.0390625
0 0.26171875 0.4453125 0.0390625 0.0390625
0 0.42578125 0.44921875 0.0390625 0.0390625
0 0.51953125 0.44921875 0.0390625 0.0390625
0 0.51953125 0.453125 0.0390625 0.0390625
0 0.8046875 0.50390625 0.0390625 0.0390625
0 0.125 0.60546875 0.0390625 0.0390625
0 0.375 0.6484375 0.0390625 0.0390625
0 0.30078125 0.7734375 0.0390625 0.0390625
0 0.3046875 0.7734375 0.0390625 0.0390625
0 0.30078125 0.77734375 0.0390625 0.0390625
0 0.3046875 0.77734375 0.0390625 0.0390625
0 0.25390625 0.875 0.0390625 0.0390625
0 0.25390625 0.87890625 0.0390625 0.0390625
