0 0.95703125 0.078125 0.0390625 0.0390625
0 0.9609375 0.078125 0.0390625 0.0390625
0 0.76953125 0.16015625 0.0390625 0.0390625
0 0.76953125 0.1640625 0.0390625 0.0390625
0 0.41015625 0.21484375 0.0390625 0.0390625
0 0.37109375 0.21875 0.0390625 0.0390625
0 0.18359375 0.29296875 0.0390625 0.0390625
0 0.18359375 0.296875 0.0390625 0.0390625
0 0.91796875 0.30078125 0.0390625 0.0390625
0 0.921875 0.30078125 0.0390625 0.0390625
0 0.4453125 0.30859375 0.0390625 0.0390625
0 0.87109375 0.328125 0.0390625 0.0390625
0 0.7578125 0.33203125 0.0390625 0.0390625
0 0.76171875 0.33203125 0.0390625 0.0390625
0 0.8203125 0.33203125 0.0390625 0.0390625
0 0.82421875 0.33203125 0.0390625 0.0390625
0 0.87109375 0.33203125 0.0390625 0.0390625
0 0.89453125 0.42578125 0.0390625 0.0390625
0 0.93359375 0.43359375 0.0390625 0.0390625
0 0.9375 0.43359375 0.0390625 0.0390625
0 0.1796875 0.44140625 0.0390625 0.0390625
0 0.18359375 0.44140625 0.0390625 0.0390625
0 0.40625 0.48828125 0.0390625 0.0390625
0 0.41015625 0.48828125 0.0390625 0.0390625
0 0.44140625 0.50390625 0.0390625 0.0390625
0 0.33984375 0.5078125 0.0390625 0.0390625
0 0.34375 0.5078125 0.0390625 0.0390625
0 0.37890625 0.5234375 0.0390625 0.0390625
0 0.37890625 0.52734375 0.0390625 0.0390625
0 0.41015625 0.60546875 0.0390625 0.0390625
0 0.41015625 0.609375 0.0390625 0.0390625
0 0.88671875 0.62890625 0.0390625 0.0390625
0 0.88671875 0.6328125 0.0390625 0.0390625
0 0.40625 0.8125 0.0390625 0.0390625
0 0.40625 0.81640625 0.0390625 0.0390625
0 0.43359375 0.81640625 0.0390625 0.0390625
0 0.4375 0.81640625 0.0390625 0.0390625
