0 0.6015625 0.0078125 0.0390625 0.0390625
0 0.50390625 0.01171875 0.0390625 0.0390625
0 0.50390625 0.015625 0.0390625 0.0390625
0 0.50390625 0.0390625 0.0390625 0.0390625
0 0.5078125 0.0390625 0.0390625 0.0390625
0 0.41015625 0.05078125 0.0390625 0.0390625
0 0.41015625 0.0546875 0.0390625 0.0390625
0 0.50390625 0.08203125 0.0390625 0.0390625
0 0.5078125 0.08203125 0.0390625 0.0390625
0 0.40625 0.0859375 0.0390625 0.0390625
0 0.50390625 0.0859375 0.0390625 0.0390625
0 0.5078125 0.0859375 0.0390625 0.0390625
0 0.40234375 0.125 0.0390625 0.0390625
0 0.40625 0.1484375 0.0390625 0.0390625
0 0.40625 0.15234375 0.0390625 0.0390625
0 0.49609375 0.15625 0.0390625 0.0390625
0 0.5 0.15625 0.0390625 0.0390625
0 0.10546875 0.17578125 0.0390625 0.0390625
0 0.37109375 0.17578125 0.0390625 0.0390625
0 0.5 0.18359375 0.0390625 0.0390625
0 0.50390625 0.18359375 0.0390625 0.0390625
0 0.6171875 0.203125 0.0390625 0.0390625
0 0.62109375 0.203125 0.0390625 0.0390625
0 0.16796875 0.265625 0.0390625 0.0390625
0 0.51953125 0.26953125 0.0390625 0.0390625
0 0.55859375 0.26953125 0.0390625 0.0390625
0 0.5625 0.26953125 0.0390625 0.0390625
0 0.78125 0.2734375 0.0390625 0.0390625
0 0.78515625 0.2734375 0.0390625 0.0390625
0 0.859375 0.2734375 0.0390625 0.0390625
0 0.859375 0.27734375 0.0390625 0.0390625
0 0.02734375 0.3046875 0.0390625 0.0390625
0 0.09375 0.30859375 0.0390625 0.0390625
0 0.09375 0.3125 0.0390625 0.0390625
0 0.30078125 0.31640625 0.0390625 0.0390625
0 0.3046875 0.31640625 0.0390625 0.0390625
0 0.0 0.33984375 0.0390625 0.0390625
0 0.73828125 0.39453125 0.0390625 0.0390625
0 0.1484375 0.421875 0.0390625 0.0390625
0 0.19921875 0.421875 0.0390625 0.0390625
0 0.734375 0.4296875 0.0390625 0.0390625
0 0.73828125 0.4296875 0.0390625 0.0390625
0 0.9453125 0.4296875 0.0390625 0.0390625
0 0.4609375 0.5546875 0.0390625 0.0390625
0 0.55859375 0.5546875 0.0390625 0.0390625
0 0.61328125 0.5546875 0.0390625 0.0390625
0 0.71484375 0.5546875 0.0390625 0.0390625
0 0.71875 0.5546875 0.0390625 0.0390625
0 0.4609375 0.55859375 0.0390625 0.0390625
0 0.5546875 0.57421875 0.0390625 0.0390625
0 0.55859375 0.57421875 0.0390625 0.0390625
0 0.45703125 0.578125 0.0390625 0.0390625
0 0.4609375 0.578125 0.0390625 0.0390625
0 0.5546875 0.578125 0.0390625 0.0390625
0 0.55859375 0.578125 0.0390625 0.0390625
0 0.6171875 0.578125 0.0390625 0.0390625
0 0.71875 0.578125 0.0390625 0.0390625
0 0.55859375 0.59765625 0.0390625 0.0390625
0 0.6171875 0.59765625 0.0390625 0.0390625
0 0.62109375 0.59765625 0.0390625 0.0390625
0 0.71484375 0.59765625 0.0390625 0.0390625
0 0.45703125 0.6015625 0.0390625 0.0390625
0 0.55859375 0.6015625 0.0390625 0.0390625
0 0.6171875 0.6015625 0.0390625 0.0390625
0 0.62109375 0.6015625 0.0390625 0.0390625
0 0.453125 0.62109375 0.0390625 0.0390625
0 0.5546875 0.62109375 0.0390625 0.0390625
0 0.62109375 0.62109375 0.0390625 0.0390625
0 0.71484375 0.62109375 0.0390625 0.0390625
0 0.71875 0.62109375 0.0390625 0.0390625
0 0.5625 0.63671875 0.0390625 0.0390625
0 0.56640625 0.63671875 0.0390625 0.0390625
0 0.45703125 0.640625 0.0390625 0.0390625
0 0.4609375 0.640625 0.0390625 0.0390625
0 0.5625 0.640625 0.0390625 0.0390625
0 0.56640625 0.640625 0.0390625 0.0390625
0 0.61328125 0.640625 0.0390625 0.0390625
0 0.7109375 0.640625 0.0390625 0.0390625
0 0.71484375 0.640625 0.0390625 0.0390625
0 0.45703125 0.64453125 0.0390625 0.0390625
0 0.4609375 0.64453125 0.0390625 0.0390625
0 0.6171875 0.66015625 0.0390625 0.0390625
0 0.55859375 0.6640625 0.0390625 0.0390625
0 0.55859375 0.703125 0.0390625 0.0390625
0 0.5625 0.703125 0.0390625 0.0390625
0 0.6171875 0.703125 0.0390625 0.0390625
0 0.71484375 0.703125 0.0390625 0.0390625
0 0.453125 0.72265625 0.0390625 0.0390625
0 0.45703125 0.72265625 0.0390625 0.0390625
0 0.55859375 0.72265625 0.0390625 0.0390625
0 0.7109375 0.72265625 0.0390625 0.0390625
0 0.61328125 0.7265625 0.0390625 0.0390625
0 0.5625 0.7421875 0.0390625 0.0390625
0 0.61328125 0.7421875 0.0390625 0.0390625
0 0.71484375 0.7421875 0.0390625 0.0390625
0 0.453125 0.74609375 0.0390625 0.0390625
0 0.5625 0.74609375 0.0390625 0.0390625
0 0.61328125 0.74609375 0.0390625 0.0390625
0 0.45703125 0.765625 0.0390625 0.0390625
0 0.4609375 0.765625 0.0390625 0.0390625
0 0.5546875 0.765625 0.0390625 0.0390625
0 0.55859375 0.765625 0.0390625 0.0390625
0 0.5546875 0.76953125 0.0390625 0.0390625
0 0.55859375 0.76953125 0.0390625 0.0390625
0 0.61328125 0.76953125 0.0390625 0.0390625
0 0.71484375 0.76953125 0.0390625 0.0390625
0 0.55859375 0.78515625 0.0390625 0.0390625
0 0.45703125 0.7890625 0.0390625 0.0390625
0 0.61328125 0.7890625 0.0390625 0.0390625
0 0.71484375 0.7890625 0.0390625 0.0390625
0 0.71484375 0.79296875 0.0390625 0.0390625
0 0.5546875 0.80859375 0.0390625 0.0390625
0 0.61328125 0.80859375 0.0390625 0.0390625
0 0.6171875 0.80859375 0.0390625 0.0390625
0 0.61328125 0.8125 0.0390625 0.0390625
0 0.6171875 0.8125 0.0390625 0.0390625
0 0.71875 0.8125 0.0390625 0.0390625
0 0.61328125 0.83203125 0.0390625 0.0390625
0 0.71875 0.83203125 0.0390625 0.0390625
0 0.4609375 0.8359375 0.0390625 0.0390625
0 0.66796875 0.8359375 0.0390625 0.0390625
0 0.671875 0.8359375 0.0390625 0.0390625
0 0.61328125 0.84765625 0.0390625 0.0390625
0 0.61328125 0.8515625 0.0390625 0.0390625
0 0.71875 0.8515625 0.0390625 0.0390625
0 0.46484375 0.85546875 0.0390625 0.0390625
0 0.71484375 0.875 0.0390625 0.0390625
0 0.7109375 0.89453125 0.0390625 0.0390625
0 0.71484375 0.89453125 0.0390625 0.0390625
0 0.71484375 0.9140625 0.0390625 0.0390625
0 0.609375 0.953125 0.0390625 0.0390625
0 0.61328125 0.953125 0.0390625 0.0390625
0 0.65625 0.953125 0.0390625 0.0390625
0 0.53125 0.95703125 0.0390625 0.0390625
0 0.58984375 0.95703125 0.0390625 0.0390625
0 0.6796875 0.95703125 0.0390625 0.0390625
0 0.68359375 0.95703125 0.0390625 0.0390625
0 0.5703125 0.9609375 0.0390625 0.0390625
0 0.6328125 0.9609375 0.0390625 0.0390625
0 0.63671875 0.9609375 0.0390625 0.0390625
