0 0.8046875 0.21484375 0.0390625 0.0390625
0 0.96484375 0.40625 0.0390625 0.0390625
0 0.1875 0.43359375 0.0390625 0.0390625
0 0.19140625 0.43359375 0.0390625 0.0390625
0 0.23046875 0.4375 0.0390625 0.0390625
0 0.234375 0.4375 0.0390625 0.0390625
0 0.6484375 0.4453125 0.0390625 0.0390625
0 0.6484375 0.44921875 0.0390625 0.0390625
0 0.140625 0.52734375 0.0390625 0.0390625
0 0.52734375 0.5390625 0.0390625 0.0390625
0 0.53125 0.5390625 0.0390625 0.0390625
0 0.5546875 0.5390625 0.0390625 0.0390625
0 0.38671875 0.54296875 0.0390625 0.0390625
0 0.43359375 0.54296875 0.0390625 0.0390625
0 0.48046875 0.54296875 0.0390625 0.0390625
0 0.52734375 0.54296875 0.0390625 0.0390625
0 0.53125 0.54296875 0.0390625 0.0390625
0 0.5546875 0.54296875 0.0390625 0.0390625
0 0.3359375 0.546875 0.0390625 0.0390625
0 0.38671875 0.546875 0.0390625 0.0390625
0 0.43359375 0.546875 0.0390625 0.0390625
0 0.64453125 0.546875 0.0390625 0.0390625
0 0.796875 0.546875 0.0390625 0.0390625
0 0.80078125 0.546875 0.0390625 0.0390625
0 0.265625 0.61328125 0.0390625 0.0390625
0 0.41015625 0.62109375 0.0390625 0.0390625
0 0.46484375 0.62109375 0.0390625 0.0390625
0 0.1328125 0.625 0.0390625 0.0390625
0 0.13671875 0.625 0.0390625 0.0390625
0 0.28515625 0.625 0.0390625 0.0390625
0 0.30859375 0.625 0.0390625 0.0390625
0 0.3125 0.625 0.0390625 0.0390625
0 0.36328125 0.625 0.0390625 0.0390625
0 0.38671875 0.625 0.0390625 0.0390625
0 0.43359375 0.625 0.0390625 0.0390625
0 0.4375 0.625 0.0390625 0.0390625
0 0.1328125 0.62890625 0.0390625 0.0390625
0 0.13671875 0.62890625 0.0390625 0.0390625
0 0.234375 0.62890625 0.0390625 0.0390625
0 0.28515625 0.62890625 0.0390625 0.0390625
0 0.3359375 0.62890625 0.0390625 0.0390625
0 0.36328125 0.62890625 0.0390625 0.0390625
0 0.80078125 0.62890625 0.0390625 0.0390625
0 0.203125 0.63671875 0.0390625 0.0390625
0 0.20703125 0.63671875 0.0390625 0.0390625
0 0.2890625 0.65625 0.0390625 0.0390625
0 0.36328125 0.65625 0.0390625 0.0390625
0 0.3671875 0.65625 0.0390625 0.0390625
0 0.38671875 0.66015625 0.0390625 0.0390625
0 0.4140625 0.66015625 0.0390625 0.0390625
0 0.21484375 0.6640625 0.0390625 0.0390625
0 0.30859375 0.6640625 0.0390625 0.0390625
0 0.3125 0.6640625 0.0390625 0.0390625
0 0.43359375 0.6640625 0.0390625 0.0390625
0 0.4375 0.6640625 0.0390625 0.0390625
0 0.30859375 0.66796875 0.0390625 0.0390625
0 0.3125 0.66796875 0.0390625 0.0390625
0 0.46484375 0.66796875 0.0390625 0.0390625
0 0.12890625 0.671875 0.0390625 0.0390625
0 0.46484375 0.671875 0.0390625 0.0390625
0 0.95703125 0.671875 0.0390625 0.0390625
0 0.9609375 0.69140625 0.0390625 0.0390625
0 0.96484375 0.69140625 0.0390625 0.0390625
0 0.9609375 0.6953125 0.0390625 0.0390625
0 0.96484375 0.6953125 0.0390625 0.0390625
0 0.9609375 0.7109375 0.0390625 0.0390625
0 0.9609375 0.73046875 0.0390625 0.0390625
0 0.9609375 0.734375 0.0390625 0.0390625
0 0.17578125 0.74609375 0.0390625 0.0390625
0 0.125 0.75 0.0390625 0.0390625
0 0.12890625 0.75 0.0390625 0.0390625
0 0.15234375 0.75 0.0390625 0.0390625
0 0.15234375 0.75390625 0.0390625 0.0390625
0 0.203125 0.75390625 0.0390625 0.0390625
0 0.2265625 0.75390625 0.0390625 0.0390625
0 0.2578125 0.75390625 0.0390625 0.0390625
0 0.34765625 0.75390625 0.0390625 0.0390625
0 0.3515625 0.75390625 0.0390625 0.0390625
0 0.9609375 0.75390625 0.0390625 0.0390625
0 0.99609375 0.75390625 0.0390625 0.0390625
0 0.2578125 0.7578125 0.0390625 0.0390625
0 0.328125 0.7578125 0.0390625 0.0390625
0 0.99609375 0.7578125 0.0390625 0.0390625
0 0.328125 0.76171875 0.0390625 0.0390625
0 0.953125 0.77734375 0.0390625 0.0390625
0 0.95703125 0.77734375 0.0390625 0.0390625
0 0.12890625 0.8359375 0.0390625 0.0390625
0 0.07421875 0.84765625 0.0390625 0.0390625
0 0.078125 0.84765625 0.0390625 0.0390625
0 0.1328125 0.85546875 0.0390625 0.0390625
0 0.1328125 0.859375 0.0390625 0.0390625
0 0.64453125 0.875 0.0390625 0.0390625
0 0.12109375 0.87890625 0.0390625 0.0390625
0 0.125 0.96484375 0.0390625 0.0390625
0 0.640625 0.9765625 0.0390625 0.0390625
0 0.64453125 0.9765625 0.0390625 0.0390625
0 0.984375 0.984375 0.0390625 0.0390625
0 0.796875 0.99609375 0.0390625 0.0390625
