0 0.078125 0.0078125 0.0390625 0.0390625
0 0.8984375 0.17578125 0.0390625 0.0390625
0 0.90234375 0.17578125 0.0390625 0.0390625
0 0.90625 0.1953125 0.0390625 0.0390625
0 0.15625 0.2109375 0.0390625 0.0390625
0 0.16015625 0.2109375 0.0390625 0.0390625
0 0.15625 0.21484375 0.0390625 0.0390625
0 0.16015625 0.21484375 0.0390625 0.0390625
0 0.90234375 0.23828125 0.0390625 0.0390625
0 0.13671875 0.24609375 0.0390625 0.0390625
0 0.140625 0.24609375 0.0390625 0.0390625
0 0.078125 0.265625 0.0390625 0.0390625
0 0.90234375 0.28125 0.0390625 0.0390625
0 0.90625 0.28125 0.0390625 0.0390625
0 0.90625 0.30078125 0.0390625 0.0390625
0 0.90625 0.3203125 0.0390625 0.0390625
0 0.90625 0.32421875 0.0390625 0.0390625
0 0.16015625 0.33203125 0.0390625 0.0390625
0 0.1640625 0.33203125 0.0390625 0.0390625
0 0.8984375 0.34765625 0.0390625 0.0390625
0 0.90234375 0.34765625 0.0390625 0.0390625
0 0.4765625 0.36328125 0.0390625 0.0390625
0 0.52734375 0.36328125 0.0390625 0.0390625
0 0.53125 0.36328125 0.0390625 0.0390625
0 0.58203125 0.36328125 0.0390625 0.0390625
0 0.4765625 0.3671875 0.0390625 0.0390625
0 0.52734375 0.3671875 0.0390625 0.0390625
0 0.53125 0.3671875 0.0390625 0.0390625
0 0.58203125 0.3671875 0.0390625 0.0390625
0 0.3984375 0.4375 0.0390625 0.0390625
0 0.421875 0.4375 0.0390625 0.0390625
0 0.3984375 0.44140625 0.0390625 0.0390625
0 0.421875 0.44140625 0.0390625 0.0390625
0 0.5703125 0.44140625 0.0390625 0.0390625
0 0.50390625 0.4453125 0.0390625 0.0390625
0 0.546875 0.4453125 0.0390625 0.0390625
0 0.55078125 0.4453125 0.0390625 0.0390625
0 0.5703125 0.4453125 0.0390625 0.0390625
0 0.65234375 0.4453125 0.0390625 0.0390625
0 0.65625 0.4453125 0.0390625 0.0390625
0 0.4609375 0.44921875 0.0390625 0.0390625
0 0.46484375 0.44921875 0.0390625 0.0390625
0 0.58984375 0.44921875 0.0390625 0.0390625
0 0.59375 0.44921875 0.0390625 0.0390625
0 0.609375 0.44921875 0.0390625 0.0390625
0 0.61328125 0.44921875 0.0390625 0.0390625
0 0.7421875 0.44921875 0.0390625 0.0390625
0 0.765625 0.44921875 0.0390625 0.0390625
0 0.44140625 0.453125 0.0390625 0.0390625
0 0.48046875 0.453125 0.0390625 0.0390625
0 0.5234375 0.453125 0.0390625 0.0390625
0 0.52734375 0.453125 0.0390625 0.0390625
0 0.765625 0.453125 0.0390625 0.0390625
0 0.84765625 0.45703125 0.0390625 0.0390625
0 0.88671875 0.45703125 0.0390625 0.0390625
0 0.84765625 0.4609375 0.0390625 0.0390625
0 0.8671875 0.4609375 0.0390625 0.0390625
0 0.23046875 0.484375 0.0390625 0.0390625
0 0.234375 0.484375 0.0390625 0.0390625
0 0.35546875 0.49609375 0.0390625 0.0390625
0 0.453125 0.49609375 0.0390625 0.0390625
0 0.45703125 0.49609375 0.0390625 0.0390625
0 0.62109375 0.49609375 0.0390625 0.0390625
0 0.64453125 0.49609375 0.0390625 0.0390625
0 0.6875 0.49609375 0.0390625 0.0390625
0 0.70703125 0.49609375 0.0390625 0.0390625
0 0.75 0.49609375 0.0390625 0.0390625
0 0.75390625 0.49609375 0.0390625 0.0390625
0 0.77734375 0.49609375 0.0390625 0.0390625
0 0.43359375 0.5 0.0390625 0.0390625
0 0.453125 0.5 0.0390625 0.0390625
0 0.45703125 0.5 0.0390625 0.0390625
0 0.64453125 0.5 0.0390625 0.0390625
0 0.70703125 0.5 0.0390625 0.0390625
0 0.73046875 0.5 0.0390625 0.0390625
0 0.75 0.5 0.0390625 0.0390625
0 0.75390625 0.5 0.0390625 0.0390625
0 0.6640625 0.50390625 0.0390625 0.0390625
0 0.66796875 0.50390625 0.0390625 0.0390625
0 0.23046875 0.51953125 0.0390625 0.0390625
0 0.23046875 0.54296875 0.0390625 0.0390625
0 0.234375 0.54296875 0.0390625 0.0390625
0 0.84765625 0.5546875 0.0390625 0.0390625
0 0.84765625 0.55859375 0.0390625 0.0390625
0 0.2421875 0.56640625 0.0390625 0.0390625
0 0.24609375 0.56640625 0.0390625 0.0390625
0 0.85546875 0.578125 0.0390625 0.0390625
0 0.8984375 0.578125 0.0390625 0.0390625
0 0.8984375 0.58203125 0.0390625 0.0390625
0 0.859375 0.61328125 0.0390625 0.0390625
0 0.8984375 0.6171875 0.0390625 0.0390625
0 0.8984375 0.62109375 0.0390625 0.0390625
0 0.4609375 0.6328125 0.0390625 0.0390625
0 0.46484375 0.6328125 0.0390625 0.0390625
0 0.7265625 0.63671875 0.0390625 0.0390625
0 0.33984375 0.640625 0.0390625 0.0390625
0 0.37890625 0.640625 0.0390625 0.0390625
0 0.40234375 0.640625 0.0390625 0.0390625
0 0.48046875 0.640625 0.0390625 0.0390625
0 0.484375 0.640625 0.0390625 0.0390625
0 0.5234375 0.640625 0.0390625 0.0390625
0 0.5625 0.640625 0.0390625 0.0390625
0 0.6015625 0.640625 0.0390625 0.0390625
0 0.60546875 0.640625 0.0390625 0.0390625
0 0.625 0.640625 0.0390625 0.0390625
0 0.74609375 0.640625 0.0390625 0.0390625
0 0.85546875 0.640625 0.0390625 0.0390625
0 0.12109375 0.64453125 0.0390625 0.0390625
0 0.125 0.64453125 0.0390625 0.0390625
0 0.33984375 0.64453125 0.0390625 0.0390625
0 0.37890625 0.64453125 0.0390625 0.0390625
0 0.5 0.64453125 0.0390625 0.0390625
0 0.50390625 0.64453125 0.0390625 0.0390625
0 0.5234375 0.64453125 0.0390625 0.0390625
0 0.54296875 0.64453125 0.0390625 0.0390625
0 0.546875 0.64453125 0.0390625 0.0390625
0 0.66015625 0.64453125 0.0390625 0.0390625
0 0.6640625 0.64453125 0.0390625 0.0390625
0 0.68359375 0.64453125 0.0390625 0.0390625
0 0.85546875 0.65625 0.0390625 0.0390625
0 0.85546875 0.66015625 0.0390625 0.0390625
0 0.23046875 0.67578125 0.0390625 0.0390625
0 0.234375 0.67578125 0.0390625 0.0390625
0 0.85546875 0.6796875 0.0390625 0.0390625
0 0.8515625 0.69921875 0.0390625 0.0390625
0 0.89453125 0.69921875 0.0390625 0.0390625
0 0.8984375 0.69921875 0.0390625 0.0390625
0 0.234375 0.71875 0.0390625 0.0390625
0 0.23828125 0.71875 0.0390625 0.0390625
0 0.3203125 0.72265625 0.0390625 0.0390625
0 0.85546875 0.72265625 0.0390625 0.0390625
0 0.4375 0.73046875 0.0390625 0.0390625
0 0.44140625 0.73046875 0.0390625 0.0390625
0 0.48046875 0.73046875 0.0390625 0.0390625
0 0.6015625 0.73046875 0.0390625 0.0390625
0 0.48046875 0.734375 0.0390625 0.0390625
0 0.62109375 0.734375 0.0390625 0.0390625
0 0.625 0.734375 0.0390625 0.0390625
0 0.6640625 0.734375 0.0390625 0.0390625
0 0.68359375 0.734375 0.0390625 0.0390625
0 0.7265625 0.734375 0.0390625 0.0390625
0 0.74609375 0.734375 0.0390625 0.0390625
0 0.765625 0.734375 0.0390625 0.0390625
0 0.35546875 0.73828125 0.0390625 0.0390625
0 0.359375 0.73828125 0.0390625 0.0390625
0 0.6640625 0.73828125 0.0390625 0.0390625
0 0.68359375 0.73828125 0.0390625 0.0390625
0 0.703125 0.73828125 0.0390625 0.0390625
0 0.7265625 0.73828125 0.0390625 0.0390625
0 0.8984375 0.73828125 0.0390625 0.0390625
0 0.90234375 0.73828125 0.0390625 0.0390625
0 0.85546875 0.7421875 0.0390625 0.0390625
0 0.8984375 0.7421875 0.0390625 0.0390625
0 0.90234375 0.7421875 0.0390625 0.0390625
0 0.85546875 0.76171875 0.0390625 0.0390625
0 0.58203125 0.7734375 0.0390625 0.0390625
0 0.4765625 0.77734375 0.0390625 0.0390625
0 0.48046875 0.77734375 0.0390625 0.0390625
0 0.5234375 0.77734375 0.0390625 0.0390625
0 0.625 0.77734375 0.0390625 0.0390625
0 0.62890625 0.77734375 0.0390625 0.0390625
0 0.66015625 0.77734375 0.0390625 0.0390625
0 0.6640625 0.77734375 0.0390625 0.0390625
0 0.68359375 0.77734375 0.0390625 0.0390625
0 0.74609375 0.77734375 0.0390625 0.0390625
0 0.89453125 0.77734375 0.0390625 0.0390625
0 0.8984375 0.77734375 0.0390625 0.0390625
0 0.703125 0.78125 0.0390625 0.0390625
0 0.72265625 0.78125 0.0390625 0.0390625
0 0.85546875 0.78125 0.0390625 0.0390625
0 0.89453125 0.78125 0.0390625 0.0390625
0 0.8984375 0.78125 0.0390625 0.0390625
0 0.85546875 0.80078125 0.0390625 0.0390625
0 0.90234375 0.80078125 0.0390625 0.0390625
0 0.85546875 0.8203125 0.0390625 0.0390625
0 0.85546875 0.82421875 0.0390625 0.0390625
0 0.85546875 0.83984375 0.0390625 0.0390625
0 0.8984375 0.83984375 0.0390625 0.0390625
0 0.90234375 0.83984375 0.0390625 0.0390625
0 0.8984375 0.84375 0.0390625 0.0390625
0 0.90234375 0.84375 0.0390625 0.0390625
0 0.13671875 0.8515625 0.0390625 0.0390625
0 0.40625 0.8515625 0.0390625 0.0390625
0 0.453125 0.85546875 0.0390625 0.0390625
0 0.578125 0.85546875 0.0390625 0.0390625
0 0.375 0.859375 0.0390625 0.0390625
0 0.453125 0.859375 0.0390625 0.0390625
0 0.48046875 0.859375 0.0390625 0.0390625
0 0.5546875 0.859375 0.0390625 0.0390625
0 0.578125 0.859375 0.0390625 0.0390625
0 0.6328125 0.859375 0.0390625 0.0390625
0 0.65234375 0.859375 0.0390625 0.0390625
0 0.65625 0.859375 0.0390625 0.0390625
0 0.67578125 0.859375 0.0390625 0.0390625
0 0.85546875 0.859375 0.0390625 0.0390625
0 0.5 0.86328125 0.0390625 0.0390625
0 0.52734375 0.86328125 0.0390625 0.0390625
0 0.703125 0.86328125 0.0390625 0.0390625
0 0.70703125 0.86328125 0.0390625 0.0390625
0 0.74609375 0.86328125 0.0390625 0.0390625
0 0.75 0.86328125 0.0390625 0.0390625
0 0.89453125 0.86328125 0.0390625 0.0390625
0 0.8984375 0.86328125 0.0390625 0.0390625
0 0.41796875 0.89453125 0.0390625 0.0390625
0 0.33203125 0.8984375 0.0390625 0.0390625
0 0.3359375 0.8984375 0.0390625 0.0390625
0 0.3984375 0.8984375 0.0390625 0.0390625
0 0.41796875 0.8984375 0.0390625 0.0390625
0 0.3984375 0.90234375 0.0390625 0.0390625
0 0.67578125 0.90234375 0.0390625 0.0390625
0 0.69921875 0.90234375 0.0390625 0.0390625
0 0.69921875 0.90625 0.0390625 0.0390625
0 0.7421875 0.90625 0.0390625 0.0390625
0 0.8984375 0.90625 0.0390625 0.0390625
0 0.765625 0.91015625 0.0390625 0.0390625
0 0.98828125 0.9140625 0.0390625 0.0390625
0 0.9921875 0.9140625 0.0390625 0.0390625
0 0.03515625 0.9296875 0.0390625 0.0390625
0 0.0390625 0.9296875 0.0390625 0.0390625
0 0.9921875 0.94140625 0.0390625 0.0390625
0 0.03515625 0.984375 0.0390625 0.0390625
0 0.0390625 0.984375 0.0390625 0.0390625
0 0.03515625 0.98828125 0.0390625 0.0390625
0 0.0390625 0.98828125 0.0390625 0.0390625
