0 0.37109375 0.0 0.0390625 0.0390625
0 0.91015625 0.0078125 0.0390625 0.0390625
0 0.55078125 0.01953125 0.0390625 0.0390625
0 0.5546875 0.01953125 0.0390625 0.0390625
0 0.37109375 0.05078125 0.0390625 0.0390625
0 0.91015625 0.0546875 0.0390625 0.0390625
0 0.61328125 0.09375 0.0390625 0.0390625
0 0.37109375 0.09765625 0.0390625 0.0390625
0 0.90625 0.12109375 0.0390625 0.0390625
0 0.61328125 0.140625 0.0390625 0.0390625
0 0.6171875 0.140625 0.0390625 0.0390625
0 0.37109375 0.1484375 0.0390625 0.0390625
0 0.6171875 0.1796875 0.0390625 0.0390625
0 0.6171875 0.18359375 0.0390625 0.0390625
0 0.578125 0.2109375 0.0390625 0.0390625
0 0.37109375 0.21875 0.0390625 0.0390625
0 0.6171875 0.2265625 0.0390625 0.0390625
0 0.6171875 0.23046875 0.0390625 0.0390625
0 0.6171875 0.27734375 0.0390625 0.0390625
0 0.6171875 0.328125 0.0390625 0.0390625
0 0.3671875 0.3359375 0.0390625 0.0390625
0 0.3671875 0.33984375 0.0390625 0.0390625
0 0.37109375 0.3828125 0.0390625 0.0390625
0 0.57421875 0.3828125 0.0390625 0.0390625
0 0.578125 0.3828125 0.0390625 0.0390625
0 0.515625 0.41796875 0.0390625 0.0390625
0 0.51953125 0.41796875 0.0390625 0.0390625
0 0.515625 0.421875 0.0390625 0.0390625
0 0.51953125 0.421875 0.0390625 0.0390625
0 0.9453125 0.42578125 0.0390625 0.0390625
0 0.9453125 0.4296875 0.0390625 0.0390625
0 0.625 0.44140625 0.0390625 0.0390625
0 0.6875 0.44140625 0.0390625 0.0390625
0 0.7109375 0.44140625 0.0390625 0.0390625
0 0.625 0.4453125 0.0390625 0.0390625
0 0.7109375 0.4453125 0.0390625 0.0390625
0 0.734375 0.4453125 0.0390625 0.0390625
0 0.75390625 0.4453125 0.0390625 0.0390625
0 0.7578125 0.4453125 0.0390625 0.0390625
0 0.796875 0.4453125 0.0390625 0.0390625
0 0.734375 0.44921875 0.0390625 0.0390625
0 0.75390625 0.44921875 0.0390625 0.0390625
0 0.7578125 0.44921875 0.0390625 0.0390625
0 0.7734375 0.44921875 0.0390625 0.0390625
0 0.796875 0.44921875 0.0390625 0.0390625
0 0.94140625 0.44921875 0.0390625 0.0390625
0 0.9453125 0.44921875 0.0390625 0.0390625
0 0.390625 0.453125 0.0390625 0.0390625
0 0.39453125 0.453125 0.0390625 0.0390625
0 0.859375 0.453125 0.0390625 0.0390625
0 0.86328125 0.453125 0.0390625 0.0390625
0 0.859375 0.45703125 0.0390625 0.0390625
0 0.86328125 0.45703125 0.0390625 0.0390625
0 0.94140625 0.47265625 0.0390625 0.0390625
0 0.625 0.48046875 0.0390625 0.0390625
0 0.625 0.484375 0.0390625 0.0390625
0 0.7109375 0.48828125 0.0390625 0.0390625
0 0.75390625 0.48828125 0.0390625 0.0390625
0 0.796875 0.48828125 0.0390625 0.0390625
0 0.7109375 0.4921875 0.0390625 0.0390625
0 0.77734375 0.4921875 0.0390625 0.0390625
0 0.81640625 0.4921875 0.0390625 0.0390625
0 0.8203125 0.4921875 0.0390625 0.0390625
0 0.83984375 0.4921875 0.0390625 0.0390625
0 0.84375 0.4921875 0.0390625 0.0390625
0 0.86328125 0.4921875 0.0390625 0.0390625
0 0.9453125 0.4921875 0.0390625 0.0390625
0 0.77734375 0.49609375 0.0390625 0.0390625
0 0.9453125 0.51171875 0.0390625 0.0390625
0 0.94921875 0.53515625 0.0390625 0.0390625
0 0.578125 0.5703125 0.0390625 0.0390625
0 0.578125 0.57421875 0.0390625 0.0390625
0 0.83203125 0.5859375 0.0390625 0.0390625
0 0.8359375 0.5859375 0.0390625 0.0390625
0 0.625 0.61328125 0.0390625 0.0390625
0 0.62890625 0.61328125 0.0390625 0.0390625
0 0.953125 0.63671875 0.0390625 0.0390625
0 0.953125 0.640625 0.0390625 0.0390625
0 0.625 0.66015625 0.0390625 0.0390625
0 0.890625 0.75390625 0.0390625 0.0390625
0 0.875 0.7578125 0.0390625 0.0390625
0 0.890625 0.7578125 0.0390625 0.0390625
0 0.875 0.76171875 0.0390625 0.0390625
0 0.8515625 0.765625 0.0390625 0.0390625
