0 0.55078125 0.00390625 0.0390625 0.0390625
0 0.69921875 0.02734375 0.0390625 0.0390625
0 0.5 0.03125 0.0390625 0.0390625
0 0.50390625 0.03125 0.0390625 0.0390625
0 0.5546875 0.03125 0.0390625 0.0390625
0 0.69921875 0.03125 0.0390625 0.0390625
0 0.5 0.03515625 0.0390625 0.0390625
0 0.50390625 0.03515625 0.0390625 0.0390625
0 0.5 0.06640625 0.0390625 0.0390625
0 0.6484375 0.06640625 0.0390625 0.0390625
0 0.65234375 0.06640625 0.0390625 0.0390625
0 0.546875 0.0703125 0.0390625 0.0390625
0 0.6484375 0.0703125 0.0390625 0.0390625
0 0.65234375 0.0703125 0.0390625 0.0390625
0 0.546875 0.07421875 0.0390625 0.0390625
0 0.5 0.09375 0.0390625 0.0390625
0 0.6484375 0.09765625 0.0390625 0.0390625
0 0.4140625 0.109375 0.0390625 0.0390625
0 0.546875 0.11328125 0.0390625 0.0390625
0 0.55078125 0.11328125 0.0390625 0.0390625
0 0.49609375 0.12109375 0.0390625 0.0390625
0 0.5 0.12109375 0.0390625 0.0390625
0 0.41015625 0.13671875 0.0390625 0.0390625
0 0.4140625 0.13671875 0.0390625 0.0390625
0 0.65234375 0.13671875 0.0390625 0.0390625
0 0.41015625 0.140625 0.0390625 0.0390625
0 0.4140625 0.140625 0.0390625 0.0390625
0 0.49609375 0.15625 0.0390625 0.0390625
0 0.5 0.15625 0.0390625 0.0390625
0 0.6484375 0.16015625 0.0390625 0.0390625
0 0.4140625 0.1640625 0.0390625 0.0390625
0 0.4921875 0.18359375 0.0390625 0.0390625
0 0.41015625 0.1875 0.0390625 0.0390625
0 0.4140625 0.1875 0.0390625 0.0390625
0 0.4921875 0.1875 0.0390625 0.0390625
0 0.6484375 0.1875 0.0390625 0.0390625
0 0.41015625 0.19140625 0.0390625 0.0390625
0 0.4140625 0.19140625 0.0390625 0.0390625
0 0.49609375 0.20703125 0.0390625 0.0390625
0 0.5 0.20703125 0.0390625 0.0390625
0 0.41015625 0.2109375 0.0390625 0.0390625
0 0.4140625 0.2109375 0.0390625 0.0390625
0 0.49609375 0.2109375 0.0390625 0.0390625
0 0.5 0.2109375 0.0390625 0.0390625
0 0.41015625 0.23046875 0.0390625 0.0390625
0 0.4140625 0.23046875 0.0390625 0.0390625
0 0.41015625 0.234375 0.0390625 0.0390625
0 0.4140625 0.234375 0.0390625 0.0390625
0 0.59765625 0.28125 0.0390625 0.0390625
0 0.6015625 0.28125 0.0390625 0.0390625
0 0.37890625 0.28515625 0.0390625 0.0390625
0 0.890625 0.390625 0.0390625 0.0390625
0 0.4921875 0.41015625 0.0390625 0.0390625
0 0.49609375 0.41015625 0.0390625 0.0390625
0 0.57421875 0.41015625 0.0390625 0.0390625
0 0.640625 0.41015625 0.0390625 0.0390625
0 0.77734375 0.41015625 0.0390625 0.0390625
0 0.57421875 0.4140625 0.0390625 0.0390625
0 0.6484375 0.44140625 0.0390625 0.0390625
0 0.69921875 0.44140625 0.0390625 0.0390625
0 0.81640625 0.44140625 0.0390625 0.0390625
0 0.8203125 0.44140625 0.0390625 0.0390625
0 0.69921875 0.4453125 0.0390625 0.0390625
0 0.76171875 0.4453125 0.0390625 0.0390625
0 0.81640625 0.4453125 0.0390625 0.0390625
0 0.8203125 0.4453125 0.0390625 0.0390625
0 0.8671875 0.4453125 0.0390625 0.0390625
0 0.8828125 0.51171875 0.0390625 0.0390625
0 0.94921875 0.73828125 0.0390625 0.0390625
0 0.9140625 0.98828125 0.0390625 0.0390625
0 0.91796875 0.98828125 0.0390625 0.0390625
0 0.9140625 0.9921875 0.0390625 0.0390625
0 0.91796875 0.9921875 0.0390625 0.0390625
