0 0.13671875 0.01953125 0.0390625 0.0390625
0 0.13671875 0.0234375 0.0390625 0.0390625
0 0.05859375 0.07421875 0.0390625 0.0390625
0 0.0625 0.07421875 0.0390625 0.0390625
0 0.5546875 0.078125 0.0390625 0.0390625
0 0.609375 0.078125 0.0390625 0.0390625
0 0.61328125 0.078125 0.0390625 0.0390625
0 0.5546875 0.08203125 0.0390625 0.0390625
0 0.609375 0.08203125 0.0390625 0.0390625
0 0.61328125 0.08203125 0.0390625 0.0390625
0 0.55078125 0.109375 0.0390625 0.0390625
0 0.5546875 0.109375 0.0390625 0.0390625
0 0.625 0.109375 0.0390625 0.0390625
0 0.625 0.11328125 0.0390625 0.0390625
0 0.6875 0.1171875 0.0390625 0.0390625
0 0.5546875 0.1328125 0.0390625 0.0390625
0 0.5546875 0.13671875 0.0390625 0.0390625
0 0.06640625 0.16796875 0.0390625 0.0390625
0 0.13671875 0.16796875 0.0390625 0.0390625
0 0.203125 0.16796875 0.0390625 0.0390625
0 0.20703125 0.19921875 0.0390625 0.0390625
0 0.2109375 0.19921875 0.0390625 0.0390625
0 0.95703125 0.21484375 0.0390625 0.0390625
0 0.95703125 0.21875 0.0390625 0.0390625
0 0.203125 0.22265625 0.0390625 0.0390625
0 0.20703125 0.22265625 0.0390625 0.0390625
0 0.56640625 0.328125 0.0390625 0.0390625
0 0.56640625 0.33203125 0.0390625 0.0390625
0 0.5625 0.35546875 0.0390625 0.0390625
0 0.08203125 0.37109375 0.0390625 0.0390625
0 0.0859375 0.37109375 0.0390625 0.0390625
0 0.08203125 0.39453125 0.0390625 0.0390625
0 0.0859375 0.39453125 0.0390625 0.0390625
0 0.19140625 0.4140625 0.0390625 0.0390625
0 0.19140625 0.41796875 0.0390625 0.0390625
0 0.1953125 0.48046875 0.0390625 0.0390625
0 0.1953125 0.484375 0.0390625 0.0390625
0 0.5625 0.55078125 0.0390625 0.0390625
0 0.6953125 0.5546875 0.0390625 0.0390625
0 0.69921875 0.5546875 0.0390625 0.0390625
0 0.3046875 0.55859375 0.0390625 0.0390625
0 0.3046875 0.5625 0.0390625 0.0390625
0 0.39453125 0.578125 0.0390625 0.0390625
0 0.1796875 0.58203125 0.0390625 0.0390625
0 0.39453125 0.58203125 0.0390625 0.0390625
0 0.8046875 0.62890625 0.0390625 0.0390625
0 0.80859375 0.62890625 0.0390625 0.0390625
0 0.44140625 0.6328125 0.0390625 0.0390625
0 0.5625 0.6328125 0.0390625 0.0390625
0 0.5625 0.63671875 0.0390625 0.0390625
0 0.65234375 0.640625 0.0390625 0.0390625
0 0.55859375 0.65625 0.0390625 0.0390625
0 0.6953125 0.65625 0.0390625 0.0390625
0 0.6953125 0.66015625 0.0390625 0.0390625
0 0.19921875 0.671875 0.0390625 0.0390625
0 0.19921875 0.67578125 0.0390625 0.0390625
0 0.68359375 0.78125 0.0390625 0.0390625
0 0.5625 0.83203125 0.0390625 0.0390625
0 0.56640625 0.83203125 0.0390625 0.0390625
0 0.68359375 0.84765625 0.0390625 0.0390625
0 0.421875 0.87890625 0.0390625 0.0390625
