0 0.8828125 0.11328125 0.0390625 0.0390625
0 0.9921875 0.15625 0.0390625 0.0390625
0 0.2890625 0.328125 0.0390625 0.0390625
0 0.30859375 0.328125 0.0390625 0.0390625
0 0.3125 0.328125 0.0390625 0.0390625
0 0.265625 0.33203125 0.0390625 0.0390625
0 0.2890625 0.33203125 0.0390625 0.0390625
0 0.359375 0.33203125 0.0390625 0.0390625
0 0.36328125 0.33203125 0.0390625 0.0390625
0 0.359375 0.3359375 0.0390625 0.0390625
0 0.36328125 0.3359375 0.0390625 0.0390625
0 0.59375 0.33984375 0.0390625 0.0390625
0 0.59375 0.359375 0.0390625 0.0390625
0 0.58984375 0.3828125 0.0390625 0.0390625
0 0.58984375 0.38671875 0.0390625 0.0390625
0 0.453125 0.3984375 0.0390625 0.0390625
0 0.453125 0.40234375 0.0390625 0.0390625
0 0.48828125 0.40625 0.0390625 0.0390625
0 0.4921875 0.40625 0.0390625 0.0390625
0 0.2265625 0.41015625 0.0390625 0.0390625
0 0.23046875 0.41015625 0.0390625 0.0390625
0 0.3125 0.41015625 0.0390625 0.0390625
0 0.35546875 0.41015625 0.0390625 0.0390625
0 0.44921875 0.421875 0.0390625 0.0390625
0 0.453125 0.421875 0.0390625 0.0390625
0 0.44921875 0.42578125 0.0390625 0.0390625
0 0.453125 0.42578125 0.0390625 0.0390625
0 0.58984375 0.42578125 0.0390625 0.0390625
0 0.2265625 0.4296875 0.0390625 0.0390625
0 0.23046875 0.4296875 0.0390625 0.0390625
0 0.359375 0.4296875 0.0390625 0.0390625
0 0.4921875 0.4296875 0.0390625 0.0390625
0 0.58984375 0.4296875 0.0390625 0.0390625
0 0.31640625 0.43359375 0.0390625 0.0390625
0 0.359375 0.43359375 0.0390625 0.0390625
0 0.31640625 0.4375 0.0390625 0.0390625
0 0.36328125 0.44921875 0.0390625 0.0390625
0 0.453125 0.44921875 0.0390625 0.0390625
0 0.58984375 0.44921875 0.0390625 0.0390625
0 0.31640625 0.453125 0.0390625 0.0390625
0 0.36328125 0.453125 0.0390625 0.0390625
0 0.4921875 0.453125 0.0390625 0.0390625
0 0.31640625 0.45703125 0.0390625 0.0390625
0 0.453125 0.46875 0.0390625 0.0390625
0 0.49609375 0.47265625 0.0390625 0.0390625
0 0.58984375 0.47265625 0.0390625 0.0390625
0 0.4609375 0.4921875 0.0390625 0.0390625
0 0.31640625 0.5 0.0390625 0.0390625
0 0.3203125 0.5 0.0390625 0.0390625
0 0.44921875 0.51171875 0.0390625 0.0390625
0 0.453125 0.51171875 0.0390625 0.0390625
0 0.4921875 0.515625 0.0390625 0.0390625
0 0.59375 0.515625 0.0390625 0.0390625
0 0.59765625 0.515625 0.0390625 0.0390625
0 0.359375 0.51953125 0.0390625 0.0390625
0 0.36328125 0.51953125 0.0390625 0.0390625
0 0.4921875 0.51953125 0.0390625 0.0390625
0 0.59375 0.51953125 0.0390625 0.0390625
0 0.59765625 0.51953125 0.0390625 0.0390625
0 0.3125 0.53515625 0.0390625 0.0390625
0 0.4453125 0.53515625 0.0390625 0.0390625
0 0.44921875 0.53515625 0.0390625 0.0390625
0 0.3125 0.5390625 0.0390625 0.0390625
0 0.4921875 0.5390625 0.0390625 0.0390625
0 0.58984375 0.5390625 0.0390625 0.0390625
0 0.59375 0.5390625 0.0390625 0.0390625
0 0.4921875 0.5546875 0.0390625 0.0390625
0 0.49609375 0.5546875 0.0390625 0.0390625
0 0.58984375 0.5546875 0.0390625 0.0390625
0 0.58984375 0.55859375 0.0390625 0.0390625
0 0.65625 0.56640625 0.0390625 0.0390625
0 0.65625 0.5703125 0.0390625 0.0390625
0 0.67578125 0.5703125 0.0390625 0.0390625
0 0.6796875 0.5703125 0.0390625 0.0390625
0 0.69921875 0.57421875 0.0390625 0.0390625
0 0.796875 0.57421875 0.0390625 0.0390625
0 0.80078125 0.57421875 0.0390625 0.0390625
0 0.796875 0.578125 0.0390625 0.0390625
0 0.80078125 0.578125 0.0390625 0.0390625
0 0.3515625 0.58203125 0.0390625 0.0390625
0 0.35546875 0.58203125 0.0390625 0.0390625
0 0.48828125 0.58203125 0.0390625 0.0390625
0 0.4921875 0.58203125 0.0390625 0.0390625
0 0.48828125 0.5859375 0.0390625 0.0390625
0 0.4921875 0.5859375 0.0390625 0.0390625
0 0.58984375 0.62109375 0.0390625 0.0390625
0 0.58984375 0.625 0.0390625 0.0390625
0 0.76171875 0.76953125 0.0390625 0.0390625
0 0.76171875 0.80859375 0.0390625 0.0390625
0 0.76171875 0.83203125 0.0390625 0.0390625
0 0.765625 0.83203125 0.0390625 0.0390625
0 0.76171875 0.8515625 0.0390625 0.0390625
0 0.765625 0.89453125 0.0390625 0.0390625
0 0.76953125 0.89453125 0.0390625 0.0390625
0 0.765625 0.91796875 0.0390625 0.0390625
0 0.765625 0.921875 0.0390625 0.0390625
0 0.76171875 0.9375 0.0390625 0.0390625
0 0.765625 0.9375 0.0390625 0.0390625
0 0.76171875 0.94140625 0.0390625 0.0390625
0 0.765625 0.94140625 0.0390625 0.0390625
0 0.76171875 0.984375 0.0390625 0.0390625
