0 0.6015625 0.67578125 0.0390625 0.0390625
0 0.51953125 0.6796875 0.0390625 0.0390625
0 0.6015625 0.6796875 0.0390625 0.0390625
0 0.671875 0.6796875 0.0390625 0.0390625
0 0.67578125 0.6796875 0.0390625 0.0390625
0 0.8125 0.6796875 0.0390625 0.0390625
0 0.94921875 0.6796875 0.0390625 0.0390625
0 0.671875 0.68359375 0.0390625 0.0390625
0 0.67578125 0.68359375 0.0390625 0.0390625
0 0.8125 0.68359375 0.0390625 0.0390625
0 0.734375 0.6875 0.0390625 0.0390625
0 0.5625 0.70703125 0.0390625 0.0390625
0 0.56640625 0.70703125 0.0390625 0.0390625
0 0.6484375 0.70703125 0.0390625 0.0390625
0 0.65234375 0.70703125 0.0390625 0.0390625
0 0.7265625 0.7109375 0.0390625 0.0390625
0 0.81640625 0.7109375 0.0390625 0.0390625
0 0.0078125 0.71484375 0.0390625 0.0390625
0 0.94921875 0.71484375 0.0390625 0.0390625
0 0.3046875 0.8359375 0.0390625 0.0390625
0 0.1640625 0.93359375 0.0390625 0.0390625
0 0.16796875 0.93359375 0.0390625 0.0390625
0 0.296875 0.97265625 0.0390625 0.0390625
