0 0.0390625 0.0 0.0390625 0.06289308176100629
0 0.84765625 0.031446540880503145 0.0390625 0.06289308176100629
0 0.07421875 0.05660377358490566 0.0390625 0.06289308176100629
0 0.078125 0.05660377358490566 0.0390625 0.06289308176100629
0 0.0 0.1509433962264151 0.0390625 0.06289308176100629
0 0.00390625 0.1509433962264151 0.0390625 0.06289308176100629
0 0.1640625 0.15723270440251572 0.0390625 0.06289308176100629
0 0.3046875 0.15723270440251572 0.0390625 0.06289308176100629
0 0.36328125 0.15723270440251572 0.0390625 0.06289308176100629
0 0.7734375 0.15723270440251572 0.0390625 0.06289308176100629
0 0.77734375 0.15723270440251572 0.0390625 0.06289308176100629
0 0.36328125 0.16352201257861634 0.0390625 0.06289308176100629
0 0.7734375 0.16352201257861634 0.0390625 0.06289308176100629
0 0.77734375 0.16352201257861634 0.0390625 0.06289308176100629
0 0.9453125 0.16352201257861634 0.0390625 0.06289308176100629
0 0.2734375 0.5471698113207547 0.0390625 0.06289308176100629
0 0.109375 0.8176100628930818 0.0390625 0.06289308176100629
0 0.109375 0.8238993710691824 0.0390625 0.06289308176100629
0 0.09765625 0.8553459119496856 0.0390625 0.06289308176100629
0 0.08984375 0.8867924528301887 0.0390625 0.06289308176100629
0 0.09375 0.8867924528301887 0.0390625 0.06289308176100629
