0 0.3584905660377358 0.07421875 0.06289308176100629 0.0390625
0 0.3584905660377358 0.078125 0.06289308176100629 0.0390625
0 0.3584905660377358 0.1484375 0.06289308176100629 0.0390625
0 0.22641509433962265 0.15234375 0.06289308176100629 0.0390625
0 0.23270440251572327 0.15234375 0.06289308176100629 0.0390625
0 0.7924528301886793 0.1640625 0.06289308176100629 0.0390625
0 0.7924528301886793 0.16796875 0.06289308176100629 0.0390625
0 0.0 0.1953125 0.06289308176100629 0.0390625
0 0.6666666666666666 0.30078125 0.06289308176100629 0.0390625
0 0.6666666666666666 0.3046875 0.06289308176100629 0.0390625
0 0.8867924528301887 0.5078125 0.06289308176100629 0.0390625
0 0.6477987421383647 0.64453125 0.06289308176100629 0.0390625
0 0.6540880503144654 0.64453125 0.06289308176100629 0.0390625
0 0.7232704402515723 0.64453125 0.06289308176100629 0.0390625
0 0.7295597484276729 0.64453125 0.06289308176100629 0.0390625
0 0.5849056603773585 0.6484375 0.06289308176100629 0.0390625
0 0.6477987421383647 0.6484375 0.06289308176100629 0.0390625
0 0.6540880503144654 0.6484375 0.06289308176100629 0.0390625
0 0.9433962264150944 0.6484375 0.06289308176100629 0.0390625
0 0.9433962264150944 0.65234375 0.06289308176100629 0.0390625
0 0.5723270440251572 0.67578125 0.06289308176100629 0.0390625
0 0.7358490566037735 0.74609375 0.06289308176100629 0.0390625
0 0.7358490566037735 0.75 0.06289308176100629 0.0390625
0 0.7987421383647799 0.75 0.06289308176100629 0.0390625
0 0.8050314465408805 0.75 0.06289308176100629 0.0390625
0 0.89937106918239 0.75 0.06289308176100629 0.0390625
0 0.9748427672955975 0.75 0.06289308176100629 0.0390625
0 0.9811320754716981 0.75 0.06289308176100629 0.0390625
0 0.9748427672955975 0.75390625 0.06289308176100629 0.0390625
0 0.9811320754716981 0.75390625 0.06289308176100629 0.0390625
0 0.3584905660377358 0.92578125 0.06289308176100629 0.0390625
0 0.3584905660377358 0.9296875 0.06289308176100629 0.0390625
0 0.20125786163522014 0.9453125 0.06289308176100629 0.0390625
0 0.3522012578616352 0.9921875 0.06289308176100629 0.0390625
0 0.3584905660377358 0.9921875 0.06289308176100629 0.0390625
