0 0.6484375 0.00390625 0.0390625 0.0390625
0 0.65234375 0.00390625 0.0390625 0.0390625
0 0.05078125 0.5546875 0.0390625 0.0390625
0 0.09375 0.5546875 0.0390625 0.0390625
0 0.09765625 0.5546875 0.0390625 0.0390625
0 0.09375 0.55859375 0.0390625 0.0390625
0 0.09765625 0.55859375 0.0390625 0.0390625
0 0.04296875 0.640625 0.0390625 0.0390625
0 0.046875 0.640625 0.0390625 0.0390625
0 0.04296875 0.64453125 0.0390625 0.0390625
0 0.046875 0.64453125 0.0390625 0.0390625
0 0.98828125 0.65625 0.0390625 0.0390625
0 0.98828125 0.66015625 0.0390625 0.0390625
0 0.0390625 0.6640625 0.0390625 0.0390625
0 0.04296875 0.6640625 0.0390625 0.0390625
0 0.08984375 0.6875 0.0390625 0.0390625
0 0.09375 0.6875 0.0390625 0.0390625
0 0.08984375 0.69140625 0.0390625 0.0390625
0 0.09375 0.69140625 0.0390625 0.0390625
0 0.34765625 0.734375 0.0390625 0.0390625
0 0.0390625 0.80859375 0.0390625 0.0390625
0 0.04296875 0.80859375 0.0390625 0.0390625
0 0.83984375 0.90234375 0.0390625 0.0390625
0 0.84375 0.90234375 0.0390625 0.0390625
0 0.04296875 0.91015625 0.0390625 0.0390625
0 0.04296875 0.96875 0.0390625 0.0390625
0 0.046875 0.96875 0.0390625 0.0390625
0 0.04296875 0.97265625 0.0390625 0.0390625
0 0.046875 0.97265625 0.0390625 0.0390625
