0 0.6640625 0.00390625 0.0390625 0.0390625
0 0.66796875 0.00390625 0.0390625 0.0390625
0 0.52734375 0.0078125 0.0390625 0.0390625
0 0.6640625 0.0078125 0.0390625 0.0390625
0 0.66796875 0.0078125 0.0390625 0.0390625
0 0.28125 0.01171875 0.0390625 0.0390625
0 0.3984375 0.01171875 0.0390625 0.0390625
0 0.1640625 0.015625 0.0390625 0.0390625
0 0.57421875 0.0234375 0.0390625 0.0390625
0 0.578125 0.0234375 0.0390625 0.0390625
0 0.3984375 0.03125 0.0390625 0.0390625
0 0.52734375 0.03125 0.0390625 0.0390625
0 0.28515625 0.04296875 0.0390625 0.0390625
0 0.52734375 0.05078125 0.0390625 0.0390625
0 0.66796875 0.05859375 0.0390625 0.0390625
0 0.66796875 0.0625 0.0390625 0.0390625
0 0.2890625 0.0703125 0.0390625 0.0390625
0 0.3984375 0.08984375 0.0390625 0.0390625
0 0.40234375 0.08984375 0.0390625 0.0390625
0 0.24609375 0.09375 0.0390625 0.0390625
0 0.25 0.09375 0.0390625 0.0390625
0 0.28125 0.1328125 0.0390625 0.0390625
0 0.28125 0.13671875 0.0390625 0.0390625
0 0.27734375 0.16015625 0.0390625 0.0390625
0 0.23828125 0.1875 0.0390625 0.0390625
0 0.08984375 0.4296875 0.0390625 0.0390625
0 0.08984375 0.43359375 0.0390625 0.0390625
0 0.08984375 0.48828125 0.0390625 0.0390625
0 0.0859375 0.64453125 0.0390625 0.0390625
0 0.5 0.65625 0.0390625 0.0390625
0 0.5 0.66015625 0.0390625 0.0390625
0 0.078125 0.72265625 0.0390625 0.0390625
0 0.578125 0.734375 0.0390625 0.0390625
0 0.58203125 0.734375 0.0390625 0.0390625
0 0.98046875 0.76953125 0.0390625 0.0390625
0 0.98046875 0.7734375 0.0390625 0.0390625
0 0.55859375 0.80078125 0.0390625 0.0390625
0 0.3203125 0.8515625 0.0390625 0.0390625
0 0.69921875 0.8515625 0.0390625 0.0390625
0 0.69921875 0.85546875 0.0390625 0.0390625
0 0.7578125 0.85546875 0.0390625 0.0390625
0 0.609375 0.859375 0.0390625 0.0390625
0 0.7578125 0.859375 0.0390625 0.0390625
0 0.8671875 0.859375 0.0390625 0.0390625
0 0.8671875 0.86328125 0.0390625 0.0390625
0 0.88671875 0.86328125 0.0390625 0.0390625
0 0.890625 0.86328125 0.0390625 0.0390625
0 0.2578125 0.87890625 0.0390625 0.0390625
0 0.26171875 0.87890625 0.0390625 0.0390625
0 0.265625 0.8984375 0.0390625 0.0390625
0 0.265625 0.921875 0.0390625 0.0390625
0 0.49609375 0.921875 0.0390625 0.0390625
0 0.5 0.921875 0.0390625 0.0390625
0 0.55078125 0.921875 0.0390625 0.0390625
0 0.65625 0.94140625 0.0390625 0.0390625
0 0.5 0.9765625 0.0390625 0.0390625
0 0.50390625 0.9765625 0.0390625 0.0390625
0 0.57421875 0.9765625 0.0390625 0.0390625
