0 0.51171875 0.0 0.0390625 0.0390625
0 0.74609375 0.00390625 0.0390625 0.0390625
0 0.61328125 0.01171875 0.0390625 0.0390625
0 0.65234375 0.13671875 0.0390625 0.0390625
0 0.7890625 0.14453125 0.0390625 0.0390625
0 0.99609375 0.14453125 0.0390625 0.0390625
0 0.7890625 0.1484375 0.0390625 0.0390625
0 0.61328125 0.17578125 0.0390625 0.0390625
0 0.59375 0.1796875 0.0390625 0.0390625
0 0.88671875 0.18359375 0.0390625 0.0390625
0 0.5390625 0.1953125 0.0390625 0.0390625
0 0.54296875 0.1953125 0.0390625 0.0390625
0 0.66796875 0.25 0.0390625 0.0390625
0 0.66015625 0.4921875 0.0390625 0.0390625
0 0.8359375 0.4921875 0.0390625 0.0390625
0 0.87890625 0.4921875 0.0390625 0.0390625
0 0.921875 0.4921875 0.0390625 0.0390625
0 0.9765625 0.4921875 0.0390625 0.0390625
0 0.765625 0.49609375 0.0390625 0.0390625
0 0.87890625 0.49609375 0.0390625 0.0390625
0 0.09375 0.51953125 0.0390625 0.0390625
0 0.09765625 0.51953125 0.0390625 0.0390625
0 0.0390625 0.5234375 0.0390625 0.0390625
0 0.09375 0.5234375 0.0390625 0.0390625
0 0.09765625 0.5234375 0.0390625 0.0390625
0 0.07421875 0.55078125 0.0390625 0.0390625
0 0.25 0.78515625 0.0390625 0.0390625
0 0.25390625 0.78515625 0.0390625 0.0390625
0 0.25390625 0.83203125 0.0390625 0.0390625
0 0.25390625 0.8359375 0.0390625 0.0390625
0 0.25 0.85546875 0.0390625 0.0390625
0 0.25390625 0.85546875 0.0390625 0.0390625
0 0.25 0.859375 0.0390625 0.0390625
0 0.25390625 0.859375 0.0390625 0.0390625
0 0.25390625 0.875 0.0390625 0.0390625
0 0.25390625 0.89453125 0.0390625 0.0390625
0 0.25 0.91796875 0.0390625 0.0390625
