0 0.0234375 0.0078125 0.0390625 0.0390625
0 0.02734375 0.0078125 0.0390625 0.0390625
0 0.06640625 0.01171875 0.0390625 0.0390625
0 0.31640625 0.01171875 0.0390625 0.0390625
0 0.83984375 0.01953125 0.0390625 0.0390625
0 0.84375 0.01953125 0.0390625 0.0390625
0 0.96875 0.01953125 0.0390625 0.0390625
0 0.875 0.07421875 0.0390625 0.0390625
0 0.796875 0.29296875 0.0390625 0.0390625
0 0.80078125 0.29296875 0.0390625 0.0390625
0 0.796875 0.296875 0.0390625 0.0390625
0 0.80078125 0.296875 0.0390625 0.0390625
0 0.01953125 0.30859375 0.0390625 0.0390625
0 0.75 0.375 0.0390625 0.0390625
0 0.75 0.37890625 0.0390625 0.0390625
0 0.13671875 0.3984375 0.0390625 0.0390625
0 0.140625 0.3984375 0.0390625 0.0390625
0 0.20703125 0.4140625 0.0390625 0.0390625
0 0.2109375 0.4140625 0.0390625 0.0390625
0 0.37890625 0.44140625 0.0390625 0.0390625
0 0.52734375 0.44140625 0.0390625 0.0390625
0 0.20703125 0.4453125 0.0390625 0.0390625
0 0.37890625 0.4453125 0.0390625 0.0390625
0 0.04296875 0.45703125 0.0390625 0.0390625
0 0.046875 0.45703125 0.0390625 0.0390625
0 0.140625 0.4609375 0.0390625 0.0390625
0 0.5390625 0.46875 0.0390625 0.0390625
0 0.2109375 0.4765625 0.0390625 0.0390625
0 0.21484375 0.4765625 0.0390625 0.0390625
0 0.04296875 0.48046875 0.0390625 0.0390625
0 0.046875 0.48046875 0.0390625 0.0390625
0 0.0390625 0.5 0.0390625 0.0390625
0 0.04296875 0.5 0.0390625 0.0390625
0 0.53515625 0.5 0.0390625 0.0390625
0 0.53515625 0.50390625 0.0390625 0.0390625
0 0.20703125 0.5078125 0.0390625 0.0390625
0 0.04296875 0.5234375 0.0390625 0.0390625
0 0.046875 0.5234375 0.0390625 0.0390625
0 0.53515625 0.52734375 0.0390625 0.0390625
0 0.20703125 0.53515625 0.0390625 0.0390625
0 0.2109375 0.53515625 0.0390625 0.0390625
0 0.20703125 0.5390625 0.0390625 0.0390625
0 0.2109375 0.5390625 0.0390625 0.0390625
0 0.5390625 0.55078125 0.0390625 0.0390625
0 0.04296875 0.56640625 0.0390625 0.0390625
0 0.23828125 0.56640625 0.0390625 0.0390625
0 0.04296875 0.5703125 0.0390625 0.0390625
0 0.54296875 0.57421875 0.0390625 0.0390625
0 0.20703125 0.59765625 0.0390625 0.0390625
0 0.30859375 0.6015625 0.0390625 0.0390625
0 0.3125 0.62109375 0.0390625 0.0390625
0 0.37890625 0.62109375 0.0390625 0.0390625
0 0.37890625 0.625 0.0390625 0.0390625
0 0.140625 0.62890625 0.0390625 0.0390625
0 0.203125 0.6328125 0.0390625 0.0390625
0 0.20703125 0.6328125 0.0390625 0.0390625
0 0.3125 0.64453125 0.0390625 0.0390625
0 0.3125 0.6484375 0.0390625 0.0390625
0 0.0390625 0.65625 0.0390625 0.0390625
0 0.04296875 0.65625 0.0390625 0.0390625
0 0.21484375 0.65625 0.0390625 0.0390625
0 0.31640625 0.66796875 0.0390625 0.0390625
0 0.375 0.671875 0.0390625 0.0390625
0 0.1328125 0.6953125 0.0390625 0.0390625
0 0.13671875 0.6953125 0.0390625 0.0390625
0 0.1328125 0.71875 0.0390625 0.0390625
0 0.13671875 0.71875 0.0390625 0.0390625
0 0.44921875 0.7265625 0.0390625 0.0390625
0 0.453125 0.7265625 0.0390625 0.0390625
0 0.046875 0.76953125 0.0390625 0.0390625
0 0.05078125 0.76953125 0.0390625 0.0390625
0 0.35546875 0.80078125 0.0390625 0.0390625
0 0.359375 0.80078125 0.0390625 0.0390625
0 0.35546875 0.8046875 0.0390625 0.0390625
0 0.359375 0.8046875 0.0390625 0.0390625
0 0.52734375 0.828125 0.0390625 0.0390625
0 0.53125 0.828125 0.0390625 0.0390625
0 0.7890625 0.84765625 0.0390625 0.0390625
0 0.79296875 0.84765625 0.0390625 0.0390625
0 0.7890625 0.8515625 0.0390625 0.0390625
0 0.79296875 0.8515625 0.0390625 0.0390625
0 0.97265625 0.8515625 0.0390625 0.0390625
0 0.9765625 0.8515625 0.0390625 0.0390625
0 0.78515625 0.875 0.0390625 0.0390625
0 0.7890625 0.875 0.0390625 0.0390625
0 0.7890625 0.89453125 0.0390625 0.0390625
0 0.67578125 0.9140625 0.0390625 0.0390625
0 0.6171875 0.91796875 0.0390625 0.0390625
0 0.6171875 0.921875 0.0390625 0.0390625
0 0.0390625 0.92578125 0.0390625 0.0390625
0 0.6796875 0.97265625 0.0390625 0.0390625
0 0.1328125 0.9921875 0.0390625 0.0390625
0 0.1328125 0.99609375 0.0390625 0.0390625
