0 0.234375 0.01953125 0.0390625 0.0390625
0 0.33984375 0.0234375 0.0390625 0.0390625
0 0.38671875 0.0234375 0.0390625 0.0390625
0 0.234375 0.04296875 0.0390625 0.0390625
0 0.34375 0.04296875 0.0390625 0.0390625
0 0.34765625 0.04296875 0.0390625 0.0390625
0 0.3828125 0.046875 0.0390625 0.0390625
0 0.38671875 0.046875 0.0390625 0.0390625
0 0.234375 0.0625 0.0390625 0.0390625
0 0.33984375 0.06640625 0.0390625 0.0390625
0 0.3828125 0.06640625 0.0390625 0.0390625
0 0.3828125 0.0703125 0.0390625 0.0390625
0 0.05859375 0.08203125 0.0390625 0.0390625
0 0.2265625 0.08203125 0.0390625 0.0390625
0 0.23046875 0.08203125 0.0390625 0.0390625
0 0.4921875 0.08203125 0.0390625 0.0390625
0 0.0 0.0859375 0.0390625 0.0390625
0 0.01953125 0.0859375 0.0390625 0.0390625
0 0.0234375 0.0859375 0.0390625 0.0390625
0 0.0390625 0.0859375 0.0390625 0.0390625
0 0.04296875 0.0859375 0.0390625 0.0390625
0 0.08203125 0.0859375 0.0390625 0.0390625
0 0.12109375 0.0859375 0.0390625 0.0390625
0 0.01953125 0.08984375 0.0390625 0.0390625
0 0.0234375 0.08984375 0.0390625 0.0390625
0 0.0390625 0.08984375 0.0390625 0.0390625
0 0.04296875 0.08984375 0.0390625 0.0390625
0 0.09765625 0.08984375 0.0390625 0.0390625
0 0.1015625 0.08984375 0.0390625 0.0390625
0 0.33984375 0.08984375 0.0390625 0.0390625
0 0.3828125 0.08984375 0.0390625 0.0390625
0 0.23046875 0.1015625 0.0390625 0.0390625
0 0.4921875 0.1015625 0.0390625 0.0390625
0 0.23046875 0.10546875 0.0390625 0.0390625
0 0.4921875 0.10546875 0.0390625 0.0390625
0 0.33984375 0.109375 0.0390625 0.0390625
0 0.38671875 0.109375 0.0390625 0.0390625
0 0.23046875 0.125 0.0390625 0.0390625
0 0.5 0.125 0.0390625 0.0390625
0 0.34375 0.1328125 0.0390625 0.0390625
0 0.38671875 0.1328125 0.0390625 0.0390625
0 0.38671875 0.13671875 0.0390625 0.0390625
0 0.2265625 0.14453125 0.0390625 0.0390625
0 0.23046875 0.14453125 0.0390625 0.0390625
0 0.2265625 0.1484375 0.0390625 0.0390625
0 0.23046875 0.1484375 0.0390625 0.0390625
0 0.49609375 0.1484375 0.0390625 0.0390625
0 0.23046875 0.1640625 0.0390625 0.0390625
0 0.234375 0.1640625 0.0390625 0.0390625
0 0.46484375 0.20703125 0.0390625 0.0390625
0 0.484375 0.20703125 0.0390625 0.0390625
0 0.50390625 0.20703125 0.0390625 0.0390625
0 0.5078125 0.20703125 0.0390625 0.0390625
0 0.484375 0.2109375 0.0390625 0.0390625
0 0.421875 0.22265625 0.0390625 0.0390625
0 0.421875 0.2265625 0.0390625 0.0390625
0 0.43359375 0.36328125 0.0390625 0.0390625
0 0.4921875 0.36328125 0.0390625 0.0390625
0 0.4921875 0.3671875 0.0390625 0.0390625
0 0.52734375 0.40234375 0.0390625 0.0390625
0 0.53125 0.40234375 0.0390625 0.0390625
0 0.3359375 0.421875 0.0390625 0.0390625
0 0.37109375 0.453125 0.0390625 0.0390625
0 0.2578125 0.48828125 0.0390625 0.0390625
0 0.2578125 0.4921875 0.0390625 0.0390625
0 0.375 0.49609375 0.0390625 0.0390625
0 0.375 0.51953125 0.0390625 0.0390625
0 0.2578125 0.546875 0.0390625 0.0390625
0 0.29296875 0.546875 0.0390625 0.0390625
0 0.37890625 0.5546875 0.0390625 0.0390625
0 0.25390625 0.5703125 0.0390625 0.0390625
0 0.25390625 0.57421875 0.0390625 0.0390625
0 0.2890625 0.57421875 0.0390625 0.0390625
0 0.25390625 0.59765625 0.0390625 0.0390625
0 0.2890625 0.59765625 0.0390625 0.0390625
0 0.2578125 0.62109375 0.0390625 0.0390625
0 0.2890625 0.62109375 0.0390625 0.0390625
0 0.29296875 0.62109375 0.0390625 0.0390625
0 0.2578125 0.640625 0.0390625 0.0390625
0 0.26171875 0.640625 0.0390625 0.0390625
0 0.29296875 0.640625 0.0390625 0.0390625
0 0.29296875 0.64453125 0.0390625 0.0390625
0 0.0234375 0.6484375 0.0390625 0.0390625
0 0.0625 0.6484375 0.0390625 0.0390625
0 0.49609375 0.6484375 0.0390625 0.0390625
0 0.5 0.6484375 0.0390625 0.0390625
0 0.515625 0.6484375 0.0390625 0.0390625
0 0.7109375 0.6484375 0.0390625 0.0390625
0 0.49609375 0.65234375 0.0390625 0.0390625
0 0.5 0.65234375 0.0390625 0.0390625
0 0.58203125 0.65234375 0.0390625 0.0390625
0 0.62109375 0.65234375 0.0390625 0.0390625
0 0.64453125 0.65234375 0.0390625 0.0390625
0 0.59765625 0.65625 0.0390625 0.0390625
0 0.6640625 0.65625 0.0390625 0.0390625
0 0.59765625 0.66015625 0.0390625 0.0390625
0 0.29296875 0.6640625 0.0390625 0.0390625
0 0.78125 0.66796875 0.0390625 0.0390625
0 0.78125 0.671875 0.0390625 0.0390625
0 0.29296875 0.6875 0.0390625 0.0390625
0 0.296875 0.6875 0.0390625 0.0390625
0 0.37109375 0.6875 0.0390625 0.0390625
0 0.78125 0.69140625 0.0390625 0.0390625
0 0.78515625 0.69140625 0.0390625 0.0390625
0 0.2578125 0.7109375 0.0390625 0.0390625
0 0.26171875 0.7109375 0.0390625 0.0390625
0 0.7734375 0.7109375 0.0390625 0.0390625
0 0.77734375 0.7109375 0.0390625 0.0390625
0 0.2578125 0.71484375 0.0390625 0.0390625
0 0.26171875 0.71484375 0.0390625 0.0390625
0 0.2890625 0.71484375 0.0390625 0.0390625
0 0.7734375 0.71484375 0.0390625 0.0390625
0 0.77734375 0.71484375 0.0390625 0.0390625
0 0.2578125 0.734375 0.0390625 0.0390625
0 0.29296875 0.734375 0.0390625 0.0390625
0 0.2578125 0.73828125 0.0390625 0.0390625
0 0.26171875 0.75390625 0.0390625 0.0390625
0 0.265625 0.75390625 0.0390625 0.0390625
0 0.2890625 0.7578125 0.0390625 0.0390625
0 0.44921875 0.7578125 0.0390625 0.0390625
0 0.2890625 0.76171875 0.0390625 0.0390625
0 0.44921875 0.76171875 0.0390625 0.0390625
0 0.5546875 0.76171875 0.0390625 0.0390625
0 0.55859375 0.76171875 0.0390625 0.0390625
0 0.4921875 0.765625 0.0390625 0.0390625
0 0.515625 0.765625 0.0390625 0.0390625
0 0.51953125 0.765625 0.0390625 0.0390625
0 0.5546875 0.765625 0.0390625 0.0390625
0 0.55859375 0.765625 0.0390625 0.0390625
0 0.703125 0.765625 0.0390625 0.0390625
0 0.70703125 0.765625 0.0390625 0.0390625
0 0.7265625 0.765625 0.0390625 0.0390625
0 0.7265625 0.76953125 0.0390625 0.0390625
0 0.2578125 0.78515625 0.0390625 0.0390625
0 0.29296875 0.78515625 0.0390625 0.0390625
0 0.375 0.78515625 0.0390625 0.0390625
0 0.296875 0.8046875 0.0390625 0.0390625
0 0.30078125 0.8046875 0.0390625 0.0390625
0 0.25390625 0.80859375 0.0390625 0.0390625
0 0.2578125 0.80859375 0.0390625 0.0390625
0 0.421875 0.82421875 0.0390625 0.0390625
0 0.29296875 0.83203125 0.0390625 0.0390625
0 0.296875 0.83203125 0.0390625 0.0390625
0 0.64453125 0.83203125 0.0390625 0.0390625
0 0.25 0.8359375 0.0390625 0.0390625
0 0.5625 0.8359375 0.0390625 0.0390625
0 0.64453125 0.8359375 0.0390625 0.0390625
0 0.25 0.83984375 0.0390625 0.0390625
0 0.37109375 0.83984375 0.0390625 0.0390625
0 0.4140625 0.84765625 0.0390625 0.0390625
0 0.41796875 0.84765625 0.0390625 0.0390625
0 0.26171875 0.8515625 0.0390625 0.0390625
0 0.26171875 0.85546875 0.0390625 0.0390625
0 0.296875 0.85546875 0.0390625 0.0390625
0 0.3671875 0.859375 0.0390625 0.0390625
0 0.2890625 0.87890625 0.0390625 0.0390625
0 0.37109375 0.87890625 0.0390625 0.0390625
0 0.375 0.87890625 0.0390625 0.0390625
0 0.25 0.8828125 0.0390625 0.0390625
0 0.25390625 0.8828125 0.0390625 0.0390625
0 0.2890625 0.8828125 0.0390625 0.0390625
0 0.25390625 0.90234375 0.0390625 0.0390625
0 0.29296875 0.90234375 0.0390625 0.0390625
0 0.29296875 0.90625 0.0390625 0.0390625
0 0.51171875 0.91015625 0.0390625 0.0390625
0 0.515625 0.91015625 0.0390625 0.0390625
0 0.375 0.91796875 0.0390625 0.0390625
0 0.2578125 0.92578125 0.0390625 0.0390625
0 0.2890625 0.9296875 0.0390625 0.0390625
0 0.421875 0.9296875 0.0390625 0.0390625
0 0.421875 0.93359375 0.0390625 0.0390625
0 0.25390625 0.953125 0.0390625 0.0390625
0 0.2578125 0.953125 0.0390625 0.0390625
0 0.2890625 0.953125 0.0390625 0.0390625
0 0.37109375 0.953125 0.0390625 0.0390625
0 0.9453125 0.953125 0.0390625 0.0390625
0 0.9453125 0.95703125 0.0390625 0.0390625
0 0.25 0.97265625 0.0390625 0.0390625
0 0.25 0.9765625 0.0390625 0.0390625
0 0.28515625 0.9765625 0.0390625 0.0390625
0 0.2890625 0.9765625 0.0390625 0.0390625
0 0.25 0.99609375 0.0390625 0.0390625
0 0.25390625 0.99609375 0.0390625 0.0390625
0 0.29296875 0.99609375 0.0390625 0.0390625
