0 0.38671875 0.03515625 0.0390625 0.0390625
0 0.390625 0.03515625 0.0390625 0.0390625
0 0.109375 0.0546875 0.0390625 0.0390625
0 0.11328125 0.0546875 0.0390625 0.0390625
0 0.0390625 0.05859375 0.0390625 0.0390625
0 0.0625 0.05859375 0.0390625 0.0390625
0 0.06640625 0.05859375 0.0390625 0.0390625
0 0.0859375 0.05859375 0.0390625 0.0390625
0 0.08984375 0.05859375 0.0390625 0.0390625
0 0.13671875 0.05859375 0.0390625 0.0390625
0 0.38671875 0.0859375 0.0390625 0.0390625
0 0.41796875 0.0859375 0.0390625 0.0390625
0 0.421875 0.0859375 0.0390625 0.0390625
0 0.13671875 0.08984375 0.0390625 0.0390625
0 0.140625 0.08984375 0.0390625 0.0390625
0 0.41796875 0.08984375 0.0390625 0.0390625
0 0.421875 0.08984375 0.0390625 0.0390625
0 0.08984375 0.09375 0.0390625 0.0390625
0 0.11328125 0.09375 0.0390625 0.0390625
0 0.13671875 0.09375 0.0390625 0.0390625
0 0.140625 0.09375 0.0390625 0.0390625
0 0.234375 0.09375 0.0390625 0.0390625
0 0.23828125 0.09375 0.0390625 0.0390625
0 0.234375 0.11328125 0.0390625 0.0390625
0 0.23828125 0.11328125 0.0390625 0.0390625
0 0.234375 0.1171875 0.0390625 0.0390625
0 0.23828125 0.1171875 0.0390625 0.0390625
0 0.23828125 0.12890625 0.0390625 0.0390625
0 0.41796875 0.14453125 0.0390625 0.0390625
0 0.23828125 0.15625 0.0390625 0.0390625
0 0.13671875 0.1796875 0.0390625 0.0390625
0 0.09375 0.18359375 0.0390625 0.0390625
0 0.1171875 0.18359375 0.0390625 0.0390625
0 0.13671875 0.18359375 0.0390625 0.0390625
0 0.16015625 0.18359375 0.0390625 0.0390625
0 0.1640625 0.18359375 0.0390625 0.0390625
0 0.18359375 0.18359375 0.0390625 0.0390625
0 0.1875 0.18359375 0.0390625 0.0390625
0 0.1171875 0.1875 0.0390625 0.0390625
0 0.16015625 0.1875 0.0390625 0.0390625
0 0.1640625 0.1875 0.0390625 0.0390625
0 0.18359375 0.1875 0.0390625 0.0390625
0 0.1875 0.1875 0.0390625 0.0390625
0 0.41796875 0.1953125 0.0390625 0.0390625
0 0.35546875 0.19921875 0.0390625 0.0390625
0 0.41796875 0.19921875 0.0390625 0.0390625
0 0.328125 0.203125 0.0390625 0.0390625
0 0.58984375 0.30859375 0.0390625 0.0390625
0 0.59375 0.30859375 0.0390625 0.0390625
0 0.58984375 0.3125 0.0390625 0.0390625
0 0.59375 0.3125 0.0390625 0.0390625
0 0.7578125 0.31640625 0.0390625 0.0390625
0 0.7578125 0.3203125 0.0390625 0.0390625
0 0.61328125 0.390625 0.0390625 0.0390625
0 0.61328125 0.39453125 0.0390625 0.0390625
0 0.20703125 0.41015625 0.0390625 0.0390625
0 0.2109375 0.41015625 0.0390625 0.0390625
0 0.20703125 0.4140625 0.0390625 0.0390625
0 0.2109375 0.4140625 0.0390625 0.0390625
0 0.01171875 0.4609375 0.0390625 0.0390625
0 0.015625 0.4609375 0.0390625 0.0390625
0 0.30859375 0.73046875 0.0390625 0.0390625
0 0.11328125 0.734375 0.0390625 0.0390625
0 0.30859375 0.734375 0.0390625 0.0390625
0 0.1328125 0.73828125 0.0390625 0.0390625
0 0.15625 0.73828125 0.0390625 0.0390625
0 0.19921875 0.73828125 0.0390625 0.0390625
0 0.203125 0.73828125 0.0390625 0.0390625
0 0.21875 0.73828125 0.0390625 0.0390625
0 0.19921875 0.7421875 0.0390625 0.0390625
0 0.203125 0.7421875 0.0390625 0.0390625
0 0.1640625 0.8515625 0.0390625 0.0390625
0 0.22265625 0.8515625 0.0390625 0.0390625
0 0.07421875 0.85546875 0.0390625 0.0390625
0 0.078125 0.85546875 0.0390625 0.0390625
0 0.18359375 0.85546875 0.0390625 0.0390625
0 0.1875 0.85546875 0.0390625 0.0390625
0 0.22265625 0.85546875 0.0390625 0.0390625
0 0.609375 0.859375 0.0390625 0.0390625
0 0.61328125 0.859375 0.0390625 0.0390625
0 0.6328125 0.859375 0.0390625 0.0390625
0 0.63671875 0.859375 0.0390625 0.0390625
0 0.6328125 0.86328125 0.0390625 0.0390625
0 0.63671875 0.86328125 0.0390625 0.0390625
0 0.68359375 0.890625 0.0390625 0.0390625
0 0.30859375 0.89453125 0.0390625 0.0390625
0 0.68359375 0.89453125 0.0390625 0.0390625
0 0.8671875 0.90234375 0.0390625 0.0390625
0 0.7578125 0.9140625 0.0390625 0.0390625
0 0.76171875 0.9140625 0.0390625 0.0390625
0 0.30859375 0.94140625 0.0390625 0.0390625
0 0.3125 0.984375 0.0390625 0.0390625
0 0.96875 0.9921875 0.0390625 0.0390625
0 0.83984375 0.99609375 0.0390625 0.0390625
0 0.84375 0.99609375 0.0390625 0.0390625
0 0.96875 0.99609375 0.0390625 0.0390625
0 0.9921875 0.99609375 0.0390625 0.0390625
