0 0.3125 0.03125 0.0390625 0.0390625
0 0.31640625 0.03125 0.0390625 0.0390625
0 0.38671875 0.03125 0.0390625 0.0390625
0 0.1015625 0.03515625 0.0390625 0.0390625
0 0.10546875 0.03515625 0.0390625 0.0390625
0 0.2578125 0.03515625 0.0390625 0.0390625
0 0.3125 0.03515625 0.0390625 0.0390625
0 0.31640625 0.03515625 0.0390625 0.0390625
0 0.38671875 0.03515625 0.0390625 0.0390625
0 0.421875 0.03515625 0.0390625 0.0390625
0 0.4453125 0.03515625 0.0390625 0.0390625
0 0.44921875 0.03515625 0.0390625 0.0390625
0 0.46875 0.03515625 0.0390625 0.0390625
0 0.53125 0.03515625 0.0390625 0.0390625
0 0.53515625 0.03515625 0.0390625 0.0390625
0 0.1015625 0.0390625 0.0390625 0.0390625
0 0.10546875 0.0390625 0.0390625 0.0390625
0 0.2578125 0.0390625 0.0390625 0.0390625
0 0.359375 0.0390625 0.0390625 0.0390625
0 0.5078125 0.0390625 0.0390625 0.0390625
0 0.53125 0.0390625 0.0390625 0.0390625
0 0.53515625 0.0390625 0.0390625 0.0390625
0 0.55078125 0.0390625 0.0390625 0.0390625
0 0.6171875 0.0390625 0.0390625 0.0390625
0 0.5078125 0.04296875 0.0390625 0.0390625
0 0.55078125 0.04296875 0.0390625 0.0390625
0 0.98046875 0.1171875 0.0390625 0.0390625
0 0.94140625 0.13671875 0.0390625 0.0390625
0 0.453125 0.140625 0.0390625 0.0390625
0 0.43359375 0.14453125 0.0390625 0.0390625
0 0.453125 0.14453125 0.0390625 0.0390625
0 0.47265625 0.14453125 0.0390625 0.0390625
0 0.4765625 0.14453125 0.0390625 0.0390625
0 0.51953125 0.1484375 0.0390625 0.0390625
0 0.92578125 0.17578125 0.0390625 0.0390625
0 0.9296875 0.17578125 0.0390625 0.0390625
0 0.92578125 0.1796875 0.0390625 0.0390625
0 0.9296875 0.1796875 0.0390625 0.0390625
0 0.94140625 0.19140625 0.0390625 0.0390625
0 0.94140625 0.1953125 0.0390625 0.0390625
0 0.953125 0.2109375 0.0390625 0.0390625
0 0.953125 0.23828125 0.0390625 0.0390625
0 0.95703125 0.23828125 0.0390625 0.0390625
0 0.98828125 0.25390625 0.0390625 0.0390625
0 0.98828125 0.2578125 0.0390625 0.0390625
0 0.73046875 0.3203125 0.0390625 0.0390625
0 0.80859375 0.3203125 0.0390625 0.0390625
0 0.84765625 0.3203125 0.0390625 0.0390625
0 0.87109375 0.3203125 0.0390625 0.0390625
0 0.80859375 0.32421875 0.0390625 0.0390625
0 0.83203125 0.32421875 0.0390625 0.0390625
0 0.96875 0.32421875 0.0390625 0.0390625
0 0.97265625 0.32421875 0.0390625 0.0390625
0 0.9921875 0.32421875 0.0390625 0.0390625
0 0.96875 0.328125 0.0390625 0.0390625
0 0.97265625 0.328125 0.0390625 0.0390625
0 0.9921875 0.328125 0.0390625 0.0390625
0 0.8125 0.43359375 0.0390625 0.0390625
0 0.9765625 0.46484375 0.0390625 0.0390625
0 0.98046875 0.46484375 0.0390625 0.0390625
0 0.734375 0.46875 0.0390625 0.0390625
0 0.734375 0.47265625 0.0390625 0.0390625
0 0.6015625 0.5 0.0390625 0.0390625
0 0.6015625 0.50390625 0.0390625 0.0390625
0 0.296875 0.5078125 0.0390625 0.0390625
0 0.8671875 0.5078125 0.0390625 0.0390625
0 0.734375 0.515625 0.0390625 0.0390625
0 0.5 0.51953125 0.0390625 0.0390625
0 0.51953125 0.51953125 0.0390625 0.0390625
0 0.59765625 0.51953125 0.0390625 0.0390625
0 0.4609375 0.5234375 0.0390625 0.0390625
0 0.48046875 0.5234375 0.0390625 0.0390625
0 0.5390625 0.5234375 0.0390625 0.0390625
0 0.5546875 0.5234375 0.0390625 0.0390625
0 0.55859375 0.5234375 0.0390625 0.0390625
0 0.59765625 0.5234375 0.0390625 0.0390625
0 0.59765625 0.546875 0.0390625 0.0390625
0 0.98828125 0.5546875 0.0390625 0.0390625
0 0.59765625 0.56640625 0.0390625 0.0390625
0 0.9765625 0.57421875 0.0390625 0.0390625
0 0.97265625 0.6171875 0.0390625 0.0390625
0 0.98046875 0.63671875 0.0390625 0.0390625
0 0.98046875 0.65625 0.0390625 0.0390625
0 0.98046875 0.66015625 0.0390625 0.0390625
0 0.1796875 0.6953125 0.0390625 0.0390625
0 0.13671875 0.69921875 0.0390625 0.0390625
0 0.140625 0.69921875 0.0390625 0.0390625
0 0.16015625 0.69921875 0.0390625 0.0390625
0 0.1796875 0.69921875 0.0390625 0.0390625
0 0.2890625 0.69921875 0.0390625 0.0390625
0 0.375 0.69921875 0.0390625 0.0390625
0 0.37890625 0.69921875 0.0390625 0.0390625
0 0.4609375 0.69921875 0.0390625 0.0390625
0 0.07421875 0.703125 0.0390625 0.0390625
0 0.11328125 0.703125 0.0390625 0.0390625
0 0.1171875 0.703125 0.0390625 0.0390625
0 0.13671875 0.703125 0.0390625 0.0390625
0 0.140625 0.703125 0.0390625 0.0390625
0 0.265625 0.703125 0.0390625 0.0390625
0 0.26953125 0.703125 0.0390625 0.0390625
0 0.2890625 0.703125 0.0390625 0.0390625
0 0.33203125 0.703125 0.0390625 0.0390625
0 0.44140625 0.703125 0.0390625 0.0390625
0 0.4609375 0.703125 0.0390625 0.0390625
0 0.53125 0.703125 0.0390625 0.0390625
0 0.265625 0.70703125 0.0390625 0.0390625
0 0.26953125 0.70703125 0.0390625 0.0390625
0 0.44140625 0.70703125 0.0390625 0.0390625
0 0.48828125 0.70703125 0.0390625 0.0390625
0 0.51171875 0.70703125 0.0390625 0.0390625
0 0.828125 0.7109375 0.0390625 0.0390625
0 0.83203125 0.7109375 0.0390625 0.0390625
0 0.84765625 0.7109375 0.0390625 0.0390625
0 0.8515625 0.7109375 0.0390625 0.0390625
0 0.890625 0.7109375 0.0390625 0.0390625
0 0.890625 0.71484375 0.0390625 0.0390625
0 0.9140625 0.71484375 0.0390625 0.0390625
0 0.93359375 0.71484375 0.0390625 0.0390625
0 0.87109375 0.71875 0.0390625 0.0390625
0 0.875 0.71875 0.0390625 0.0390625
0 0.9140625 0.71875 0.0390625 0.0390625
0 0.6171875 0.78125 0.0390625 0.0390625
0 0.65625 0.93359375 0.0390625 0.0390625
0 0.65625 0.9375 0.0390625 0.0390625
