0 0.7890625 0.07421875 0.0390625 0.0390625
0 0.79296875 0.07421875 0.0390625 0.0390625
0 0.87890625 0.07421875 0.0390625 0.0390625
0 0.9140625 0.07421875 0.0390625 0.0390625
0 0.91796875 0.07421875 0.0390625 0.0390625
0 0.7109375 0.16796875 0.0390625 0.0390625
0 0.75 0.171875 0.0390625 0.0390625
0 0.75 0.17578125 0.0390625 0.0390625
0 0.91796875 0.1796875 0.0390625 0.0390625
0 0.83984375 0.19140625 0.0390625 0.0390625
0 0.7578125 0.61328125 0.0390625 0.0390625
0 0.59375 0.65234375 0.0390625 0.0390625
0 0.06640625 0.8515625 0.0390625 0.0390625
0 0.0703125 0.8515625 0.0390625 0.0390625
0 0.0703125 0.94921875 0.0390625 0.0390625
0 0.0703125 0.953125 0.0390625 0.0390625
0 0.87890625 0.953125 0.0390625 0.0390625
0 0.8828125 0.953125 0.0390625 0.0390625
0 0.87890625 0.95703125 0.0390625 0.0390625
0 0.8828125 0.95703125 0.0390625 0.0390625
0 0.57421875 0.9921875 0.0390625 0.0390625
0 0.57421875 0.99609375 0.0390625 0.0390625
