0 0.02734375 0.3018867924528302 0.0390625 0.06289308176100629
0 0.79296875 0.3081761006289308 0.0390625 0.06289308176100629
0 0.79296875 0.31446540880503143 0.0390625 0.06289308176100629
0 0.171875 0.3522012578616352 0.0390625 0.06289308176100629
0 0.17578125 0.3522012578616352 0.0390625 0.06289308176100629
0 0.30078125 0.4276729559748428 0.0390625 0.06289308176100629
0 0.3046875 0.4276729559748428 0.0390625 0.06289308176100629
0 0.0234375 0.44654088050314467 0.0390625 0.06289308176100629
0 0.04296875 0.44654088050314467 0.0390625 0.06289308176100629
0 0.0703125 0.44654088050314467 0.0390625 0.06289308176100629
0 0.0 0.4528301886792453 0.0390625 0.06289308176100629
0 0.0234375 0.4528301886792453 0.0390625 0.06289308176100629
0 0.171875 0.4591194968553459 0.0390625 0.06289308176100629
0 0.17578125 0.4591194968553459 0.0390625 0.06289308176100629
0 0.171875 0.49056603773584906 0.0390625 0.06289308176100629
0 0.296875 0.5094339622641509 0.0390625 0.06289308176100629
0 0.30078125 0.5094339622641509 0.0390625 0.06289308176100629
0 0.296875 0.5911949685534591 0.0390625 0.06289308176100629
0 0.9375 0.6037735849056604 0.0390625 0.06289308176100629
0 0.94140625 0.6037735849056604 0.0390625 0.06289308176100629
0 0.9375 0.610062893081761 0.0390625 0.06289308176100629
0 0.94140625 0.610062893081761 0.0390625 0.06289308176100629
0 0.171875 0.6163522012578616 0.0390625 0.06289308176100629
0 0.17578125 0.6163522012578616 0.0390625 0.06289308176100629
0 0.36328125 0.8050314465408805 0.0390625 0.06289308176100629
0 0.3359375 0.8113207547169812 0.0390625 0.06289308176100629
0 0.33984375 0.8113207547169812 0.0390625 0.06289308176100629
0 0.36328125 0.8113207547169812 0.0390625 0.06289308176100629
0 0.6953125 0.8364779874213837 0.0390625 0.06289308176100629
0 0.6953125 0.8427672955974843 0.0390625 0.06289308176100629
0 0.69140625 0.89937106918239 0.0390625 0.06289308176100629
0 0.6953125 0.89937106918239 0.0390625 0.06289308176100629
0 0.69140625 0.9056603773584906 0.0390625 0.06289308176100629
0 0.6953125 0.9056603773584906 0.0390625 0.06289308176100629
0 0.234375 0.9119496855345912 0.0390625 0.06289308176100629
0 0.0 0.9182389937106918 0.0390625 0.06289308176100629
0 0.0 0.9245283018867925 0.0390625 0.06289308176100629
0 0.6953125 0.9811320754716981 0.0390625 0.06289308176100629
