0 0.81640625 0.046875 0.0390625 0.0390625
0 0.6015625 0.0859375 0.0390625 0.0390625
0 0.1953125 0.11328125 0.0390625 0.0390625
0 0.52734375 0.11328125 0.0390625 0.0390625
0 0.625 0.12109375 0.0390625 0.0390625
0 0.625 0.125 0.0390625 0.0390625
0 0.92578125 0.13671875 0.0390625 0.0390625
0 0.484375 0.1640625 0.0390625 0.0390625
0 0.48828125 0.1640625 0.0390625 0.0390625
0 0.7734375 0.23046875 0.0390625 0.0390625
0 0.60546875 0.25 0.0390625 0.0390625
0 0.625 0.25 0.0390625 0.0390625
0 0.62890625 0.25 0.0390625 0.0390625
0 0.64453125 0.25390625 0.0390625 0.0390625
0 0.6484375 0.25390625 0.0390625 0.0390625
0 0.6875 0.25390625 0.0390625 0.0390625
0 0.19140625 0.30078125 0.0390625 0.0390625
0 0.1953125 0.30078125 0.0390625 0.0390625
0 0.1953125 0.41796875 0.0390625 0.0390625
0 0.22265625 0.47265625 0.0390625 0.0390625
0 0.1953125 0.4765625 0.0390625 0.0390625
0 0.26953125 0.4765625 0.0390625 0.0390625
0 0.42578125 0.625 0.0390625 0.0390625
0 0.42578125 0.62890625 0.0390625 0.0390625
0 0.4765625 0.62890625 0.0390625 0.0390625
0 0.53515625 0.62890625 0.0390625 0.0390625
0 0.609375 0.62890625 0.0390625 0.0390625
0 0.66015625 0.62890625 0.0390625 0.0390625
0 0.13671875 0.6640625 0.0390625 0.0390625
0 0.19140625 0.7578125 0.0390625 0.0390625
0 0.1875 0.8046875 0.0390625 0.0390625
0 0.19140625 0.8046875 0.0390625 0.0390625
0 0.265625 0.82421875 0.0390625 0.0390625
0 0.1875 0.84765625 0.0390625 0.0390625
0 0.1875 0.890625 0.0390625 0.0390625
0 0.1875 0.89453125 0.0390625 0.0390625
0 0.265625 0.90625 0.0390625 0.0390625
0 0.390625 0.91015625 0.0390625 0.0390625
0 0.39453125 0.91015625 0.0390625 0.0390625
0 0.1875 0.9765625 0.0390625 0.0390625
