0 0.0 0.04296875 0.0390625 0.0390625
0 0.00390625 0.04296875 0.0390625 0.0390625
0 0.53515625 0.05859375 0.0390625 0.0390625
0 0.53515625 0.0625 0.0390625 0.0390625
0 0.00390625 0.08203125 0.0390625 0.0390625
0 0.0078125 0.08203125 0.0390625 0.0390625
0 0.70703125 0.09765625 0.0390625 0.0390625
0 0.7109375 0.09765625 0.0390625 0.0390625
0 0.00390625 0.1015625 0.0390625 0.0390625
0 0.00390625 0.14453125 0.0390625 0.0390625
0 0.7109375 0.14453125 0.0390625 0.0390625
0 0.00390625 0.1484375 0.0390625 0.0390625
0 0.7109375 0.1484375 0.0390625 0.0390625
0 0.55859375 0.1953125 0.0390625 0.0390625
0 0.5625 0.1953125 0.0390625 0.0390625
0 0.09765625 0.2265625 0.0390625 0.0390625
0 0.1953125 0.23046875 0.0390625 0.0390625
0 0.23828125 0.23046875 0.0390625 0.0390625
0 0.35546875 0.23046875 0.0390625 0.0390625
0 0.359375 0.23046875 0.0390625 0.0390625
0 0.1484375 0.234375 0.0390625 0.0390625
0 0.23828125 0.234375 0.0390625 0.0390625
0 0.30078125 0.234375 0.0390625 0.0390625
0 0.35546875 0.234375 0.0390625 0.0390625
0 0.359375 0.234375 0.0390625 0.0390625
0 0.39453125 0.234375 0.0390625 0.0390625
0 0.30078125 0.23828125 0.0390625 0.0390625
0 0.04296875 0.24609375 0.0390625 0.0390625
0 0.0 0.32421875 0.0390625 0.0390625
0 0.00390625 0.32421875 0.0390625 0.0390625
0 0.046875 0.32421875 0.0390625 0.0390625
0 0.171875 0.32421875 0.0390625 0.0390625
0 0.0234375 0.328125 0.0390625 0.0390625
0 0.02734375 0.328125 0.0390625 0.0390625
0 0.06640625 0.328125 0.0390625 0.0390625
0 0.08984375 0.328125 0.0390625 0.0390625
0 0.109375 0.328125 0.0390625 0.0390625
0 0.11328125 0.328125 0.0390625 0.0390625
0 0.1328125 0.328125 0.0390625 0.0390625
0 0.15234375 0.328125 0.0390625 0.0390625
0 0.171875 0.328125 0.0390625 0.0390625
0 0.1953125 0.328125 0.0390625 0.0390625
0 0.21484375 0.328125 0.0390625 0.0390625
0 0.23828125 0.328125 0.0390625 0.0390625
0 0.2578125 0.328125 0.0390625 0.0390625
0 0.08984375 0.33203125 0.0390625 0.0390625
0 0.15234375 0.33203125 0.0390625 0.0390625
0 0.23828125 0.33203125 0.0390625 0.0390625
0 0.28125 0.33203125 0.0390625 0.0390625
0 0.30078125 0.33203125 0.0390625 0.0390625
0 0.328125 0.3359375 0.0390625 0.0390625
0 0.328125 0.33984375 0.0390625 0.0390625
0 0.31640625 0.3671875 0.0390625 0.0390625
0 0.41796875 0.37109375 0.0390625 0.0390625
0 0.421875 0.37109375 0.0390625 0.0390625
0 0.41796875 0.38671875 0.0390625 0.0390625
0 0.31640625 0.390625 0.0390625 0.0390625
0 0.55859375 0.3984375 0.0390625 0.0390625
0 0.31640625 0.41015625 0.0390625 0.0390625
0 0.41796875 0.4140625 0.0390625 0.0390625
0 0.31640625 0.4296875 0.0390625 0.0390625
0 0.3203125 0.4296875 0.0390625 0.0390625
0 0.41796875 0.4296875 0.0390625 0.0390625
0 0.421875 0.4296875 0.0390625 0.0390625
0 0.31640625 0.43359375 0.0390625 0.0390625
0 0.3203125 0.43359375 0.0390625 0.0390625
0 0.41796875 0.43359375 0.0390625 0.0390625
0 0.421875 0.43359375 0.0390625 0.0390625
0 0.31640625 0.453125 0.0390625 0.0390625
0 0.3203125 0.453125 0.0390625 0.0390625
0 0.41796875 0.453125 0.0390625 0.0390625
0 0.31640625 0.47265625 0.0390625 0.0390625
0 0.3203125 0.47265625 0.0390625 0.0390625
0 0.4140625 0.47265625 0.0390625 0.0390625
0 0.31640625 0.4765625 0.0390625 0.0390625
0 0.3203125 0.4765625 0.0390625 0.0390625
0 0.4140625 0.4765625 0.0390625 0.0390625
0 0.31640625 0.49609375 0.0390625 0.0390625
0 0.41796875 0.5 0.0390625 0.0390625
0 0.3125 0.515625 0.0390625 0.0390625
0 0.3125 0.51953125 0.0390625 0.0390625
0 0.4140625 0.51953125 0.0390625 0.0390625
0 0.41796875 0.51953125 0.0390625 0.0390625
0 0.4140625 0.5234375 0.0390625 0.0390625
0 0.41796875 0.5234375 0.0390625 0.0390625
0 0.30859375 0.5390625 0.0390625 0.0390625
0 0.41796875 0.5390625 0.0390625 0.0390625
0 0.41796875 0.54296875 0.0390625 0.0390625
0 0.578125 0.546875 0.0390625 0.0390625
0 0.578125 0.55078125 0.0390625 0.0390625
0 0.30859375 0.55859375 0.0390625 0.0390625
0 0.3125 0.55859375 0.0390625 0.0390625
0 0.41796875 0.5625 0.0390625 0.0390625
0 0.421875 0.5625 0.0390625 0.0390625
0 0.30859375 0.58203125 0.0390625 0.0390625
0 0.3125 0.58203125 0.0390625 0.0390625
0 0.41796875 0.58203125 0.0390625 0.0390625
0 0.41796875 0.6015625 0.0390625 0.0390625
0 0.30859375 0.60546875 0.0390625 0.0390625
0 0.41796875 0.60546875 0.0390625 0.0390625
0 0.3125 0.625 0.0390625 0.0390625
0 0.41796875 0.625 0.0390625 0.0390625
0 0.3125 0.62890625 0.0390625 0.0390625
0 0.3125 0.64453125 0.0390625 0.0390625
0 0.421875 0.64453125 0.0390625 0.0390625
0 0.3125 0.6484375 0.0390625 0.0390625
0 0.57421875 0.65625 0.0390625 0.0390625
0 0.578125 0.65625 0.0390625 0.0390625
0 0.57421875 0.66015625 0.0390625 0.0390625
0 0.578125 0.66015625 0.0390625 0.0390625
0 0.3125 0.6640625 0.0390625 0.0390625
0 0.3125 0.66796875 0.0390625 0.0390625
0 0.41796875 0.66796875 0.0390625 0.0390625
0 0.421875 0.66796875 0.0390625 0.0390625
0 0.30859375 0.6875 0.0390625 0.0390625
0 0.41796875 0.69140625 0.0390625 0.0390625
0 0.421875 0.69140625 0.0390625 0.0390625
0 0.41796875 0.70703125 0.0390625 0.0390625
0 0.421875 0.70703125 0.0390625 0.0390625
0 0.30859375 0.7109375 0.0390625 0.0390625
0 0.30859375 0.734375 0.0390625 0.0390625
0 0.30859375 0.75390625 0.0390625 0.0390625
0 0.3125 0.75390625 0.0390625 0.0390625
0 0.30859375 0.7734375 0.0390625 0.0390625
0 0.30859375 0.77734375 0.0390625 0.0390625
0 0.4140625 0.77734375 0.0390625 0.0390625
0 0.3046875 0.796875 0.0390625 0.0390625
0 0.30859375 0.796875 0.0390625 0.0390625
0 0.41796875 0.796875 0.0390625 0.0390625
0 0.3046875 0.80078125 0.0390625 0.0390625
0 0.30859375 0.80078125 0.0390625 0.0390625
0 0.4140625 0.81640625 0.0390625 0.0390625
0 0.3046875 0.8203125 0.0390625 0.0390625
0 0.30859375 0.8203125 0.0390625 0.0390625
0 0.3046875 0.83984375 0.0390625 0.0390625
0 0.4140625 0.83984375 0.0390625 0.0390625
0 0.36328125 0.85546875 0.0390625 0.0390625
0 0.36328125 0.859375 0.0390625 0.0390625
0 0.3046875 0.86328125 0.0390625 0.0390625
0 0.30859375 0.86328125 0.0390625 0.0390625
0 0.4140625 0.86328125 0.0390625 0.0390625
0 0.6171875 0.875 0.0390625 0.0390625
0 0.79296875 0.9296875 0.0390625 0.0390625
0 0.9609375 0.9296875 0.0390625 0.0390625
0 0.8359375 0.93359375 0.0390625 0.0390625
0 0.87890625 0.93359375 0.0390625 0.0390625
0 0.8984375 0.93359375 0.0390625 0.0390625
0 0.921875 0.93359375 0.0390625 0.0390625
0 0.9609375 0.93359375 0.0390625 0.0390625
0 0.984375 0.93359375 0.0390625 0.0390625
0 0.98828125 0.93359375 0.0390625 0.0390625
