0 0.99609375 0.6796875 0.0390625 0.0390625
0 0.99609375 0.68359375 0.0390625 0.0390625
0 0.984375 0.73828125 0.0390625 0.0390625
0 0.15234375 0.76171875 0.0390625 0.0390625
0 0.90625 0.76171875 0.0390625 0.0390625
0 0.71875 0.765625 0.0390625 0.0390625
0 0.72265625 0.765625 0.0390625 0.0390625
0 0.90625 0.765625 0.0390625 0.0390625
0 0.10546875 0.78515625 0.0390625 0.0390625
0 0.109375 0.78515625 0.0390625 0.0390625
0 0.10546875 0.7890625 0.0390625 0.0390625
0 0.109375 0.7890625 0.0390625 0.0390625
0 0.14453125 0.80859375 0.0390625 0.0390625
0 0.1484375 0.80859375 0.0390625 0.0390625
0 0.14453125 0.8125 0.0390625 0.0390625
0 0.1484375 0.8125 0.0390625 0.0390625
0 0.046875 0.81640625 0.0390625 0.0390625
0 0.10546875 0.81640625 0.0390625 0.0390625
0 0.6171875 0.81640625 0.0390625 0.0390625
0 0.66796875 0.81640625 0.0390625 0.0390625
0 0.66796875 0.8203125 0.0390625 0.0390625
0 0.7734375 0.8203125 0.0390625 0.0390625
