0 0.2265625 0.02734375 0.0390625 0.0390625
0 0.2265625 0.03125 0.0390625 0.0390625
0 0.234375 0.0703125 0.0390625 0.0390625
0 0.234375 0.07421875 0.0390625 0.0390625
0 0.22265625 0.08984375 0.0390625 0.0390625
0 0.2265625 0.109375 0.0390625 0.0390625
0 0.23046875 0.109375 0.0390625 0.0390625
0 0.2265625 0.11328125 0.0390625 0.0390625
0 0.23046875 0.11328125 0.0390625 0.0390625
0 0.99609375 0.33984375 0.0390625 0.0390625
0 0.58984375 0.375 0.0390625 0.0390625
0 0.58984375 0.37890625 0.0390625 0.0390625
0 0.01171875 0.4296875 0.0390625 0.0390625
0 0.51953125 0.4296875 0.0390625 0.0390625
0 0.55078125 0.4296875 0.0390625 0.0390625
0 0.51953125 0.43359375 0.0390625 0.0390625
0 0.47265625 0.4921875 0.0390625 0.0390625
0 0.4765625 0.4921875 0.0390625 0.0390625
0 0.21484375 0.5 0.0390625 0.0390625
0 0.296875 0.50390625 0.0390625 0.0390625
0 0.30078125 0.50390625 0.0390625 0.0390625
0 0.296875 0.5078125 0.0390625 0.0390625
0 0.30078125 0.5078125 0.0390625 0.0390625
0 0.47265625 0.515625 0.0390625 0.0390625
0 0.1796875 0.51953125 0.0390625 0.0390625
0 0.21484375 0.51953125 0.0390625 0.0390625
0 0.21875 0.51953125 0.0390625 0.0390625
0 0.47265625 0.51953125 0.0390625 0.0390625
0 0.1796875 0.5234375 0.0390625 0.0390625
0 0.21484375 0.5234375 0.0390625 0.0390625
0 0.21875 0.5234375 0.0390625 0.0390625
0 0.30078125 0.52734375 0.0390625 0.0390625
0 0.3046875 0.52734375 0.0390625 0.0390625
0 0.38671875 0.52734375 0.0390625 0.0390625
0 0.1796875 0.5390625 0.0390625 0.0390625
0 0.18359375 0.5390625 0.0390625 0.0390625
0 0.22265625 0.5390625 0.0390625 0.0390625
0 0.46875 0.5390625 0.0390625 0.0390625
0 0.38671875 0.546875 0.0390625 0.0390625
0 0.30859375 0.55078125 0.0390625 0.0390625
0 0.30859375 0.5546875 0.0390625 0.0390625
0 0.18359375 0.55859375 0.0390625 0.0390625
0 0.47265625 0.55859375 0.0390625 0.0390625
0 0.22265625 0.5625 0.0390625 0.0390625
0 0.47265625 0.5625 0.0390625 0.0390625
0 0.18359375 0.578125 0.0390625 0.0390625
0 0.90234375 0.578125 0.0390625 0.0390625
0 0.90234375 0.58203125 0.0390625 0.0390625
0 0.38671875 0.58984375 0.0390625 0.0390625
0 0.3046875 0.59765625 0.0390625 0.0390625
0 0.18359375 0.6015625 0.0390625 0.0390625
0 0.1875 0.6015625 0.0390625 0.0390625
0 0.3046875 0.6015625 0.0390625 0.0390625
0 0.38671875 0.609375 0.0390625 0.0390625
0 0.1015625 0.6171875 0.0390625 0.0390625
0 0.10546875 0.6171875 0.0390625 0.0390625
0 0.1875 0.62109375 0.0390625 0.0390625
0 0.2265625 0.62109375 0.0390625 0.0390625
0 0.3046875 0.62109375 0.0390625 0.0390625
0 0.1015625 0.6328125 0.0390625 0.0390625
0 0.8984375 0.6328125 0.0390625 0.0390625
0 0.1015625 0.63671875 0.0390625 0.0390625
0 0.1875 0.640625 0.0390625 0.0390625
0 0.21875 0.640625 0.0390625 0.0390625
0 0.22265625 0.640625 0.0390625 0.0390625
0 0.1015625 0.66015625 0.0390625 0.0390625
0 0.10546875 0.66015625 0.0390625 0.0390625
0 0.1875 0.66015625 0.0390625 0.0390625
0 0.2265625 0.66015625 0.0390625 0.0390625
0 0.30859375 0.66796875 0.0390625 0.0390625
0 0.89453125 0.671875 0.0390625 0.0390625
0 0.8984375 0.671875 0.0390625 0.0390625
0 0.1875 0.67578125 0.0390625 0.0390625
0 0.10546875 0.6796875 0.0390625 0.0390625
0 0.1875 0.6796875 0.0390625 0.0390625
0 0.46875 0.6796875 0.0390625 0.0390625
0 0.1875 0.6953125 0.0390625 0.0390625
0 0.1015625 0.69921875 0.0390625 0.0390625
0 0.22265625 0.69921875 0.0390625 0.0390625
0 0.2265625 0.69921875 0.0390625 0.0390625
0 0.46875 0.69921875 0.0390625 0.0390625
0 0.46875 0.703125 0.0390625 0.0390625
0 0.09765625 0.71484375 0.0390625 0.0390625
0 0.1015625 0.71484375 0.0390625 0.0390625
0 0.21875 0.71875 0.0390625 0.0390625
0 0.21875 0.72265625 0.0390625 0.0390625
0 0.46484375 0.72265625 0.0390625 0.0390625
0 0.8984375 0.72265625 0.0390625 0.0390625
0 0.90234375 0.72265625 0.0390625 0.0390625
0 0.1796875 0.73828125 0.0390625 0.0390625
0 0.1875 0.7578125 0.0390625 0.0390625
0 0.1875 0.76171875 0.0390625 0.0390625
0 0.09765625 0.77734375 0.0390625 0.0390625
0 0.18359375 0.77734375 0.0390625 0.0390625
0 0.22265625 0.77734375 0.0390625 0.0390625
0 0.18359375 0.78125 0.0390625 0.0390625
0 0.22265625 0.78125 0.0390625 0.0390625
0 0.01171875 0.7890625 0.0390625 0.0390625
0 0.03515625 0.7890625 0.0390625 0.0390625
0 0.01171875 0.79296875 0.0390625 0.0390625
0 0.03515625 0.79296875 0.0390625 0.0390625
0 0.17578125 0.796875 0.0390625 0.0390625
0 0.1796875 0.796875 0.0390625 0.0390625
0 0.21484375 0.796875 0.0390625 0.0390625
0 0.21875 0.796875 0.0390625 0.0390625
0 0.10546875 0.81640625 0.0390625 0.0390625
0 0.17578125 0.81640625 0.0390625 0.0390625
0 0.53125 0.81640625 0.0390625 0.0390625
0 0.5078125 0.8203125 0.0390625 0.0390625
0 0.0625 0.828125 0.0390625 0.0390625
0 0.0625 0.83203125 0.0390625 0.0390625
0 0.21875 0.83203125 0.0390625 0.0390625
0 0.8984375 0.83203125 0.0390625 0.0390625
0 0.90234375 0.83203125 0.0390625 0.0390625
0 0.17578125 0.8359375 0.0390625 0.0390625
0 0.1796875 0.8359375 0.0390625 0.0390625
0 0.21875 0.8359375 0.0390625 0.0390625
0 0.09765625 0.8515625 0.0390625 0.0390625
0 0.09765625 0.85546875 0.0390625 0.0390625
0 0.21875 0.859375 0.0390625 0.0390625
0 0.05859375 0.86328125 0.0390625 0.0390625
0 0.05859375 0.8671875 0.0390625 0.0390625
0 0.1015625 0.87109375 0.0390625 0.0390625
0 0.10546875 0.87109375 0.0390625 0.0390625
0 0.1015625 0.875 0.0390625 0.0390625
0 0.10546875 0.875 0.0390625 0.0390625
0 0.33984375 0.875 0.0390625 0.0390625
0 0.34375 0.875 0.0390625 0.0390625
0 0.05859375 0.890625 0.0390625 0.0390625
0 0.1015625 0.89453125 0.0390625 0.0390625
0 0.3046875 0.89453125 0.0390625 0.0390625
0 0.3046875 0.8984375 0.0390625 0.0390625
0 0.09765625 0.9140625 0.0390625 0.0390625
0 0.18359375 0.9140625 0.0390625 0.0390625
0 0.18359375 0.91796875 0.0390625 0.0390625
0 0.22265625 0.93359375 0.0390625 0.0390625
0 0.35546875 0.94140625 0.0390625 0.0390625
0 0.35546875 0.9453125 0.0390625 0.0390625
0 0.3828125 0.9453125 0.0390625 0.0390625
0 0.09765625 0.94921875 0.0390625 0.0390625
0 0.3828125 0.94921875 0.0390625 0.0390625
0 0.453125 0.94921875 0.0390625 0.0390625
0 0.09765625 0.953125 0.0390625 0.0390625
0 0.21484375 0.953125 0.0390625 0.0390625
0 0.21875 0.953125 0.0390625 0.0390625
0 0.21875 0.9765625 0.0390625 0.0390625
0 0.30078125 0.98046875 0.0390625 0.0390625
0 0.3046875 0.98046875 0.0390625 0.0390625
0 0.34375 0.98046875 0.0390625 0.0390625
0 0.05859375 0.9921875 0.0390625 0.0390625
0 0.1015625 0.9921875 0.0390625 0.0390625
0 0.17578125 0.9921875 0.0390625 0.0390625
0 0.17578125 0.99609375 0.0390625 0.0390625
