0 0.26953125 0.08984375 0.0390625 0.0390625
0 0.29296875 0.08984375 0.0390625 0.0390625
0 0.29296875 0.09375 0.0390625 0.0390625
0 0.01953125 0.1171875 0.0390625 0.0390625
0 0.0 0.12109375 0.0390625 0.0390625
0 0.01953125 0.12109375 0.0390625 0.0390625
0 0.15625 0.12109375 0.0390625 0.0390625
0 0.0 0.125 0.0390625 0.0390625
0 0.15625 0.125 0.0390625 0.0390625
0 0.1796875 0.125 0.0390625 0.0390625
0 0.2421875 0.12890625 0.0390625 0.0390625
0 0.44140625 0.19921875 0.0390625 0.0390625
0 0.41796875 0.203125 0.0390625 0.0390625
0 0.421875 0.203125 0.0390625 0.0390625
0 0.44140625 0.203125 0.0390625 0.0390625
0 0.50390625 0.203125 0.0390625 0.0390625
0 0.609375 0.203125 0.0390625 0.0390625
0 0.50390625 0.20703125 0.0390625 0.0390625
0 0.52734375 0.20703125 0.0390625 0.0390625
0 0.56640625 0.20703125 0.0390625 0.0390625
0 0.609375 0.20703125 0.0390625 0.0390625
0 0.00390625 0.23046875 0.0390625 0.0390625
0 0.02734375 0.23046875 0.0390625 0.0390625
0 0.06640625 0.23046875 0.0390625 0.0390625
0 0.08984375 0.23046875 0.0390625 0.0390625
0 0.17578125 0.23046875 0.0390625 0.0390625
0 0.1953125 0.23046875 0.0390625 0.0390625
0 0.19921875 0.23046875 0.0390625 0.0390625
0 0.21484375 0.23046875 0.0390625 0.0390625
0 0.08984375 0.234375 0.0390625 0.0390625
0 0.21484375 0.234375 0.0390625 0.0390625
0 0.23828125 0.234375 0.0390625 0.0390625
0 0.2578125 0.234375 0.0390625 0.0390625
0 0.2578125 0.23828125 0.0390625 0.0390625
0 0.4375 0.25 0.0390625 0.0390625
0 0.44140625 0.25 0.0390625 0.0390625
0 0.4375 0.25390625 0.0390625 0.0390625
0 0.44140625 0.25390625 0.0390625 0.0390625
0 0.046875 0.33203125 0.0390625 0.0390625
0 0.06640625 0.33203125 0.0390625 0.0390625
0 0.109375 0.3359375 0.0390625 0.0390625
0 0.1328125 0.3359375 0.0390625 0.0390625
0 0.17578125 0.3359375 0.0390625 0.0390625
0 0.234375 0.3359375 0.0390625 0.0390625
0 0.23828125 0.3359375 0.0390625 0.0390625
0 0.0 0.33984375 0.0390625 0.0390625
0 0.08984375 0.33984375 0.0390625 0.0390625
0 0.15625 0.33984375 0.0390625 0.0390625
0 0.21484375 0.33984375 0.0390625 0.0390625
0 0.234375 0.33984375 0.0390625 0.0390625
0 0.23828125 0.33984375 0.0390625 0.0390625
0 0.0 0.34375 0.0390625 0.0390625
0 0.21484375 0.34375 0.0390625 0.0390625
0 0.4375 0.34765625 0.0390625 0.0390625
0 0.44140625 0.34765625 0.0390625 0.0390625
0 0.35546875 0.3515625 0.0390625 0.0390625
0 0.4375 0.3515625 0.0390625 0.0390625
0 0.44140625 0.3515625 0.0390625 0.0390625
0 0.4609375 0.35546875 0.0390625 0.0390625
0 0.39453125 0.359375 0.0390625 0.0390625
0 0.41796875 0.359375 0.0390625 0.0390625
0 0.421875 0.359375 0.0390625 0.0390625
0 0.4609375 0.359375 0.0390625 0.0390625
0 0.50390625 0.359375 0.0390625 0.0390625
0 0.5078125 0.359375 0.0390625 0.0390625
0 0.50390625 0.36328125 0.0390625 0.0390625
0 0.5078125 0.36328125 0.0390625 0.0390625
0 0.12890625 0.3828125 0.0390625 0.0390625
0 0.15234375 0.3828125 0.0390625 0.0390625
0 0.21484375 0.3828125 0.0390625 0.0390625
0 0.21875 0.3828125 0.0390625 0.0390625
0 0.109375 0.38671875 0.0390625 0.0390625
0 0.15234375 0.38671875 0.0390625 0.0390625
0 0.0 0.390625 0.0390625 0.0390625
0 0.00390625 0.390625 0.0390625 0.0390625
0 0.0859375 0.390625 0.0390625 0.0390625
0 0.08984375 0.390625 0.0390625 0.0390625
0 0.19140625 0.390625 0.0390625 0.0390625
0 0.0 0.39453125 0.0390625 0.0390625
0 0.00390625 0.39453125 0.0390625 0.0390625
0 0.39453125 0.40625 0.0390625 0.0390625
0 0.21484375 0.484375 0.0390625 0.0390625
0 0.21484375 0.48828125 0.0390625 0.0390625
0 0.2578125 0.49609375 0.0390625 0.0390625
0 0.26171875 0.49609375 0.0390625 0.0390625
0 0.16796875 0.5 0.0390625 0.0390625
0 0.171875 0.5 0.0390625 0.0390625
0 0.2578125 0.5 0.0390625 0.0390625
0 0.26171875 0.5 0.0390625 0.0390625
0 0.1328125 0.55859375 0.0390625 0.0390625
0 0.26953125 0.55859375 0.0390625 0.0390625
0 0.2734375 0.55859375 0.0390625 0.0390625
0 0.3125 0.55859375 0.0390625 0.0390625
0 0.31640625 0.55859375 0.0390625 0.0390625
0 0.3125 0.5625 0.0390625 0.0390625
0 0.31640625 0.5625 0.0390625 0.0390625
0 0.1015625 0.56640625 0.0390625 0.0390625
0 0.10546875 0.56640625 0.0390625 0.0390625
0 0.8125 0.62890625 0.0390625 0.0390625
0 0.81640625 0.62890625 0.0390625 0.0390625
0 0.83984375 0.62890625 0.0390625 0.0390625
0 0.84375 0.62890625 0.0390625 0.0390625
0 0.86328125 0.62890625 0.0390625 0.0390625
0 0.83984375 0.6328125 0.0390625 0.0390625
0 0.84375 0.6328125 0.0390625 0.0390625
0 0.86328125 0.6328125 0.0390625 0.0390625
0 0.3671875 0.65625 0.0390625 0.0390625
0 0.359375 0.703125 0.0390625 0.0390625
0 0.36328125 0.703125 0.0390625 0.0390625
0 0.96484375 0.703125 0.0390625 0.0390625
0 0.359375 0.70703125 0.0390625 0.0390625
0 0.36328125 0.70703125 0.0390625 0.0390625
0 0.96484375 0.70703125 0.0390625 0.0390625
0 0.90234375 0.7109375 0.0390625 0.0390625
0 0.359375 0.73046875 0.0390625 0.0390625
0 0.36328125 0.73046875 0.0390625 0.0390625
0 0.359375 0.734375 0.0390625 0.0390625
0 0.36328125 0.734375 0.0390625 0.0390625
0 0.65625 0.734375 0.0390625 0.0390625
0 0.66015625 0.734375 0.0390625 0.0390625
0 0.90625 0.73828125 0.0390625 0.0390625
0 0.09375 0.7421875 0.0390625 0.0390625
0 0.09375 0.74609375 0.0390625 0.0390625
0 0.73828125 0.74609375 0.0390625 0.0390625
0 0.96484375 0.75 0.0390625 0.0390625
0 0.8984375 0.7578125 0.0390625 0.0390625
0 0.19140625 0.76953125 0.0390625 0.0390625
0 0.359375 0.7734375 0.0390625 0.0390625
0 0.359375 0.77734375 0.0390625 0.0390625
0 0.734375 0.79296875 0.0390625 0.0390625
0 0.35546875 0.796875 0.0390625 0.0390625
0 0.734375 0.796875 0.0390625 0.0390625
0 0.30859375 0.80078125 0.0390625 0.0390625
0 0.3125 0.80078125 0.0390625 0.0390625
0 0.35546875 0.80078125 0.0390625 0.0390625
0 0.96484375 0.80078125 0.0390625 0.0390625
0 0.30859375 0.8046875 0.0390625 0.0390625
0 0.3125 0.8046875 0.0390625 0.0390625
0 0.8984375 0.81640625 0.0390625 0.0390625
0 0.90234375 0.81640625 0.0390625 0.0390625
0 0.35546875 0.8203125 0.0390625 0.0390625
0 0.359375 0.8203125 0.0390625 0.0390625
0 0.35546875 0.82421875 0.0390625 0.0390625
0 0.359375 0.82421875 0.0390625 0.0390625
0 0.30859375 0.828125 0.0390625 0.0390625
0 0.3125 0.828125 0.0390625 0.0390625
0 0.4609375 0.8515625 0.0390625 0.0390625
0 0.46484375 0.8515625 0.0390625 0.0390625
0 0.7421875 0.8515625 0.0390625 0.0390625
0 0.4609375 0.85546875 0.0390625 0.0390625
0 0.46484375 0.85546875 0.0390625 0.0390625
0 0.8984375 0.86328125 0.0390625 0.0390625
0 0.8984375 0.8671875 0.0390625 0.0390625
0 0.4609375 0.875 0.0390625 0.0390625
0 0.73828125 0.875 0.0390625 0.0390625
0 0.90234375 0.88671875 0.0390625 0.0390625
0 0.90234375 0.890625 0.0390625 0.0390625
0 0.45703125 0.89453125 0.0390625 0.0390625
0 0.73828125 0.8984375 0.0390625 0.0390625
0 0.65625 0.91015625 0.0390625 0.0390625
0 0.8984375 0.91015625 0.0390625 0.0390625
0 0.65625 0.9140625 0.0390625 0.0390625
0 0.4609375 0.91796875 0.0390625 0.0390625
0 0.734375 0.921875 0.0390625 0.0390625
0 0.73828125 0.921875 0.0390625 0.0390625
0 0.734375 0.92578125 0.0390625 0.0390625
0 0.73828125 0.92578125 0.0390625 0.0390625
0 0.734375 0.94921875 0.0390625 0.0390625
0 0.73828125 0.94921875 0.0390625 0.0390625
0 0.8984375 0.953125 0.0390625 0.0390625
0 0.90234375 0.953125 0.0390625 0.0390625
0 0.3828125 0.95703125 0.0390625 0.0390625
0 0.38671875 0.95703125 0.0390625 0.0390625
0 0.23046875 0.9609375 0.0390625 0.0390625
0 0.26171875 0.96484375 0.0390625 0.0390625
0 0.66015625 0.96484375 0.0390625 0.0390625
0 0.9609375 0.96484375 0.0390625 0.0390625
0 0.96484375 0.96484375 0.0390625 0.0390625
0 0.02734375 0.96875 0.0390625 0.0390625
0 0.66015625 0.96875 0.0390625 0.0390625
0 0.734375 0.96875 0.0390625 0.0390625
0 0.73828125 0.96875 0.0390625 0.0390625
0 0.02734375 0.97265625 0.0390625 0.0390625
0 0.8984375 0.9765625 0.0390625 0.0390625
0 0.90234375 0.9765625 0.0390625 0.0390625
0 0.078125 0.98828125 0.0390625 0.0390625
0 0.3046875 0.98828125 0.0390625 0.0390625
0 0.66015625 0.98828125 0.0390625 0.0390625
0 0.03125 0.9921875 0.0390625 0.0390625
0 0.03515625 0.9921875 0.0390625 0.0390625
0 0.03125 0.99609375 0.0390625 0.0390625
0 0.03515625 0.99609375 0.0390625 0.0390625
0 0.1875 0.99609375 0.0390625 0.0390625
0 0.89453125 0.99609375 0.0390625 0.0390625
