0 0.9140625 0.01171875 0.0390625 0.0390625
0 0.91796875 0.01171875 0.0390625 0.0390625
0 0.9140625 0.015625 0.0390625 0.0390625
0 0.91796875 0.015625 0.0390625 0.0390625
0 0.9453125 0.03125 0.0390625 0.0390625
0 0.72265625 0.48828125 0.0390625 0.0390625
0 0.72265625 0.4921875 0.0390625 0.0390625
0 0.72265625 0.49609375 0.0390625 0.0390625
0 0.12890625 0.5390625 0.0390625 0.0390625
0 0.12890625 0.54296875 0.0390625 0.0390625
0 0.1796875 0.54296875 0.0390625 0.0390625
0 0.2421875 0.546875 0.0390625 0.0390625
0 0.2421875 0.55078125 0.0390625 0.0390625
0 0.39453125 0.55078125 0.0390625 0.0390625
0 0.3984375 0.55078125 0.0390625 0.0390625
0 0.6875 0.60546875 0.0390625 0.0390625
0 0.96484375 0.69140625 0.0390625 0.0390625
0 0.05859375 0.703125 0.0390625 0.0390625
0 0.9609375 0.75 0.0390625 0.0390625
0 0.96484375 0.75 0.0390625 0.0390625
0 0.0390625 0.80078125 0.0390625 0.0390625
0 0.04296875 0.80078125 0.0390625 0.0390625
0 0.96484375 0.8046875 0.0390625 0.0390625
0 0.984375 0.8203125 0.0390625 0.0390625
0 0.96484375 0.84375 0.0390625 0.0390625
0 0.0546875 0.8515625 0.0390625 0.0390625
0 0.05859375 0.8515625 0.0390625 0.0390625
0 0.12109375 0.8515625 0.0390625 0.0390625
0 0.078125 0.85546875 0.0390625 0.0390625
0 0.12109375 0.85546875 0.0390625 0.0390625
0 0.9609375 0.8984375 0.0390625 0.0390625
0 0.96484375 0.8984375 0.0390625 0.0390625
0 0.9609375 0.90234375 0.0390625 0.0390625
0 0.96484375 0.90234375 0.0390625 0.0390625
0 0.9609375 0.95703125 0.0390625 0.0390625
