0 0.53515625 0.0 0.0390625 0.06289308176100629
0 0.640625 0.0 0.0390625 0.06289308176100629
0 0.64453125 0.0 0.0390625 0.06289308176100629
0 0.640625 0.006289308176100629 0.0390625 0.06289308176100629
0 0.64453125 0.006289308176100629 0.0390625 0.06289308176100629
0 0.6953125 0.006289308176100629 0.0390625 0.06289308176100629
0 0.12109375 0.2893081761006289 0.0390625 0.06289308176100629
0 0.12109375 0.29559748427672955 0.0390625 0.06289308176100629
0 0.015625 0.3018867924528302 0.0390625 0.06289308176100629
0 0.70703125 0.31446540880503143 0.0390625 0.06289308176100629
0 0.70703125 0.32075471698113206 0.0390625 0.06289308176100629
0 0.44140625 0.37735849056603776 0.0390625 0.06289308176100629
0 0.4453125 0.37735849056603776 0.0390625 0.06289308176100629
0 0.62890625 0.4025157232704403 0.0390625 0.06289308176100629
0 0.6328125 0.4025157232704403 0.0390625 0.06289308176100629
0 0.62890625 0.4088050314465409 0.0390625 0.06289308176100629
0 0.6328125 0.4088050314465409 0.0390625 0.06289308176100629
0 0.62109375 0.44654088050314467 0.0390625 0.06289308176100629
0 0.625 0.44654088050314467 0.0390625 0.06289308176100629
0 0.01953125 0.5849056603773585 0.0390625 0.06289308176100629
0 0.01953125 0.5911949685534591 0.0390625 0.06289308176100629
0 0.1171875 0.6037735849056604 0.0390625 0.06289308176100629
0 0.1171875 0.610062893081761 0.0390625 0.06289308176100629
0 0.29296875 0.6226415094339622 0.0390625 0.06289308176100629
0 0.296875 0.6226415094339622 0.0390625 0.06289308176100629
0 0.015625 0.6289308176100629 0.0390625 0.06289308176100629
0 0.01953125 0.6289308176100629 0.0390625 0.06289308176100629
0 0.12109375 0.6415094339622641 0.0390625 0.06289308176100629
0 0.0625 0.7295597484276729 0.0390625 0.06289308176100629
0 0.06640625 0.7295597484276729 0.0390625 0.06289308176100629
0 0.0625 0.7358490566037735 0.0390625 0.06289308176100629
0 0.06640625 0.7358490566037735 0.0390625 0.06289308176100629
0 0.11328125 0.7735849056603774 0.0390625 0.06289308176100629
0 0.12109375 0.9182389937106918 0.0390625 0.06289308176100629
