0 0.4375 0.06640625 0.0390625 0.0390625
0 0.44140625 0.06640625 0.0390625 0.0390625
0 0.4375 0.0703125 0.0390625 0.0390625
0 0.44140625 0.0703125 0.0390625 0.0390625
0 0.5234375 0.078125 0.0390625 0.0390625
0 0.46875 0.1328125 0.0390625 0.0390625
0 0.47265625 0.1328125 0.0390625 0.0390625
0 0.3125 0.14453125 0.0390625 0.0390625
0 0.31640625 0.14453125 0.0390625 0.0390625
0 0.46484375 0.171875 0.0390625 0.0390625
0 0.46875 0.171875 0.0390625 0.0390625
0 0.0703125 0.2265625 0.0390625 0.0390625
0 0.07421875 0.2265625 0.0390625 0.0390625
0 0.03125 0.23046875 0.0390625 0.0390625
0 0.05078125 0.23046875 0.0390625 0.0390625
0 0.0546875 0.23046875 0.0390625 0.0390625
0 0.0703125 0.23046875 0.0390625 0.0390625
0 0.07421875 0.23046875 0.0390625 0.0390625
0 0.08984375 0.23046875 0.0390625 0.0390625
0 0.03125 0.234375 0.0390625 0.0390625
0 0.3046875 0.3046875 0.0390625 0.0390625
0 0.30859375 0.3046875 0.0390625 0.0390625
0 0.0625 0.36328125 0.0390625 0.0390625
0 0.0 0.4140625 0.0390625 0.0390625
0 0.0 0.41796875 0.0390625 0.0390625
0 0.046875 0.41796875 0.0390625 0.0390625
0 0.046875 0.421875 0.0390625 0.0390625
0 0.21484375 0.4921875 0.0390625 0.0390625
0 0.21875 0.4921875 0.0390625 0.0390625
0 0.0 0.5234375 0.0390625 0.0390625
0 0.00390625 0.5234375 0.0390625 0.0390625
0 0.0234375 0.5234375 0.0390625 0.0390625
0 0.0 0.52734375 0.0390625 0.0390625
0 0.00390625 0.52734375 0.0390625 0.0390625
0 0.046875 0.53125 0.0390625 0.0390625
0 0.0703125 0.53125 0.0390625 0.0390625
0 0.07421875 0.53125 0.0390625 0.0390625
0 0.09765625 0.53125 0.0390625 0.0390625
0 0.0703125 0.53515625 0.0390625 0.0390625
0 0.07421875 0.53515625 0.0390625 0.0390625
0 0.11328125 0.55859375 0.0390625 0.0390625
0 0.1171875 0.6015625 0.0390625 0.0390625
0 0.1171875 0.60546875 0.0390625 0.0390625
0 0.1171875 0.625 0.0390625 0.0390625
0 0.0078125 0.62890625 0.0390625 0.0390625
0 0.0234375 0.62890625 0.0390625 0.0390625
0 0.11328125 0.64453125 0.0390625 0.0390625
0 0.46875 0.66015625 0.0390625 0.0390625
0 0.47265625 0.66015625 0.0390625 0.0390625
0 0.6953125 0.66015625 0.0390625 0.0390625
0 0.734375 0.66015625 0.0390625 0.0390625
0 0.0234375 0.6640625 0.0390625 0.0390625
0 0.11328125 0.6640625 0.0390625 0.0390625
0 0.1171875 0.6640625 0.0390625 0.0390625
0 0.65234375 0.6640625 0.0390625 0.0390625
0 0.65625 0.6640625 0.0390625 0.0390625
0 0.7578125 0.6640625 0.0390625 0.0390625
0 0.8125 0.6640625 0.0390625 0.0390625
0 0.0 0.66796875 0.0390625 0.0390625
0 0.11328125 0.6875 0.0390625 0.0390625
0 0.1171875 0.6875 0.0390625 0.0390625
0 0.11328125 0.7109375 0.0390625 0.0390625
0 0.1171875 0.7109375 0.0390625 0.0390625
0 0.11328125 0.73046875 0.0390625 0.0390625
0 0.11328125 0.734375 0.0390625 0.0390625
0 0.01953125 0.75 0.0390625 0.0390625
0 0.58984375 0.765625 0.0390625 0.0390625
0 0.61328125 0.765625 0.0390625 0.0390625
0 0.109375 0.7734375 0.0390625 0.0390625
0 0.7890625 0.7734375 0.0390625 0.0390625
0 0.79296875 0.7734375 0.0390625 0.0390625
0 0.0234375 0.77734375 0.0390625 0.0390625
0 0.79296875 0.79296875 0.0390625 0.0390625
0 0.69921875 0.8046875 0.0390625 0.0390625
0 0.79296875 0.8125 0.0390625 0.0390625
0 0.796875 0.83203125 0.0390625 0.0390625
0 0.6953125 0.8359375 0.0390625 0.0390625
0 0.69921875 0.8359375 0.0390625 0.0390625
0 0.796875 0.8359375 0.0390625 0.0390625
0 0.79296875 0.85546875 0.0390625 0.0390625
0 0.6953125 0.86328125 0.0390625 0.0390625
0 0.6953125 0.8671875 0.0390625 0.0390625
0 0.78515625 0.875 0.0390625 0.0390625
0 0.78515625 0.87890625 0.0390625 0.0390625
0 0.27734375 0.91015625 0.0390625 0.0390625
0 0.28125 0.91015625 0.0390625 0.0390625
