0 0.13671875 0.0 0.0390625 0.0390625
0 0.8125 0.0234375 0.0390625 0.0390625
0 0.13671875 0.04296875 0.0390625 0.0390625
0 0.13671875 0.046875 0.0390625 0.0390625
0 0.4296875 0.046875 0.0390625 0.0390625
0 0.12890625 0.0625 0.0390625 0.0390625
0 0.1328125 0.0625 0.0390625 0.0390625
0 0.12890625 0.06640625 0.0390625 0.0390625
0 0.1328125 0.06640625 0.0390625 0.0390625
0 0.734375 0.078125 0.0390625 0.0390625
0 0.25 0.08984375 0.0390625 0.0390625
0 0.13671875 0.10546875 0.0390625 0.0390625
0 0.13671875 0.109375 0.0390625 0.0390625
0 0.421875 0.11328125 0.0390625 0.0390625
0 0.234375 0.12890625 0.0390625 0.0390625
0 0.234375 0.1328125 0.0390625 0.0390625
0 0.42578125 0.1328125 0.0390625 0.0390625
0 0.42578125 0.13671875 0.0390625 0.0390625
0 0.421875 0.15234375 0.0390625 0.0390625
0 0.55078125 0.15234375 0.0390625 0.0390625
0 0.421875 0.15625 0.0390625 0.0390625
0 0.421875 0.171875 0.0390625 0.0390625
0 0.421875 0.17578125 0.0390625 0.0390625
0 0.5625 0.17578125 0.0390625 0.0390625
0 0.421875 0.19140625 0.0390625 0.0390625
0 0.421875 0.1953125 0.0390625 0.0390625
0 0.55859375 0.1953125 0.0390625 0.0390625
0 0.55859375 0.21484375 0.0390625 0.0390625
0 0.13671875 0.21875 0.0390625 0.0390625
0 0.421875 0.21875 0.0390625 0.0390625
0 0.5546875 0.2578125 0.0390625 0.0390625
0 0.55078125 0.28515625 0.0390625 0.0390625
0 0.421875 0.3046875 0.0390625 0.0390625
0 0.42578125 0.3046875 0.0390625 0.0390625
0 0.07421875 0.30859375 0.0390625 0.0390625
0 0.0859375 0.3671875 0.0390625 0.0390625
0 0.0859375 0.37109375 0.0390625 0.0390625
0 0.90625 0.421875 0.0390625 0.0390625
0 0.01953125 0.4453125 0.0390625 0.0390625
0 0.91015625 0.45703125 0.0390625 0.0390625
0 0.16796875 0.5234375 0.0390625 0.0390625
0 0.171875 0.5234375 0.0390625 0.0390625
0 0.16796875 0.52734375 0.0390625 0.0390625
0 0.171875 0.52734375 0.0390625 0.0390625
0 0.46875 0.52734375 0.0390625 0.0390625
0 0.5546875 0.52734375 0.0390625 0.0390625
0 0.5546875 0.53125 0.0390625 0.0390625
0 0.41015625 0.53515625 0.0390625 0.0390625
0 0.90625 0.66796875 0.0390625 0.0390625
0 0.91015625 0.66796875 0.0390625 0.0390625
0 0.90625 0.6875 0.0390625 0.0390625
0 0.91015625 0.6875 0.0390625 0.0390625
0 0.90625 0.69140625 0.0390625 0.0390625
0 0.91015625 0.69140625 0.0390625 0.0390625
0 0.91015625 0.70703125 0.0390625 0.0390625
0 0.91015625 0.7109375 0.0390625 0.0390625
0 0.36328125 0.71484375 0.0390625 0.0390625
0 0.49609375 0.71875 0.0390625 0.0390625
0 0.5 0.71875 0.0390625 0.0390625
0 0.9140625 0.734375 0.0390625 0.0390625
0 0.1484375 0.75 0.0390625 0.0390625
0 0.1484375 0.75390625 0.0390625 0.0390625
0 0.91015625 0.75390625 0.0390625 0.0390625
0 0.48828125 0.76953125 0.0390625 0.0390625
0 0.4921875 0.76953125 0.0390625 0.0390625
0 0.65625 0.77734375 0.0390625 0.0390625
0 0.65625 0.78125 0.0390625 0.0390625
0 0.80859375 0.78125 0.0390625 0.0390625
0 0.80859375 0.78515625 0.0390625 0.0390625
0 0.19140625 0.79296875 0.0390625 0.0390625
0 0.19140625 0.796875 0.0390625 0.0390625
0 0.30078125 0.81640625 0.0390625 0.0390625
0 0.3046875 0.81640625 0.0390625 0.0390625
0 0.17578125 0.83203125 0.0390625 0.0390625
0 0.07421875 0.8515625 0.0390625 0.0390625
0 0.453125 0.859375 0.0390625 0.0390625
0 0.453125 0.86328125 0.0390625 0.0390625
0 0.98046875 0.87890625 0.0390625 0.0390625
0 0.36328125 0.8828125 0.0390625 0.0390625
0 0.5 0.8828125 0.0390625 0.0390625
0 0.8984375 0.8828125 0.0390625 0.0390625
0 0.1640625 0.88671875 0.0390625 0.0390625
0 0.36328125 0.88671875 0.0390625 0.0390625
0 0.44921875 0.88671875 0.0390625 0.0390625
0 0.8984375 0.88671875 0.0390625 0.0390625
0 0.44921875 0.890625 0.0390625 0.0390625
0 0.16796875 0.91015625 0.0390625 0.0390625
0 0.80859375 0.9140625 0.0390625 0.0390625
0 0.56640625 0.92578125 0.0390625 0.0390625
0 0.21875 0.9296875 0.0390625 0.0390625
0 0.56640625 0.9296875 0.0390625 0.0390625
0 0.21875 0.93359375 0.0390625 0.0390625
0 0.8046875 0.9609375 0.0390625 0.0390625
0 0.80859375 0.9609375 0.0390625 0.0390625
