0 0.42578125 0.49609375 0.0390625 0.0390625
0 0.26953125 0.53515625 0.0390625 0.0390625
0 0.26953125 0.5390625 0.0390625 0.0390625
0 0.421875 0.546875 0.0390625 0.0390625
0 0.42578125 0.546875 0.0390625 0.0390625
0 0.3203125 0.65234375 0.0390625 0.0390625
0 0.32421875 0.65234375 0.0390625 0.0390625
0 0.3203125 0.65625 0.0390625 0.0390625
0 0.32421875 0.65625 0.0390625 0.0390625
0 0.37109375 0.671875 0.0390625 0.0390625
0 0.37109375 0.67578125 0.0390625 0.0390625
0 0.37109375 0.78125 0.0390625 0.0390625
0 0.39453125 0.78125 0.0390625 0.0390625
0 0.265625 0.8515625 0.0390625 0.0390625
0 0.3671875 0.8515625 0.0390625 0.0390625
0 0.265625 0.85546875 0.0390625 0.0390625
0 0.39453125 0.859375 0.0390625 0.0390625
0 0.26171875 0.921875 0.0390625 0.0390625
0 0.265625 0.921875 0.0390625 0.0390625
0 0.37109375 0.92578125 0.0390625 0.0390625
0 0.37109375 0.9296875 0.0390625 0.0390625
0 0.265625 0.97265625 0.0390625 0.0390625
0 0.26953125 0.97265625 0.0390625 0.0390625
