0 0.3584905660377358 0.4765625 0.06289308176100629 0.0390625
0 0.389937106918239 0.4765625 0.06289308176100629 0.0390625
0 0.39622641509433965 0.4765625 0.06289308176100629 0.0390625
0 0.16981132075471697 0.5625 0.06289308176100629 0.0390625
0 0.1761006289308176 0.58203125 0.06289308176100629 0.0390625
0 0.1761006289308176 0.5859375 0.06289308176100629 0.0390625
0 0.27672955974842767 0.5859375 0.06289308176100629 0.0390625
0 0.3081761006289308 0.5859375 0.06289308176100629 0.0390625
0 0.34591194968553457 0.5859375 0.06289308176100629 0.0390625
0 0.37735849056603776 0.5859375 0.06289308176100629 0.0390625
0 0.4779874213836478 0.5859375 0.06289308176100629 0.0390625
0 0.5094339622641509 0.5859375 0.06289308176100629 0.0390625
0 0.5157232704402516 0.5859375 0.06289308176100629 0.0390625
0 0.27672955974842767 0.58984375 0.06289308176100629 0.0390625
0 0.41509433962264153 0.58984375 0.06289308176100629 0.0390625
0 0.44654088050314467 0.58984375 0.06289308176100629 0.0390625
0 0.16981132075471697 0.60546875 0.06289308176100629 0.0390625
0 0.1761006289308176 0.60546875 0.06289308176100629 0.0390625
0 0.8616352201257862 0.6796875 0.06289308176100629 0.0390625
0 0.44025157232704404 0.890625 0.06289308176100629 0.0390625
0 0.44025157232704404 0.89453125 0.06289308176100629 0.0390625
0 0.36477987421383645 0.9453125 0.06289308176100629 0.0390625
0 0.3710691823899371 0.9453125 0.06289308176100629 0.0390625
0 0.7987421383647799 0.9453125 0.06289308176100629 0.0390625
0 0.36477987421383645 0.94921875 0.06289308176100629 0.0390625
0 0.3710691823899371 0.94921875 0.06289308176100629 0.0390625
0 0.7987421383647799 0.94921875 0.06289308176100629 0.0390625
0 0.7987421383647799 0.9921875 0.06289308176100629 0.0390625
