0 0.328125 0.03515625 0.0390625 0.0390625
0 0.328125 0.0390625 0.0390625 0.0390625
0 0.03125 0.1171875 0.0390625 0.0390625
0 0.140625 0.1171875 0.0390625 0.0390625
0 0.140625 0.12109375 0.0390625 0.0390625
0 0.1875 0.14453125 0.0390625 0.0390625
0 0.64453125 0.14453125 0.0390625 0.0390625
0 0.6484375 0.14453125 0.0390625 0.0390625
0 0.81640625 0.1484375 0.0390625 0.0390625
0 0.81640625 0.15234375 0.0390625 0.0390625
0 0.08203125 0.171875 0.0390625 0.0390625
0 0.0859375 0.171875 0.0390625 0.0390625
0 0.4375 0.17578125 0.0390625 0.0390625
0 0.5 0.33203125 0.0390625 0.0390625
0 0.17578125 0.49609375 0.0390625 0.0390625
0 0.171875 0.51171875 0.0390625 0.0390625
0 0.16796875 0.53125 0.0390625 0.0390625
0 0.03515625 0.55078125 0.0390625 0.0390625
0 0.0390625 0.55078125 0.0390625 0.0390625
0 0.15625 0.55078125 0.0390625 0.0390625
0 0.39453125 0.5546875 0.0390625 0.0390625
0 0.0078125 0.56640625 0.0390625 0.0390625
0 0.01171875 0.56640625 0.0390625 0.0390625
0 0.140625 0.57421875 0.0390625 0.0390625
0 0.14453125 0.57421875 0.0390625 0.0390625
0 0.125 0.58984375 0.0390625 0.0390625
0 0.12890625 0.58984375 0.0390625 0.0390625
0 0.11328125 0.60546875 0.0390625 0.0390625
0 0.328125 0.60546875 0.0390625 0.0390625
0 0.33203125 0.60546875 0.0390625 0.0390625
0 0.11328125 0.609375 0.0390625 0.0390625
0 0.078125 0.63671875 0.0390625 0.0390625
0 0.30078125 0.6796875 0.0390625 0.0390625
0 0.3046875 0.6796875 0.0390625 0.0390625
0 0.3203125 0.6796875 0.0390625 0.0390625
0 0.32421875 0.6796875 0.0390625 0.0390625
0 0.875 0.72265625 0.0390625 0.0390625
0 0.8984375 0.7421875 0.0390625 0.0390625
0 0.91015625 0.7578125 0.0390625 0.0390625
0 0.9140625 0.7578125 0.0390625 0.0390625
0 0.9296875 0.8046875 0.0390625 0.0390625
0 0.953125 0.8046875 0.0390625 0.0390625
0 0.890625 0.80859375 0.0390625 0.0390625
0 0.91015625 0.80859375 0.0390625 0.0390625
0 0.9296875 0.80859375 0.0390625 0.0390625
0 0.77734375 0.81640625 0.0390625 0.0390625
0 0.16796875 0.85546875 0.0390625 0.0390625
0 0.25390625 0.85546875 0.0390625 0.0390625
0 0.2578125 0.85546875 0.0390625 0.0390625
0 0.2734375 0.85546875 0.0390625 0.0390625
0 0.19140625 0.859375 0.0390625 0.0390625
0 0.234375 0.859375 0.0390625 0.0390625
0 0.25390625 0.859375 0.0390625 0.0390625
0 0.2578125 0.859375 0.0390625 0.0390625
0 0.2734375 0.859375 0.0390625 0.0390625
0 0.2109375 0.86328125 0.0390625 0.0390625
0 0.296875 0.86328125 0.0390625 0.0390625
0 0.1484375 0.8671875 0.0390625 0.0390625
0 0.2109375 0.8671875 0.0390625 0.0390625
0 0.32421875 0.87890625 0.0390625 0.0390625
0 0.8671875 0.89453125 0.0390625 0.0390625
0 0.88671875 0.89453125 0.0390625 0.0390625
0 0.90625 0.89453125 0.0390625 0.0390625
0 0.91015625 0.89453125 0.0390625 0.0390625
0 0.71484375 0.8984375 0.0390625 0.0390625
0 0.73828125 0.8984375 0.0390625 0.0390625
0 0.77734375 0.8984375 0.0390625 0.0390625
0 0.78125 0.8984375 0.0390625 0.0390625
0 0.796875 0.8984375 0.0390625 0.0390625
0 0.80078125 0.8984375 0.0390625 0.0390625
0 0.82421875 0.8984375 0.0390625 0.0390625
0 0.84765625 0.8984375 0.0390625 0.0390625
0 0.8671875 0.8984375 0.0390625 0.0390625
0 0.88671875 0.8984375 0.0390625 0.0390625
0 0.90625 0.8984375 0.0390625 0.0390625
0 0.91015625 0.8984375 0.0390625 0.0390625
0 0.71484375 0.90234375 0.0390625 0.0390625
0 0.84765625 0.90234375 0.0390625 0.0390625
0 0.77734375 0.9375 0.0390625 0.0390625
0 0.80078125 0.9375 0.0390625 0.0390625
0 0.8046875 0.9375 0.0390625 0.0390625
0 0.734375 0.94140625 0.0390625 0.0390625
0 0.7578125 0.94140625 0.0390625 0.0390625
0 0.80078125 0.94140625 0.0390625 0.0390625
0 0.8046875 0.94140625 0.0390625 0.0390625
0 0.8671875 0.94140625 0.0390625 0.0390625
0 0.88671875 0.94140625 0.0390625 0.0390625
0 0.890625 0.94140625 0.0390625 0.0390625
0 0.84375 0.9453125 0.0390625 0.0390625
0 0.84765625 0.9453125 0.0390625 0.0390625
0 0.84375 0.94921875 0.0390625 0.0390625
0 0.84765625 0.94921875 0.0390625 0.0390625
0 0.21484375 0.953125 0.0390625 0.0390625
0 0.2734375 0.95703125 0.0390625 0.0390625
0 0.15234375 0.96484375 0.0390625 0.0390625
0 0.15625 0.96484375 0.0390625 0.0390625
