0 0.1796875 0.02734375 0.0390625 0.0390625
0 0.21484375 0.03125 0.0390625 0.0390625
0 0.21875 0.03125 0.0390625 0.0390625
0 0.26953125 0.03125 0.0390625 0.0390625
0 0.2734375 0.03125 0.0390625 0.0390625
0 0.95703125 0.03125 0.0390625 0.0390625
0 0.21484375 0.03515625 0.0390625 0.0390625
0 0.21875 0.03515625 0.0390625 0.0390625
0 0.7265625 0.03515625 0.0390625 0.0390625
0 0.95703125 0.03515625 0.0390625 0.0390625
0 0.21875 0.16796875 0.0390625 0.0390625
0 0.21875 0.171875 0.0390625 0.0390625
0 0.5546875 0.171875 0.0390625 0.0390625
0 0.61328125 0.171875 0.0390625 0.0390625
0 0.34765625 0.17578125 0.0390625 0.0390625
0 0.390625 0.17578125 0.0390625 0.0390625
0 0.10546875 0.421875 0.0390625 0.0390625
0 0.1484375 0.421875 0.0390625 0.0390625
0 0.18359375 0.43359375 0.0390625 0.0390625
0 0.1875 0.43359375 0.0390625 0.0390625
0 0.09375 0.453125 0.0390625 0.0390625
0 0.09765625 0.453125 0.0390625 0.0390625
0 0.125 0.453125 0.0390625 0.0390625
0 0.1484375 0.453125 0.0390625 0.0390625
0 0.15234375 0.453125 0.0390625 0.0390625
0 0.09375 0.45703125 0.0390625 0.0390625
0 0.09765625 0.45703125 0.0390625 0.0390625
0 0.1484375 0.45703125 0.0390625 0.0390625
0 0.15234375 0.45703125 0.0390625 0.0390625
0 0.30078125 0.4609375 0.0390625 0.0390625
0 0.21484375 0.46484375 0.0390625 0.0390625
0 0.21875 0.46484375 0.0390625 0.0390625
0 0.30078125 0.46484375 0.0390625 0.0390625
0 0.3203125 0.46875 0.0390625 0.0390625
0 0.26953125 0.47265625 0.0390625 0.0390625
0 0.34375 0.4765625 0.0390625 0.0390625
0 0.36328125 0.4765625 0.0390625 0.0390625
0 0.3671875 0.4765625 0.0390625 0.0390625
0 0.390625 0.4765625 0.0390625 0.0390625
0 0.1953125 0.5234375 0.0390625 0.0390625
0 0.19921875 0.5234375 0.0390625 0.0390625
0 0.1171875 0.52734375 0.0390625 0.0390625
0 0.12109375 0.52734375 0.0390625 0.0390625
0 0.16796875 0.52734375 0.0390625 0.0390625
0 0.171875 0.52734375 0.0390625 0.0390625
0 0.1953125 0.52734375 0.0390625 0.0390625
0 0.19921875 0.52734375 0.0390625 0.0390625
0 0.4140625 0.52734375 0.0390625 0.0390625
0 0.1484375 0.53125 0.0390625 0.0390625
0 0.32421875 0.53125 0.0390625 0.0390625
0 0.4140625 0.53125 0.0390625 0.0390625
0 0.234375 0.53515625 0.0390625 0.0390625
0 0.23828125 0.53515625 0.0390625 0.0390625
0 0.703125 0.61328125 0.0390625 0.0390625
0 0.70703125 0.63671875 0.0390625 0.0390625
0 0.7109375 0.63671875 0.0390625 0.0390625
0 0.33984375 0.640625 0.0390625 0.0390625
0 0.7109375 0.6640625 0.0390625 0.0390625
0 0.7109375 0.66796875 0.0390625 0.0390625
0 0.4453125 0.6796875 0.0390625 0.0390625
0 0.44921875 0.6796875 0.0390625 0.0390625
0 0.44921875 0.68359375 0.0390625 0.0390625
0 0.71484375 0.68359375 0.0390625 0.0390625
0 0.71875 0.68359375 0.0390625 0.0390625
0 0.48828125 0.69921875 0.0390625 0.0390625
0 0.59375 0.69921875 0.0390625 0.0390625
0 0.59765625 0.69921875 0.0390625 0.0390625
0 0.48828125 0.703125 0.0390625 0.0390625
0 0.59375 0.703125 0.0390625 0.0390625
0 0.59765625 0.703125 0.0390625 0.0390625
0 0.72265625 0.71484375 0.0390625 0.0390625
0 0.7265625 0.71484375 0.0390625 0.0390625
0 0.48828125 0.72265625 0.0390625 0.0390625
0 0.3359375 0.73828125 0.0390625 0.0390625
0 0.484375 0.73828125 0.0390625 0.0390625
0 0.4375 0.7421875 0.0390625 0.0390625
0 0.44140625 0.7421875 0.0390625 0.0390625
0 0.59765625 0.7421875 0.0390625 0.0390625
0 0.484375 0.76171875 0.0390625 0.0390625
0 0.484375 0.765625 0.0390625 0.0390625
0 0.91796875 0.765625 0.0390625 0.0390625
0 0.96484375 0.765625 0.0390625 0.0390625
0 0.78515625 0.76953125 0.0390625 0.0390625
0 0.828125 0.76953125 0.0390625 0.0390625
0 0.83203125 0.76953125 0.0390625 0.0390625
0 0.94140625 0.76953125 0.0390625 0.0390625
0 0.828125 0.7734375 0.0390625 0.0390625
0 0.83203125 0.7734375 0.0390625 0.0390625
0 0.3359375 0.78515625 0.0390625 0.0390625
0 0.33984375 0.78515625 0.0390625 0.0390625
0 0.59765625 0.78515625 0.0390625 0.0390625
0 0.640625 0.78515625 0.0390625 0.0390625
0 0.640625 0.7890625 0.0390625 0.0390625
0 0.58984375 0.8046875 0.0390625 0.0390625
0 0.58984375 0.80859375 0.0390625 0.0390625
0 0.640625 0.81640625 0.0390625 0.0390625
0 0.64453125 0.81640625 0.0390625 0.0390625
0 0.640625 0.8203125 0.0390625 0.0390625
0 0.64453125 0.8203125 0.0390625 0.0390625
0 0.640625 0.85546875 0.0390625 0.0390625
0 0.64453125 0.85546875 0.0390625 0.0390625
0 0.765625 0.8671875 0.0390625 0.0390625
0 0.84765625 0.8671875 0.0390625 0.0390625
0 0.8515625 0.8671875 0.0390625 0.0390625
0 0.9140625 0.8671875 0.0390625 0.0390625
0 0.91796875 0.8671875 0.0390625 0.0390625
0 0.78515625 0.87109375 0.0390625 0.0390625
0 0.7890625 0.87109375 0.0390625 0.0390625
0 0.80859375 0.87109375 0.0390625 0.0390625
0 0.828125 0.87109375 0.0390625 0.0390625
0 0.83203125 0.87109375 0.0390625 0.0390625
0 0.84765625 0.87109375 0.0390625 0.0390625
0 0.8515625 0.87109375 0.0390625 0.0390625
0 0.89453125 0.87109375 0.0390625 0.0390625
0 0.58984375 0.875 0.0390625 0.0390625
0 0.59375 0.875 0.0390625 0.0390625
0 0.94140625 0.875 0.0390625 0.0390625
0 0.87109375 0.87890625 0.0390625 0.0390625
0 0.4375 0.890625 0.0390625 0.0390625
0 0.484375 0.890625 0.0390625 0.0390625
0 0.58984375 0.89453125 0.0390625 0.0390625
0 0.640625 0.8984375 0.0390625 0.0390625
0 0.64453125 0.8984375 0.0390625 0.0390625
0 0.765625 0.90625 0.0390625 0.0390625
0 0.78515625 0.90625 0.0390625 0.0390625
0 0.7890625 0.90625 0.0390625 0.0390625
0 0.7421875 0.91015625 0.0390625 0.0390625
0 0.765625 0.91015625 0.0390625 0.0390625
0 0.89453125 0.91015625 0.0390625 0.0390625
0 0.94140625 0.91015625 0.0390625 0.0390625
0 0.9453125 0.91015625 0.0390625 0.0390625
0 0.48046875 0.9140625 0.0390625 0.0390625
0 0.8046875 0.9140625 0.0390625 0.0390625
0 0.80859375 0.9140625 0.0390625 0.0390625
0 0.828125 0.9140625 0.0390625 0.0390625
0 0.83203125 0.9140625 0.0390625 0.0390625
0 0.8515625 0.9140625 0.0390625 0.0390625
0 0.87109375 0.9140625 0.0390625 0.0390625
0 0.875 0.9140625 0.0390625 0.0390625
0 0.89453125 0.9140625 0.0390625 0.0390625
0 0.91796875 0.9140625 0.0390625 0.0390625
0 0.94140625 0.9140625 0.0390625 0.0390625
0 0.9453125 0.9140625 0.0390625 0.0390625
0 0.91796875 0.91796875 0.0390625 0.0390625
0 0.63671875 0.921875 0.0390625 0.0390625
0 0.640625 0.921875 0.0390625 0.0390625
0 0.33203125 0.9296875 0.0390625 0.0390625
0 0.43359375 0.93359375 0.0390625 0.0390625
0 0.4375 0.93359375 0.0390625 0.0390625
0 0.484375 0.93359375 0.0390625 0.0390625
0 0.59375 0.93359375 0.0390625 0.0390625
0 0.59375 0.9375 0.0390625 0.0390625
0 0.640625 0.9453125 0.0390625 0.0390625
0 0.3359375 0.953125 0.0390625 0.0390625
0 0.4453125 0.953125 0.0390625 0.0390625
0 0.4453125 0.95703125 0.0390625 0.0390625
0 0.48046875 0.95703125 0.0390625 0.0390625
0 0.484375 0.95703125 0.0390625 0.0390625
0 0.640625 0.96484375 0.0390625 0.0390625
0 0.33203125 0.97265625 0.0390625 0.0390625
0 0.33203125 0.9765625 0.0390625 0.0390625
0 0.484375 0.9765625 0.0390625 0.0390625
0 0.59765625 0.9765625 0.0390625 0.0390625
0 0.59765625 0.98046875 0.0390625 0.0390625
0 0.640625 0.98046875 0.0390625 0.0390625
0 0.64453125 0.98046875 0.0390625 0.0390625
0 0.640625 0.984375 0.0390625 0.0390625
0 0.64453125 0.984375 0.0390625 0.0390625
0 0.484375 0.99609375 0.0390625 0.0390625
0 0.58984375 0.99609375 0.0390625 0.0390625
0 0.59375 0.99609375 0.0390625 0.0390625
