0 0.51953125 0.01953125 0.0390625 0.0390625
0 0.53515625 0.01953125 0.0390625 0.0390625
0 0.53515625 0.0234375 0.0390625 0.0390625
0 0.55859375 0.0234375 0.0390625 0.0390625
0 0.6015625 0.0234375 0.0390625 0.0390625
0 0.33984375 0.05078125 0.0390625 0.0390625
0 0.8984375 0.17578125 0.0390625 0.0390625
0 0.28515625 0.37890625 0.0390625 0.0390625
0 0.33203125 0.65625 0.0390625 0.0390625
0 0.3359375 0.65625 0.0390625 0.0390625
0 0.33203125 0.66015625 0.0390625 0.0390625
0 0.3359375 0.66015625 0.0390625 0.0390625
0 0.20703125 0.703125 0.0390625 0.0390625
0 0.25390625 0.70703125 0.0390625 0.0390625
0 0.29296875 0.78125 0.0390625 0.0390625
0 0.40234375 0.92578125 0.0390625 0.0390625
