0 0.91015625 0.00390625 0.0390625 0.0390625
0 0.9140625 0.00390625 0.0390625 0.0390625
0 0.91015625 0.0078125 0.0390625 0.0390625
0 0.9140625 0.0078125 0.0390625 0.0390625
0 0.87109375 0.10546875 0.0390625 0.0390625
0 0.83203125 0.109375 0.0390625 0.0390625
0 0.91015625 0.109375 0.0390625 0.0390625
0 0.74609375 0.16015625 0.0390625 0.0390625
0 0.3828125 0.3203125 0.0390625 0.0390625
0 0.30078125 0.32421875 0.0390625 0.0390625
0 0.3828125 0.32421875 0.0390625 0.0390625
0 0.70703125 0.33984375 0.0390625 0.0390625
0 0.22265625 0.42578125 0.0390625 0.0390625
0 0.2265625 0.42578125 0.0390625 0.0390625
0 0.22265625 0.4296875 0.0390625 0.0390625
0 0.2265625 0.4296875 0.0390625 0.0390625
0 0.9140625 0.484375 0.0390625 0.0390625
0 0.9765625 0.484375 0.0390625 0.0390625
0 0.30078125 0.52734375 0.0390625 0.0390625
0 0.3046875 0.52734375 0.0390625 0.0390625
0 0.30078125 0.53125 0.0390625 0.0390625
0 0.3046875 0.53125 0.0390625 0.0390625
0 0.88671875 0.62890625 0.0390625 0.0390625
0 0.59765625 0.6328125 0.0390625 0.0390625
0 0.2265625 0.63671875 0.0390625 0.0390625
0 0.23046875 0.63671875 0.0390625 0.0390625
0 0.2734375 0.63671875 0.0390625 0.0390625
0 0.7109375 0.63671875 0.0390625 0.0390625
0 0.75 0.63671875 0.0390625 0.0390625
0 0.75390625 0.63671875 0.0390625 0.0390625
0 0.76953125 0.63671875 0.0390625 0.0390625
0 0.7734375 0.63671875 0.0390625 0.0390625
0 0.79296875 0.63671875 0.0390625 0.0390625
0 0.8125 0.63671875 0.0390625 0.0390625
0 0.81640625 0.63671875 0.0390625 0.0390625
0 0.2734375 0.640625 0.0390625 0.0390625
0 0.359375 0.640625 0.0390625 0.0390625
0 0.75 0.640625 0.0390625 0.0390625
0 0.75390625 0.640625 0.0390625 0.0390625
0 0.8125 0.640625 0.0390625 0.0390625
0 0.81640625 0.640625 0.0390625 0.0390625
0 0.359375 0.64453125 0.0390625 0.0390625
0 0.51171875 0.64453125 0.0390625 0.0390625
0 0.421875 0.6484375 0.0390625 0.0390625
0 0.51171875 0.6484375 0.0390625 0.0390625
0 0.421875 0.65234375 0.0390625 0.0390625
0 0.890625 0.65234375 0.0390625 0.0390625
0 0.23046875 0.74609375 0.0390625 0.0390625
0 0.23046875 0.75 0.0390625 0.0390625
0 0.375 0.75390625 0.0390625 0.0390625
0 0.37890625 0.75390625 0.0390625 0.0390625
0 0.546875 0.75390625 0.0390625 0.0390625
0 0.55078125 0.75390625 0.0390625 0.0390625
0 0.61328125 0.75390625 0.0390625 0.0390625
0 0.6328125 0.75390625 0.0390625 0.0390625
0 0.65625 0.75390625 0.0390625 0.0390625
0 0.66015625 0.75390625 0.0390625 0.0390625
0 0.67578125 0.75390625 0.0390625 0.0390625
0 0.69921875 0.75390625 0.0390625 0.0390625
0 0.375 0.7578125 0.0390625 0.0390625
0 0.37890625 0.7578125 0.0390625 0.0390625
0 0.41796875 0.7578125 0.0390625 0.0390625
0 0.421875 0.7578125 0.0390625 0.0390625
0 0.4609375 0.7578125 0.0390625 0.0390625
0 0.546875 0.7578125 0.0390625 0.0390625
0 0.55078125 0.7578125 0.0390625 0.0390625
0 0.58984375 0.7578125 0.0390625 0.0390625
0 0.6328125 0.7578125 0.0390625 0.0390625
0 0.65625 0.7578125 0.0390625 0.0390625
0 0.66015625 0.7578125 0.0390625 0.0390625
0 0.67578125 0.7578125 0.0390625 0.0390625
0 0.69921875 0.7578125 0.0390625 0.0390625
0 0.71875 0.7578125 0.0390625 0.0390625
0 0.72265625 0.7578125 0.0390625 0.0390625
0 0.1875 0.7890625 0.0390625 0.0390625
0 0.19140625 0.7890625 0.0390625 0.0390625
0 0.4296875 0.79296875 0.0390625 0.0390625
0 0.453125 0.79296875 0.0390625 0.0390625
0 0.45703125 0.79296875 0.0390625 0.0390625
0 0.484375 0.79296875 0.0390625 0.0390625
0 0.59375 0.79296875 0.0390625 0.0390625
0 0.59765625 0.79296875 0.0390625 0.0390625
0 0.453125 0.796875 0.0390625 0.0390625
0 0.45703125 0.796875 0.0390625 0.0390625
0 0.484375 0.796875 0.0390625 0.0390625
0 0.59375 0.796875 0.0390625 0.0390625
0 0.59765625 0.796875 0.0390625 0.0390625
0 0.625 0.796875 0.0390625 0.0390625
0 0.65625 0.796875 0.0390625 0.0390625
0 0.51171875 0.80078125 0.0390625 0.0390625
0 0.5625 0.80078125 0.0390625 0.0390625
0 0.56640625 0.80078125 0.0390625 0.0390625
0 0.68359375 0.80078125 0.0390625 0.0390625
0 0.5625 0.8046875 0.0390625 0.0390625
0 0.56640625 0.8046875 0.0390625 0.0390625
0 0.70703125 0.80859375 0.0390625 0.0390625
0 0.51171875 0.87890625 0.0390625 0.0390625
0 0.515625 0.87890625 0.0390625 0.0390625
0 0.51171875 0.8828125 0.0390625 0.0390625
0 0.515625 0.8828125 0.0390625 0.0390625
0 0.41796875 0.88671875 0.0390625 0.0390625
0 0.421875 0.88671875 0.0390625 0.0390625
0 0.44140625 0.88671875 0.0390625 0.0390625
0 0.484375 0.88671875 0.0390625 0.0390625
0 0.55078125 0.89453125 0.0390625 0.0390625
0 0.5546875 0.89453125 0.0390625 0.0390625
