0 0.77734375 0.00390625 0.0390625 0.0390625
0 0.8984375 0.0078125 0.0390625 0.0390625
0 0.9375 0.01171875 0.0390625 0.0390625
0 0.94140625 0.01171875 0.0390625 0.0390625
0 0.7734375 0.02734375 0.0390625 0.0390625
0 0.77734375 0.02734375 0.0390625 0.0390625
0 0.89453125 0.02734375 0.0390625 0.0390625
0 0.8984375 0.02734375 0.0390625 0.0390625
0 0.7734375 0.03125 0.0390625 0.0390625
0 0.77734375 0.03125 0.0390625 0.0390625
0 0.9375 0.03125 0.0390625 0.0390625
0 0.77734375 0.05078125 0.0390625 0.0390625
0 0.78125 0.05078125 0.0390625 0.0390625
0 0.890625 0.05078125 0.0390625 0.0390625
0 0.94140625 0.05078125 0.0390625 0.0390625
0 0.890625 0.0546875 0.0390625 0.0390625
0 0.94140625 0.06640625 0.0390625 0.0390625
0 0.9453125 0.06640625 0.0390625 0.0390625
0 0.7734375 0.0703125 0.0390625 0.0390625
0 0.77734375 0.0703125 0.0390625 0.0390625
0 0.89453125 0.0703125 0.0390625 0.0390625
0 0.94140625 0.0703125 0.0390625 0.0390625
0 0.9453125 0.0703125 0.0390625 0.0390625
0 0.6796875 0.0859375 0.0390625 0.0390625
0 0.7734375 0.08984375 0.0390625 0.0390625
0 0.89453125 0.08984375 0.0390625 0.0390625
0 0.93359375 0.08984375 0.0390625 0.0390625
0 0.7734375 0.09375 0.0390625 0.0390625
0 0.89453125 0.09375 0.0390625 0.0390625
0 0.890625 0.109375 0.0390625 0.0390625
0 0.9375 0.109375 0.0390625 0.0390625
0 0.890625 0.11328125 0.0390625 0.0390625
0 0.9375 0.11328125 0.0390625 0.0390625
0 0.8984375 0.1328125 0.0390625 0.0390625
0 0.94140625 0.1328125 0.0390625 0.0390625
0 0.8984375 0.15234375 0.0390625 0.0390625
0 0.9375 0.15234375 0.0390625 0.0390625
0 0.62109375 0.15625 0.0390625 0.0390625
0 0.890625 0.16796875 0.0390625 0.0390625
0 0.890625 0.171875 0.0390625 0.0390625
0 0.93359375 0.17578125 0.0390625 0.0390625
0 0.9375 0.17578125 0.0390625 0.0390625
0 0.8984375 0.1875 0.0390625 0.0390625
0 0.8984375 0.19140625 0.0390625 0.0390625
0 0.9375 0.19140625 0.0390625 0.0390625
0 0.93359375 0.2109375 0.0390625 0.0390625
0 0.8828125 0.21484375 0.0390625 0.0390625
0 0.93359375 0.21484375 0.0390625 0.0390625
0 0.9296875 0.2265625 0.0390625 0.0390625
0 0.890625 0.23046875 0.0390625 0.0390625
0 0.9296875 0.23046875 0.0390625 0.0390625
0 0.88671875 0.25 0.0390625 0.0390625
0 0.890625 0.25 0.0390625 0.0390625
0 0.88671875 0.25390625 0.0390625 0.0390625
0 0.890625 0.25390625 0.0390625 0.0390625
0 0.9296875 0.25390625 0.0390625 0.0390625
0 0.93359375 0.25390625 0.0390625 0.0390625
0 0.890625 0.26953125 0.0390625 0.0390625
0 0.890625 0.2734375 0.0390625 0.0390625
0 0.93359375 0.2734375 0.0390625 0.0390625
0 0.83203125 0.36328125 0.0390625 0.0390625
0 0.80859375 0.3671875 0.0390625 0.0390625
0 0.8125 0.3671875 0.0390625 0.0390625
0 0.83203125 0.3671875 0.0390625 0.0390625
0 0.55859375 0.42578125 0.0390625 0.0390625
0 0.53125 0.45703125 0.0390625 0.0390625
0 0.53515625 0.45703125 0.0390625 0.0390625
0 0.69921875 0.46875 0.0390625 0.0390625
0 0.703125 0.46875 0.0390625 0.0390625
0 0.55859375 0.48828125 0.0390625 0.0390625
0 0.9453125 0.48828125 0.0390625 0.0390625
0 0.6171875 0.765625 0.0390625 0.0390625
0 0.6171875 0.76953125 0.0390625 0.0390625
0 0.61328125 0.83203125 0.0390625 0.0390625
0 0.6171875 0.83203125 0.0390625 0.0390625
0 0.671875 0.84375 0.0390625 0.0390625
0 0.671875 0.84765625 0.0390625 0.0390625
0 0.58984375 0.90234375 0.0390625 0.0390625
0 0.58984375 0.90625 0.0390625 0.0390625
0 0.90234375 0.92578125 0.0390625 0.0390625
0 0.90625 0.92578125 0.0390625 0.0390625
0 0.90234375 0.9296875 0.0390625 0.0390625
0 0.90625 0.9296875 0.0390625 0.0390625
0 0.671875 0.94140625 0.0390625 0.0390625
0 0.90234375 0.94921875 0.0390625 0.0390625
0 0.8984375 0.96875 0.0390625 0.0390625
0 0.90234375 0.96875 0.0390625 0.0390625
0 0.8984375 0.97265625 0.0390625 0.0390625
0 0.90234375 0.97265625 0.0390625 0.0390625
0 0.90234375 0.98828125 0.0390625 0.0390625
0 0.671875 0.9921875 0.0390625 0.0390625
0 0.90234375 0.9921875 0.0390625 0.0390625
0 0.671875 0.99609375 0.0390625 0.0390625
