0 0.62890625 0.0 0.0390625 0.0390625
0 0.53515625 0.00390625 0.0390625 0.0390625
0 0.58984375 0.00390625 0.0390625 0.0390625
0 0.59375 0.00390625 0.0390625 0.0390625
0 0.62890625 0.00390625 0.0390625 0.0390625
0 0.65625 0.00390625 0.0390625 0.0390625
0 0.65625 0.0078125 0.0390625 0.0390625
0 0.77734375 0.0078125 0.0390625 0.0390625
0 0.78125 0.0078125 0.0390625 0.0390625
0 0.90625 0.0078125 0.0390625 0.0390625
0 0.41796875 0.03125 0.0390625 0.0390625
0 0.44140625 0.03515625 0.0390625 0.0390625
0 0.46484375 0.0390625 0.0390625 0.0390625
0 0.46484375 0.04296875 0.0390625 0.0390625
0 0.0546875 0.18359375 0.0390625 0.0390625
0 0.984375 0.1953125 0.0390625 0.0390625
0 0.79296875 0.203125 0.0390625 0.0390625
0 0.8125 0.203125 0.0390625 0.0390625
0 0.85546875 0.203125 0.0390625 0.0390625
0 0.859375 0.203125 0.0390625 0.0390625
0 0.87890625 0.203125 0.0390625 0.0390625
0 0.8984375 0.203125 0.0390625 0.0390625
0 0.91796875 0.203125 0.0390625 0.0390625
0 0.94140625 0.203125 0.0390625 0.0390625
0 0.8984375 0.20703125 0.0390625 0.0390625
0 0.96484375 0.20703125 0.0390625 0.0390625
0 0.78125 0.296875 0.0390625 0.0390625
0 0.984375 0.296875 0.0390625 0.0390625
0 0.98828125 0.296875 0.0390625 0.0390625
0 0.984375 0.30078125 0.0390625 0.0390625
0 0.98828125 0.30078125 0.0390625 0.0390625
0 0.75 0.3046875 0.0390625 0.0390625
0 0.9609375 0.3046875 0.0390625 0.0390625
0 0.96484375 0.3046875 0.0390625 0.0390625
0 0.875 0.30859375 0.0390625 0.0390625
0 0.87890625 0.30859375 0.0390625 0.0390625
0 0.8984375 0.30859375 0.0390625 0.0390625
0 0.94140625 0.30859375 0.0390625 0.0390625
0 0.8984375 0.36328125 0.0390625 0.0390625
0 0.75 0.3671875 0.0390625 0.0390625
0 0.9609375 0.3671875 0.0390625 0.0390625
0 0.96484375 0.3671875 0.0390625 0.0390625
0 0.22265625 0.4453125 0.0390625 0.0390625
0 0.22265625 0.44921875 0.0390625 0.0390625
0 0.22265625 0.49609375 0.0390625 0.0390625
0 0.87109375 0.50390625 0.0390625 0.0390625
0 0.9140625 0.50390625 0.0390625 0.0390625
0 0.765625 0.5078125 0.0390625 0.0390625
0 0.921875 0.52734375 0.0390625 0.0390625
0 0.87109375 0.53125 0.0390625 0.0390625
0 0.875 0.53125 0.0390625 0.0390625
0 0.921875 0.53125 0.0390625 0.0390625
0 0.77734375 0.58984375 0.0390625 0.0390625
0 0.78125 0.58984375 0.0390625 0.0390625
0 0.77734375 0.59375 0.0390625 0.0390625
0 0.78125 0.59375 0.0390625 0.0390625
0 0.91796875 0.59375 0.0390625 0.0390625
0 0.921875 0.59375 0.0390625 0.0390625
0 0.76953125 0.6328125 0.0390625 0.0390625
0 0.7734375 0.6328125 0.0390625 0.0390625
0 0.76953125 0.63671875 0.0390625 0.0390625
0 0.7734375 0.63671875 0.0390625 0.0390625
0 0.91796875 0.6796875 0.0390625 0.0390625
0 0.921875 0.6796875 0.0390625 0.0390625
0 0.61328125 0.72265625 0.0390625 0.0390625
0 0.9140625 0.72265625 0.0390625 0.0390625
0 0.9140625 0.7265625 0.0390625 0.0390625
0 0.0703125 0.83984375 0.0390625 0.0390625
0 0.0703125 0.84375 0.0390625 0.0390625
0 0.42578125 0.84375 0.0390625 0.0390625
0 0.96484375 0.8515625 0.0390625 0.0390625
0 0.96484375 0.85546875 0.0390625 0.0390625
0 0.04296875 0.921875 0.0390625 0.0390625
0 0.8046875 0.953125 0.0390625 0.0390625
0 0.80859375 0.953125 0.0390625 0.0390625
0 0.42578125 0.98046875 0.0390625 0.0390625
0 0.42578125 0.984375 0.0390625 0.0390625
0 0.60546875 0.98828125 0.0390625 0.0390625
0 0.92578125 0.9921875 0.0390625 0.0390625
0 0.9296875 0.9921875 0.0390625 0.0390625
0 0.92578125 0.99609375 0.0390625 0.0390625
0 0.9296875 0.99609375 0.0390625 0.0390625
