0 0.87890625 0.0546875 0.0390625 0.0390625
0 0.56640625 0.07421875 0.0390625 0.0390625
0 0.5703125 0.07421875 0.0390625 0.0390625
0 0.56640625 0.078125 0.0390625 0.0390625
0 0.5703125 0.078125 0.0390625 0.0390625
0 0.609375 0.078125 0.0390625 0.0390625
0 0.578125 0.09375 0.0390625 0.0390625
0 0.578125 0.09765625 0.0390625 0.0390625
0 0.8828125 0.1015625 0.0390625 0.0390625
0 0.88671875 0.1171875 0.0390625 0.0390625
0 0.58984375 0.13671875 0.0390625 0.0390625
0 0.8828125 0.13671875 0.0390625 0.0390625
0 0.58984375 0.140625 0.0390625 0.0390625
0 0.8828125 0.140625 0.0390625 0.0390625
0 0.88671875 0.18359375 0.0390625 0.0390625
0 0.83203125 0.23046875 0.0390625 0.0390625
0 0.8359375 0.23046875 0.0390625 0.0390625
0 0.875 0.23046875 0.0390625 0.0390625
0 0.87890625 0.23046875 0.0390625 0.0390625
0 0.875 0.234375 0.0390625 0.0390625
0 0.87890625 0.234375 0.0390625 0.0390625
0 0.6796875 0.30859375 0.0390625 0.0390625
0 0.5234375 0.3515625 0.0390625 0.0390625
0 0.96484375 0.3515625 0.0390625 0.0390625
0 0.96484375 0.37109375 0.0390625 0.0390625
0 0.57421875 0.375 0.0390625 0.0390625
0 0.57421875 0.37890625 0.0390625 0.0390625
0 0.96484375 0.390625 0.0390625 0.0390625
0 0.8671875 0.51953125 0.0390625 0.0390625
0 0.8671875 0.5390625 0.0390625 0.0390625
0 0.9609375 0.55859375 0.0390625 0.0390625
0 0.09765625 0.5625 0.0390625 0.0390625
0 0.09765625 0.56640625 0.0390625 0.0390625
0 0.87109375 0.58203125 0.0390625 0.0390625
0 0.875 0.58203125 0.0390625 0.0390625
0 0.953125 0.58203125 0.0390625 0.0390625
0 0.95703125 0.58203125 0.0390625 0.0390625
0 0.95703125 0.5859375 0.0390625 0.0390625
0 0.3828125 0.6015625 0.0390625 0.0390625
0 0.99609375 0.6015625 0.0390625 0.0390625
0 0.87109375 0.60546875 0.0390625 0.0390625
0 0.99609375 0.60546875 0.0390625 0.0390625
0 0.44921875 0.609375 0.0390625 0.0390625
0 0.47265625 0.609375 0.0390625 0.0390625
0 0.96875 0.609375 0.0390625 0.0390625
0 0.96875 0.61328125 0.0390625 0.0390625
0 0.0703125 0.625 0.0390625 0.0390625
0 0.17578125 0.62890625 0.0390625 0.0390625
0 0.95703125 0.62890625 0.0390625 0.0390625
0 0.8359375 0.640625 0.0390625 0.0390625
0 0.875 0.6484375 0.0390625 0.0390625
0 0.875 0.65234375 0.0390625 0.0390625
0 0.95703125 0.65234375 0.0390625 0.0390625
0 0.9609375 0.65234375 0.0390625 0.0390625
0 0.734375 0.66796875 0.0390625 0.0390625
0 0.734375 0.671875 0.0390625 0.0390625
0 0.30859375 0.73046875 0.0390625 0.0390625
0 0.3125 0.73046875 0.0390625 0.0390625
0 0.39453125 0.73046875 0.0390625 0.0390625
0 0.4140625 0.73046875 0.0390625 0.0390625
0 0.4375 0.73046875 0.0390625 0.0390625
0 0.45703125 0.73046875 0.0390625 0.0390625
0 0.4609375 0.73046875 0.0390625 0.0390625
0 0.48046875 0.73046875 0.0390625 0.0390625
0 0.546875 0.73046875 0.0390625 0.0390625
0 0.55078125 0.73046875 0.0390625 0.0390625
0 0.56640625 0.73046875 0.0390625 0.0390625
0 0.35546875 0.734375 0.0390625 0.0390625
0 0.37890625 0.734375 0.0390625 0.0390625
0 0.39453125 0.734375 0.0390625 0.0390625
0 0.4375 0.734375 0.0390625 0.0390625
0 0.45703125 0.734375 0.0390625 0.0390625
0 0.4609375 0.734375 0.0390625 0.0390625
0 0.3359375 0.80078125 0.0390625 0.0390625
0 0.3359375 0.8046875 0.0390625 0.0390625
0 0.7734375 0.80859375 0.0390625 0.0390625
0 0.77734375 0.80859375 0.0390625 0.0390625
0 0.90625 0.80859375 0.0390625 0.0390625
0 0.83984375 0.8125 0.0390625 0.0390625
0 0.84375 0.8125 0.0390625 0.0390625
0 0.796875 0.81640625 0.0390625 0.0390625
0 0.80078125 0.81640625 0.0390625 0.0390625
0 0.8203125 0.81640625 0.0390625 0.0390625
0 0.83984375 0.81640625 0.0390625 0.0390625
0 0.84375 0.81640625 0.0390625 0.0390625
0 0.859375 0.81640625 0.0390625 0.0390625
0 0.74609375 0.84375 0.0390625 0.0390625
0 0.94921875 0.84375 0.0390625 0.0390625
0 0.953125 0.84375 0.0390625 0.0390625
0 0.74609375 0.84765625 0.0390625 0.0390625
0 0.94921875 0.86328125 0.0390625 0.0390625
0 0.73828125 0.8671875 0.0390625 0.0390625
0 0.73828125 0.87109375 0.0390625 0.0390625
0 0.8359375 0.875 0.0390625 0.0390625
0 0.8359375 0.87890625 0.0390625 0.0390625
0 0.4296875 0.8828125 0.0390625 0.0390625
0 0.49609375 0.8828125 0.0390625 0.0390625
0 0.94921875 0.8828125 0.0390625 0.0390625
0 0.953125 0.8828125 0.0390625 0.0390625
0 0.4296875 0.88671875 0.0390625 0.0390625
0 0.94921875 0.88671875 0.0390625 0.0390625
0 0.953125 0.88671875 0.0390625 0.0390625
0 0.36328125 0.890625 0.0390625 0.0390625
0 0.73828125 0.890625 0.0390625 0.0390625
0 0.8359375 0.8984375 0.0390625 0.0390625
0 0.9453125 0.90625 0.0390625 0.0390625
0 0.73828125 0.91015625 0.0390625 0.0390625
0 0.52734375 0.9140625 0.0390625 0.0390625
0 0.53125 0.9140625 0.0390625 0.0390625
0 0.52734375 0.91796875 0.0390625 0.0390625
0 0.53125 0.91796875 0.0390625 0.0390625
0 0.44921875 0.921875 0.0390625 0.0390625
0 0.8359375 0.921875 0.0390625 0.0390625
0 0.83984375 0.921875 0.0390625 0.0390625
0 0.42578125 0.92578125 0.0390625 0.0390625
0 0.4296875 0.92578125 0.0390625 0.0390625
0 0.44921875 0.92578125 0.0390625 0.0390625
0 0.390625 0.9296875 0.0390625 0.0390625
0 0.42578125 0.9296875 0.0390625 0.0390625
0 0.4296875 0.9296875 0.0390625 0.0390625
0 0.73828125 0.9296875 0.0390625 0.0390625
0 0.94140625 0.9296875 0.0390625 0.0390625
0 0.9453125 0.9296875 0.0390625 0.0390625
0 0.56640625 0.94140625 0.0390625 0.0390625
0 0.83984375 0.94140625 0.0390625 0.0390625
0 0.56640625 0.9453125 0.0390625 0.0390625
0 0.94140625 0.94921875 0.0390625 0.0390625
0 0.9453125 0.94921875 0.0390625 0.0390625
0 0.7421875 0.953125 0.0390625 0.0390625
0 0.94140625 0.953125 0.0390625 0.0390625
0 0.9453125 0.953125 0.0390625 0.0390625
0 0.7421875 0.95703125 0.0390625 0.0390625
0 0.8359375 0.96484375 0.0390625 0.0390625
0 0.73828125 0.9765625 0.0390625 0.0390625
