0 0.80078125 0.06640625 0.0390625 0.0390625
0 0.83984375 0.24609375 0.0390625 0.0390625
0 0.84375 0.265625 0.0390625 0.0390625
0 0.84375 0.26953125 0.0390625 0.0390625
0 0.84375 0.29296875 0.0390625 0.0390625
0 0.84765625 0.29296875 0.0390625 0.0390625
0 0.84375 0.31640625 0.0390625 0.0390625
0 0.84765625 0.31640625 0.0390625 0.0390625
0 0.84375 0.3203125 0.0390625 0.0390625
0 0.84765625 0.3203125 0.0390625 0.0390625
0 0.84375 0.3359375 0.0390625 0.0390625
0 0.0078125 0.61328125 0.0390625 0.0390625
0 0.96484375 0.62109375 0.0390625 0.0390625
0 0.96875 0.62109375 0.0390625 0.0390625
0 0.96484375 0.625 0.0390625 0.0390625
0 0.96875 0.625 0.0390625 0.0390625
0 0.0 0.6484375 0.0390625 0.0390625
0 0.00390625 0.6484375 0.0390625 0.0390625
0 0.00390625 0.65234375 0.0390625 0.0390625
0 0.6015625 0.65234375 0.0390625 0.0390625
0 0.1484375 0.65625 0.0390625 0.0390625
0 0.6015625 0.65625 0.0390625 0.0390625
0 0.23828125 0.9375 0.0390625 0.0390625
0 0.2421875 0.9375 0.0390625 0.0390625
