0 0.45703125 0.1484375 0.0390625 0.0390625
0 0.4609375 0.1484375 0.0390625 0.0390625
0 0.2734375 0.15234375 0.0390625 0.0390625
0 0.421875 0.15234375 0.0390625 0.0390625
0 0.45703125 0.15234375 0.0390625 0.0390625
0 0.4609375 0.15234375 0.0390625 0.0390625
0 0.76171875 0.15234375 0.0390625 0.0390625
0 0.765625 0.15234375 0.0390625 0.0390625
0 0.2734375 0.15625 0.0390625 0.0390625
0 0.484375 0.15625 0.0390625 0.0390625
0 0.48828125 0.15625 0.0390625 0.0390625
0 0.52734375 0.15625 0.0390625 0.0390625
0 0.53125 0.15625 0.0390625 0.0390625
0 0.55078125 0.15625 0.0390625 0.0390625
0 0.5546875 0.15625 0.0390625 0.0390625
0 0.59765625 0.15625 0.0390625 0.0390625
0 0.61328125 0.15625 0.0390625 0.0390625
0 0.6171875 0.15625 0.0390625 0.0390625
0 0.69921875 0.15625 0.0390625 0.0390625
0 0.71875 0.15625 0.0390625 0.0390625
0 0.72265625 0.15625 0.0390625 0.0390625
0 0.76171875 0.15625 0.0390625 0.0390625
0 0.765625 0.15625 0.0390625 0.0390625
0 0.78515625 0.15625 0.0390625 0.0390625
0 0.80859375 0.15625 0.0390625 0.0390625
0 0.52734375 0.16015625 0.0390625 0.0390625
0 0.53125 0.16015625 0.0390625 0.0390625
0 0.57421875 0.16015625 0.0390625 0.0390625
0 0.63671875 0.16015625 0.0390625 0.0390625
0 0.66015625 0.16015625 0.0390625 0.0390625
0 0.6796875 0.16015625 0.0390625 0.0390625
0 0.69921875 0.16015625 0.0390625 0.0390625
0 0.71875 0.16015625 0.0390625 0.0390625
0 0.72265625 0.16015625 0.0390625 0.0390625
0 0.78515625 0.16015625 0.0390625 0.0390625
0 0.80859375 0.16015625 0.0390625 0.0390625
0 0.7421875 0.22265625 0.0390625 0.0390625
0 0.6953125 0.2265625 0.0390625 0.0390625
0 0.76171875 0.2265625 0.0390625 0.0390625
0 0.765625 0.2265625 0.0390625 0.0390625
0 0.6953125 0.23046875 0.0390625 0.0390625
0 0.76171875 0.23046875 0.0390625 0.0390625
0 0.765625 0.23046875 0.0390625 0.0390625
0 0.8125 0.23046875 0.0390625 0.0390625
0 0.8125 0.234375 0.0390625 0.0390625
0 0.6796875 0.33203125 0.0390625 0.0390625
0 0.76171875 0.33203125 0.0390625 0.0390625
0 0.80859375 0.33203125 0.0390625 0.0390625
0 0.72265625 0.3359375 0.0390625 0.0390625
0 0.0234375 0.390625 0.0390625 0.0390625
0 0.0390625 0.48828125 0.0390625 0.0390625
0 0.0390625 0.4921875 0.0390625 0.0390625
0 0.04296875 0.55859375 0.0390625 0.0390625
0 0.28515625 0.5625 0.0390625 0.0390625
0 0.2890625 0.5625 0.0390625 0.0390625
0 0.77734375 0.6640625 0.0390625 0.0390625
0 0.78125 0.6640625 0.0390625 0.0390625
0 0.05859375 0.84765625 0.0390625 0.0390625
0 0.0625 0.84765625 0.0390625 0.0390625
0 0.01953125 0.8515625 0.0390625 0.0390625
0 0.05859375 0.8515625 0.0390625 0.0390625
0 0.0625 0.8515625 0.0390625 0.0390625
0 0.01953125 0.85546875 0.0390625 0.0390625
0 0.66015625 0.9765625 0.0390625 0.0390625
