0 0.55859375 0.15625 0.0390625 0.0390625
0 0.5625 0.15625 0.0390625 0.0390625
0 0.55859375 0.16015625 0.0390625 0.0390625
0 0.5625 0.16015625 0.0390625 0.0390625
0 0.10546875 0.1875 0.0390625 0.0390625
0 0.40625 0.296875 0.0390625 0.0390625
0 0.55859375 0.31640625 0.0390625 0.0390625
0 0.125 0.39453125 0.0390625 0.0390625
0 0.12890625 0.39453125 0.0390625 0.0390625
0 0.125 0.3984375 0.0390625 0.0390625
0 0.12890625 0.3984375 0.0390625 0.0390625
0 0.55859375 0.546875 0.0390625 0.0390625
0 0.55859375 0.55078125 0.0390625 0.0390625
0 0.55859375 0.59765625 0.0390625 0.0390625
0 0.9609375 0.6171875 0.0390625 0.0390625
0 0.40234375 0.64453125 0.0390625 0.0390625
0 0.765625 0.7890625 0.0390625 0.0390625
0 0.765625 0.79296875 0.0390625 0.0390625
0 0.7890625 0.79296875 0.0390625 0.0390625
0 0.8125 0.79296875 0.0390625 0.0390625
0 0.85546875 0.79296875 0.0390625 0.0390625
0 0.8984375 0.79296875 0.0390625 0.0390625
0 0.90234375 0.79296875 0.0390625 0.0390625
0 0.91796875 0.79296875 0.0390625 0.0390625
0 0.921875 0.79296875 0.0390625 0.0390625
0 0.9375 0.79296875 0.0390625 0.0390625
0 0.7890625 0.796875 0.0390625 0.0390625
0 0.8359375 0.796875 0.0390625 0.0390625
0 0.875 0.796875 0.0390625 0.0390625
0 0.87890625 0.796875 0.0390625 0.0390625
0 0.9609375 0.796875 0.0390625 0.0390625
0 0.96484375 0.796875 0.0390625 0.0390625
0 0.984375 0.796875 0.0390625 0.0390625
0 0.1171875 0.859375 0.0390625 0.0390625
0 0.09375 0.86328125 0.0390625 0.0390625
0 0.09765625 0.86328125 0.0390625 0.0390625
0 0.15625 0.86328125 0.0390625 0.0390625
0 0.16015625 0.86328125 0.0390625 0.0390625
0 0.19921875 0.86328125 0.0390625 0.0390625
0 0.3984375 0.86328125 0.0390625 0.0390625
0 0.0546875 0.8671875 0.0390625 0.0390625
0 0.13671875 0.8671875 0.0390625 0.0390625
0 0.140625 0.8671875 0.0390625 0.0390625
0 0.15625 0.8671875 0.0390625 0.0390625
0 0.16015625 0.8671875 0.0390625 0.0390625
0 0.1796875 0.8671875 0.0390625 0.0390625
0 0.18359375 0.8671875 0.0390625 0.0390625
0 0.19921875 0.8671875 0.0390625 0.0390625
0 0.2265625 0.8671875 0.0390625 0.0390625
0 0.24609375 0.8671875 0.0390625 0.0390625
0 0.25 0.8671875 0.0390625 0.0390625
0 0.734375 0.890625 0.0390625 0.0390625
0 0.73828125 0.890625 0.0390625 0.0390625
0 0.83203125 0.90625 0.0390625 0.0390625
0 0.8515625 0.90625 0.0390625 0.0390625
0 0.87109375 0.90625 0.0390625 0.0390625
0 0.875 0.90625 0.0390625 0.0390625
0 0.91796875 0.90625 0.0390625 0.0390625
0 0.95703125 0.90625 0.0390625 0.0390625
0 0.9609375 0.90625 0.0390625 0.0390625
0 0.98046875 0.90625 0.0390625 0.0390625
0 0.89453125 0.91015625 0.0390625 0.0390625
0 0.8984375 0.91015625 0.0390625 0.0390625
0 0.91796875 0.91015625 0.0390625 0.0390625
0 0.9375 0.91015625 0.0390625 0.0390625
0 0.98046875 0.91015625 0.0390625 0.0390625
0 0.734375 0.92578125 0.0390625 0.0390625
0 0.5546875 0.9296875 0.0390625 0.0390625
0 0.73828125 0.94921875 0.0390625 0.0390625
0 0.87109375 0.94921875 0.0390625 0.0390625
0 0.875 0.94921875 0.0390625 0.0390625
0 0.91796875 0.94921875 0.0390625 0.0390625
0 0.9375 0.94921875 0.0390625 0.0390625
0 0.83203125 0.953125 0.0390625 0.0390625
0 0.84765625 0.953125 0.0390625 0.0390625
0 0.8515625 0.953125 0.0390625 0.0390625
0 0.8984375 0.953125 0.0390625 0.0390625
0 0.95703125 0.953125 0.0390625 0.0390625
0 0.9609375 0.953125 0.0390625 0.0390625
0 0.984375 0.953125 0.0390625 0.0390625
0 0.84765625 0.95703125 0.0390625 0.0390625
0 0.8515625 0.95703125 0.0390625 0.0390625
0 0.1171875 0.97265625 0.0390625 0.0390625
0 0.12109375 0.97265625 0.0390625 0.0390625
0 0.21484375 0.9765625 0.0390625 0.0390625
0 0.19140625 0.98046875 0.0390625 0.0390625
0 0.1953125 0.98046875 0.0390625 0.0390625
0 0.2578125 0.98046875 0.0390625 0.0390625
0 0.73046875 0.98046875 0.0390625 0.0390625
