0 0.36328125 0.14465408805031446 0.0390625 0.06289308176100629
0 0.3671875 0.14465408805031446 0.0390625 0.06289308176100629
0 0.390625 0.14465408805031446 0.0390625 0.06289308176100629
0 0.39453125 0.14465408805031446 0.0390625 0.06289308176100629
0 0.93359375 0.16981132075471697 0.0390625 0.06289308176100629
0 0.91015625 0.1761006289308176 0.0390625 0.06289308176100629
0 0.93359375 0.1761006289308176 0.0390625 0.06289308176100629
0 0.88671875 0.18238993710691823 0.0390625 0.06289308176100629
0 0.95703125 0.18238993710691823 0.0390625 0.06289308176100629
0 0.9765625 0.18238993710691823 0.0390625 0.06289308176100629
0 0.50390625 0.18867924528301888 0.0390625 0.06289308176100629
0 0.95703125 0.18867924528301888 0.0390625 0.06289308176100629
0 0.84375 0.1949685534591195 0.0390625 0.06289308176100629
0 0.390625 0.2389937106918239 0.0390625 0.06289308176100629
0 0.84765625 0.34591194968553457 0.0390625 0.06289308176100629
0 0.84765625 0.3522012578616352 0.0390625 0.06289308176100629
0 0.8671875 0.3522012578616352 0.0390625 0.06289308176100629
0 0.87109375 0.3522012578616352 0.0390625 0.06289308176100629
0 0.890625 0.3522012578616352 0.0390625 0.06289308176100629
0 0.93359375 0.3522012578616352 0.0390625 0.06289308176100629
0 0.9375 0.3522012578616352 0.0390625 0.06289308176100629
0 0.9140625 0.3584905660377358 0.0390625 0.06289308176100629
0 0.95703125 0.3584905660377358 0.0390625 0.06289308176100629
0 0.9765625 0.3584905660377358 0.0390625 0.06289308176100629
0 0.95703125 0.36477987421383645 0.0390625 0.06289308176100629
0 0.23046875 0.389937106918239 0.0390625 0.06289308176100629
0 0.93359375 0.41509433962264153 0.0390625 0.06289308176100629
0 0.890625 0.42138364779874216 0.0390625 0.06289308176100629
0 0.93359375 0.42138364779874216 0.0390625 0.06289308176100629
0 0.83984375 0.4276729559748428 0.0390625 0.06289308176100629
0 0.890625 0.4276729559748428 0.0390625 0.06289308176100629
0 0.91015625 0.4276729559748428 0.0390625 0.06289308176100629
0 0.95703125 0.4276729559748428 0.0390625 0.06289308176100629
0 0.98046875 0.4276729559748428 0.0390625 0.06289308176100629
0 0.87109375 0.4339622641509434 0.0390625 0.06289308176100629
0 0.95703125 0.4339622641509434 0.0390625 0.06289308176100629
0 0.98046875 0.4339622641509434 0.0390625 0.06289308176100629
0 0.66015625 0.4968553459119497 0.0390625 0.06289308176100629
0 0.171875 0.5031446540880503 0.0390625 0.06289308176100629
0 0.44140625 0.5220125786163522 0.0390625 0.06289308176100629
0 0.60546875 0.5723270440251572 0.0390625 0.06289308176100629
0 0.64453125 0.5723270440251572 0.0390625 0.06289308176100629
0 0.58203125 0.5786163522012578 0.0390625 0.06289308176100629
0 0.671875 0.5786163522012578 0.0390625 0.06289308176100629
0 0.73828125 0.5786163522012578 0.0390625 0.06289308176100629
0 0.7421875 0.5786163522012578 0.0390625 0.06289308176100629
0 0.55859375 0.5849056603773585 0.0390625 0.06289308176100629
0 0.58203125 0.5849056603773585 0.0390625 0.06289308176100629
0 0.62890625 0.5849056603773585 0.0390625 0.06289308176100629
0 0.7578125 0.5849056603773585 0.0390625 0.06289308176100629
0 0.5390625 0.5911949685534591 0.0390625 0.06289308176100629
0 0.86328125 0.5911949685534591 0.0390625 0.06289308176100629
0 0.8671875 0.5911949685534591 0.0390625 0.06289308176100629
0 0.86328125 0.5974842767295597 0.0390625 0.06289308176100629
0 0.8671875 0.5974842767295597 0.0390625 0.06289308176100629
0 0.84765625 0.6037735849056604 0.0390625 0.06289308176100629
0 0.890625 0.6037735849056604 0.0390625 0.06289308176100629
0 0.91015625 0.6037735849056604 0.0390625 0.06289308176100629
0 0.9140625 0.6037735849056604 0.0390625 0.06289308176100629
0 0.93359375 0.6037735849056604 0.0390625 0.06289308176100629
0 0.9375 0.6037735849056604 0.0390625 0.06289308176100629
0 0.93359375 0.610062893081761 0.0390625 0.06289308176100629
0 0.9375 0.610062893081761 0.0390625 0.06289308176100629
0 0.8671875 0.660377358490566 0.0390625 0.06289308176100629
0 0.87109375 0.660377358490566 0.0390625 0.06289308176100629
0 0.8671875 0.6666666666666666 0.0390625 0.06289308176100629
0 0.87109375 0.6666666666666666 0.0390625 0.06289308176100629
0 0.890625 0.6666666666666666 0.0390625 0.06289308176100629
0 0.93359375 0.6666666666666666 0.0390625 0.06289308176100629
0 0.84375 0.6729559748427673 0.0390625 0.06289308176100629
0 0.84765625 0.6729559748427673 0.0390625 0.06289308176100629
0 0.890625 0.6729559748427673 0.0390625 0.06289308176100629
0 0.91015625 0.6729559748427673 0.0390625 0.06289308176100629
0 0.9140625 0.6729559748427673 0.0390625 0.06289308176100629
0 0.93359375 0.6729559748427673 0.0390625 0.06289308176100629
0 0.2265625 0.7044025157232704 0.0390625 0.06289308176100629
0 0.546875 0.7169811320754716 0.0390625 0.06289308176100629
0 0.546875 0.7232704402515723 0.0390625 0.06289308176100629
0 0.55078125 0.7924528301886793 0.0390625 0.06289308176100629
0 0.43359375 0.8113207547169812 0.0390625 0.06289308176100629
0 0.546875 0.8238993710691824 0.0390625 0.06289308176100629
0 0.80078125 0.8238993710691824 0.0390625 0.06289308176100629
0 0.546875 0.8301886792452831 0.0390625 0.06289308176100629
0 0.65234375 0.8301886792452831 0.0390625 0.06289308176100629
0 0.671875 0.8301886792452831 0.0390625 0.06289308176100629
0 0.67578125 0.8301886792452831 0.0390625 0.06289308176100629
0 0.6953125 0.8301886792452831 0.0390625 0.06289308176100629
0 0.71875 0.8301886792452831 0.0390625 0.06289308176100629
0 0.72265625 0.8301886792452831 0.0390625 0.06289308176100629
0 0.73828125 0.8301886792452831 0.0390625 0.06289308176100629
0 0.7421875 0.8301886792452831 0.0390625 0.06289308176100629
0 0.80078125 0.8301886792452831 0.0390625 0.06289308176100629
0 0.84375 0.8301886792452831 0.0390625 0.06289308176100629
0 0.84765625 0.8301886792452831 0.0390625 0.06289308176100629
0 0.671875 0.8364779874213837 0.0390625 0.06289308176100629
0 0.67578125 0.8364779874213837 0.0390625 0.06289308176100629
0 0.7578125 0.8364779874213837 0.0390625 0.06289308176100629
0 0.78125 0.8364779874213837 0.0390625 0.06289308176100629
0 0.8203125 0.8364779874213837 0.0390625 0.06289308176100629
0 0.86328125 0.8364779874213837 0.0390625 0.06289308176100629
0 0.7578125 0.8427672955974843 0.0390625 0.06289308176100629
0 0.91015625 0.8427672955974843 0.0390625 0.06289308176100629
0 0.88671875 0.8490566037735849 0.0390625 0.06289308176100629
0 0.890625 0.8490566037735849 0.0390625 0.06289308176100629
0 0.9375 0.8490566037735849 0.0390625 0.06289308176100629
0 0.546875 0.8553459119496856 0.0390625 0.06289308176100629
0 0.55078125 0.8553459119496856 0.0390625 0.06289308176100629
0 0.88671875 0.8553459119496856 0.0390625 0.06289308176100629
0 0.890625 0.8553459119496856 0.0390625 0.06289308176100629
0 0.546875 0.8616352201257862 0.0390625 0.06289308176100629
0 0.55078125 0.8616352201257862 0.0390625 0.06289308176100629
0 0.5546875 0.8867924528301887 0.0390625 0.06289308176100629
0 0.5546875 0.8930817610062893 0.0390625 0.06289308176100629
0 0.734375 0.8930817610062893 0.0390625 0.06289308176100629
0 0.734375 0.89937106918239 0.0390625 0.06289308176100629
0 0.6484375 0.9056603773584906 0.0390625 0.06289308176100629
0 0.66796875 0.9056603773584906 0.0390625 0.06289308176100629
0 0.671875 0.9056603773584906 0.0390625 0.06289308176100629
0 0.6953125 0.9056603773584906 0.0390625 0.06289308176100629
0 0.69921875 0.9056603773584906 0.0390625 0.06289308176100629
0 0.77734375 0.9056603773584906 0.0390625 0.06289308176100629
0 0.82421875 0.9056603773584906 0.0390625 0.06289308176100629
0 0.84375 0.9056603773584906 0.0390625 0.06289308176100629
0 0.84765625 0.9056603773584906 0.0390625 0.06289308176100629
0 0.66796875 0.9119496855345912 0.0390625 0.06289308176100629
0 0.671875 0.9119496855345912 0.0390625 0.06289308176100629
0 0.6953125 0.9119496855345912 0.0390625 0.06289308176100629
0 0.69921875 0.9119496855345912 0.0390625 0.06289308176100629
0 0.7578125 0.9119496855345912 0.0390625 0.06289308176100629
0 0.76171875 0.9119496855345912 0.0390625 0.06289308176100629
0 0.80078125 0.9119496855345912 0.0390625 0.06289308176100629
0 0.8046875 0.9119496855345912 0.0390625 0.06289308176100629
0 0.8671875 0.9119496855345912 0.0390625 0.06289308176100629
0 0.91015625 0.9119496855345912 0.0390625 0.06289308176100629
0 0.9140625 0.9119496855345912 0.0390625 0.06289308176100629
0 0.71484375 0.9182389937106918 0.0390625 0.06289308176100629
0 0.71875 0.9182389937106918 0.0390625 0.06289308176100629
0 0.80078125 0.9182389937106918 0.0390625 0.06289308176100629
0 0.8046875 0.9182389937106918 0.0390625 0.06289308176100629
0 0.88671875 0.9245283018867925 0.0390625 0.06289308176100629
0 0.54296875 0.9308176100628931 0.0390625 0.06289308176100629
0 0.54296875 0.9685534591194969 0.0390625 0.06289308176100629
0 0.546875 0.9685534591194969 0.0390625 0.06289308176100629
