0 0.765625 0.02734375 0.0390625 0.0390625
0 0.83203125 0.02734375 0.0390625 0.0390625
0 0.765625 0.03125 0.0390625 0.0390625
0 0.7890625 0.03125 0.0390625 0.0390625
0 0.046875 0.09765625 0.0390625 0.0390625
0 0.05078125 0.09765625 0.0390625 0.0390625
0 0.046875 0.1015625 0.0390625 0.0390625
0 0.05078125 0.1015625 0.0390625 0.0390625
0 0.12890625 0.2578125 0.0390625 0.0390625
0 0.12890625 0.26171875 0.0390625 0.0390625
0 0.02734375 0.328125 0.0390625 0.0390625
0 0.02734375 0.33203125 0.0390625 0.0390625
0 0.09765625 0.390625 0.0390625 0.0390625
0 0.09765625 0.39453125 0.0390625 0.0390625
0 0.09765625 0.4765625 0.0390625 0.0390625
0 0.09765625 0.546875 0.0390625 0.0390625
0 0.265625 0.5625 0.0390625 0.0390625
0 0.26953125 0.5625 0.0390625 0.0390625
0 0.2734375 0.5859375 0.0390625 0.0390625
0 0.2734375 0.58984375 0.0390625 0.0390625
0 0.70703125 0.6015625 0.0390625 0.0390625
0 0.984375 0.6015625 0.0390625 0.0390625
0 0.27734375 0.609375 0.0390625 0.0390625
0 0.359375 0.61328125 0.0390625 0.0390625
0 0.359375 0.6171875 0.0390625 0.0390625
0 0.06640625 0.70703125 0.0390625 0.0390625
0 0.83203125 0.7109375 0.0390625 0.0390625
0 0.83203125 0.71484375 0.0390625 0.0390625
0 0.7734375 0.73046875 0.0390625 0.0390625
0 0.8671875 0.73046875 0.0390625 0.0390625
0 0.9375 0.73046875 0.0390625 0.0390625
0 0.7734375 0.734375 0.0390625 0.0390625
0 0.4375 0.75 0.0390625 0.0390625
0 0.44140625 0.75 0.0390625 0.0390625
0 0.109375 0.75390625 0.0390625 0.0390625
0 0.4375 0.75390625 0.0390625 0.0390625
0 0.44140625 0.75390625 0.0390625 0.0390625
0 0.59765625 0.75390625 0.0390625 0.0390625
0 0.54296875 0.7578125 0.0390625 0.0390625
0 0.1953125 0.7734375 0.0390625 0.0390625
0 0.1015625 0.8046875 0.0390625 0.0390625
0 0.16015625 0.81640625 0.0390625 0.0390625
0 0.12890625 0.8203125 0.0390625 0.0390625
0 0.16015625 0.8203125 0.0390625 0.0390625
0 0.703125 0.83984375 0.0390625 0.0390625
0 0.76953125 0.83984375 0.0390625 0.0390625
0 0.703125 0.84375 0.0390625 0.0390625
0 0.75 0.84375 0.0390625 0.0390625
0 0.76953125 0.84375 0.0390625 0.0390625
0 0.79296875 0.84375 0.0390625 0.0390625
0 0.796875 0.84375 0.0390625 0.0390625
0 0.81640625 0.84375 0.0390625 0.0390625
0 0.890625 0.84375 0.0390625 0.0390625
0 0.9609375 0.84375 0.0390625 0.0390625
0 0.96484375 0.84375 0.0390625 0.0390625
0 0.98828125 0.84375 0.0390625 0.0390625
0 0.02734375 0.84765625 0.0390625 0.0390625
0 0.84375 0.84765625 0.0390625 0.0390625
0 0.94140625 0.84765625 0.0390625 0.0390625
0 0.1015625 0.8515625 0.0390625 0.0390625
0 0.10546875 0.8515625 0.0390625 0.0390625
0 0.20703125 0.8671875 0.0390625 0.0390625
0 0.15625 0.875 0.0390625 0.0390625
0 0.15625 0.87890625 0.0390625 0.0390625
0 0.1015625 0.92578125 0.0390625 0.0390625
0 0.1015625 0.9296875 0.0390625 0.0390625
0 0.07421875 0.94921875 0.0390625 0.0390625
0 0.078125 0.94921875 0.0390625 0.0390625
