0 0.8125 0.1015625 0.0390625 0.0390625
0 0.15625 0.125 0.0390625 0.0390625
0 0.1171875 0.31640625 0.0390625 0.0390625
0 0.109375 0.37109375 0.0390625 0.0390625
0 0.11328125 0.37109375 0.0390625 0.0390625
0 0.109375 0.41796875 0.0390625 0.0390625
0 0.11328125 0.41796875 0.0390625 0.0390625
0 0.109375 0.421875 0.0390625 0.0390625
0 0.11328125 0.421875 0.0390625 0.0390625
0 0.109375 0.484375 0.0390625 0.0390625
0 0.11328125 0.484375 0.0390625 0.0390625
0 0.0859375 0.53125 0.0390625 0.0390625
0 0.109375 0.5390625 0.0390625 0.0390625
0 0.05859375 0.5546875 0.0390625 0.0390625
0 0.0625 0.5546875 0.0390625 0.0390625
0 0.08203125 0.58984375 0.0390625 0.0390625
0 0.08203125 0.59375 0.0390625 0.0390625
0 0.109375 0.59375 0.0390625 0.0390625
0 0.05859375 0.60546875 0.0390625 0.0390625
0 0.0625 0.60546875 0.0390625 0.0390625
0 0.05859375 0.609375 0.0390625 0.0390625
0 0.0625 0.609375 0.0390625 0.0390625
0 0.1484375 0.64453125 0.0390625 0.0390625
0 0.1484375 0.6484375 0.0390625 0.0390625
0 0.25 0.6953125 0.0390625 0.0390625
0 0.25 0.69921875 0.0390625 0.0390625
0 0.2421875 0.74609375 0.0390625 0.0390625
0 0.2421875 0.75 0.0390625 0.0390625
0 0.14453125 0.78125 0.0390625 0.0390625
0 0.171875 0.828125 0.0390625 0.0390625
0 0.171875 0.83203125 0.0390625 0.0390625
0 0.10546875 0.8359375 0.0390625 0.0390625
0 0.109375 0.8359375 0.0390625 0.0390625
0 0.14453125 0.98046875 0.0390625 0.0390625
0 0.14453125 0.984375 0.0390625 0.0390625
