0 0.05859375 0.0 0.0390625 0.0390625
0 0.015625 0.1484375 0.0390625 0.0390625
0 0.03515625 0.1484375 0.0390625 0.0390625
0 0.0546875 0.1484375 0.0390625 0.0390625
0 0.0859375 0.22265625 0.0390625 0.0390625
0 0.34375 0.2265625 0.0390625 0.0390625
0 0.34375 0.23046875 0.0390625 0.0390625
0 0.08203125 0.2421875 0.0390625 0.0390625
0 0.0859375 0.2421875 0.0390625 0.0390625
0 0.0 0.25390625 0.0390625 0.0390625
0 0.09375 0.28515625 0.0390625 0.0390625
0 0.0 0.29296875 0.0390625 0.0390625
0 0.0 0.296875 0.0390625 0.0390625
0 0.09375 0.30078125 0.0390625 0.0390625
0 0.13671875 0.328125 0.0390625 0.0390625
0 0.13671875 0.33203125 0.0390625 0.0390625
0 0.15234375 0.3671875 0.0390625 0.0390625
0 0.0390625 0.38671875 0.0390625 0.0390625
0 0.015625 0.390625 0.0390625 0.0390625
0 0.01953125 0.390625 0.0390625 0.0390625
0 0.1328125 0.421875 0.0390625 0.0390625
0 0.015625 0.4296875 0.0390625 0.0390625
0 0.015625 0.43359375 0.0390625 0.0390625
0 0.12890625 0.44140625 0.0390625 0.0390625
0 0.12890625 0.47265625 0.0390625 0.0390625
0 0.0546875 0.5234375 0.0390625 0.0390625
0 0.0 0.52734375 0.0390625 0.0390625
0 0.015625 0.52734375 0.0390625 0.0390625
0 0.0546875 0.52734375 0.0390625 0.0390625
0 0.07421875 0.52734375 0.0390625 0.0390625
0 0.015625 0.53125 0.0390625 0.0390625
0 0.09375 0.53125 0.0390625 0.0390625
0 0.09765625 0.53125 0.0390625 0.0390625
0 0.1484375 0.66015625 0.0390625 0.0390625
0 0.1484375 0.6640625 0.0390625 0.0390625
0 0.13671875 0.69140625 0.0390625 0.0390625
0 0.9375 0.76171875 0.0390625 0.0390625
0 0.42578125 0.78125 0.0390625 0.0390625
0 0.4296875 0.78125 0.0390625 0.0390625
0 0.5859375 0.78125 0.0390625 0.0390625
0 0.87890625 0.78125 0.0390625 0.0390625
0 0.8828125 0.78125 0.0390625 0.0390625
0 0.08984375 0.78515625 0.0390625 0.0390625
0 0.265625 0.78515625 0.0390625 0.0390625
0 0.26953125 0.78515625 0.0390625 0.0390625
0 0.42578125 0.78515625 0.0390625 0.0390625
0 0.4296875 0.78515625 0.0390625 0.0390625
0 0.5859375 0.78515625 0.0390625 0.0390625
0 0.6953125 0.78515625 0.0390625 0.0390625
0 0.87890625 0.78515625 0.0390625 0.0390625
0 0.8828125 0.78515625 0.0390625 0.0390625
0 0.55859375 0.8046875 0.0390625 0.0390625
0 0.66796875 0.80859375 0.0390625 0.0390625
0 0.671875 0.80859375 0.0390625 0.0390625
0 0.7734375 0.80859375 0.0390625 0.0390625
0 0.828125 0.80859375 0.0390625 0.0390625
0 0.83203125 0.80859375 0.0390625 0.0390625
0 0.9375 0.80859375 0.0390625 0.0390625
0 0.94140625 0.80859375 0.0390625 0.0390625
0 0.9921875 0.80859375 0.0390625 0.0390625
0 0.1640625 0.8125 0.0390625 0.0390625
0 0.23046875 0.8125 0.0390625 0.0390625
0 0.72265625 0.8125 0.0390625 0.0390625
0 0.7265625 0.8125 0.0390625 0.0390625
0 0.828125 0.8125 0.0390625 0.0390625
0 0.83203125 0.8125 0.0390625 0.0390625
0 0.88671875 0.8125 0.0390625 0.0390625
0 0.4296875 0.99609375 0.0390625 0.0390625
