0 0.3359375 0.109375 0.0390625 0.0390625
0 0.23828125 0.16015625 0.0390625 0.0390625
0 0.2421875 0.1796875 0.0390625 0.0390625
0 0.2421875 0.18359375 0.0390625 0.0390625
0 0.23828125 0.203125 0.0390625 0.0390625
0 0.2421875 0.203125 0.0390625 0.0390625
0 0.0234375 0.2734375 0.0390625 0.0390625
0 0.1484375 0.2734375 0.0390625 0.0390625
0 0.046875 0.27734375 0.0390625 0.0390625
0 0.05078125 0.27734375 0.0390625 0.0390625
0 0.11328125 0.27734375 0.0390625 0.0390625
0 0.1484375 0.27734375 0.0390625 0.0390625
0 0.171875 0.27734375 0.0390625 0.0390625
0 0.17578125 0.27734375 0.0390625 0.0390625
0 0.046875 0.28125 0.0390625 0.0390625
0 0.05078125 0.28125 0.0390625 0.0390625
0 0.80859375 0.34765625 0.0390625 0.0390625
0 0.171875 0.3515625 0.0390625 0.0390625
0 0.0625 0.36328125 0.0390625 0.0390625
0 0.06640625 0.36328125 0.0390625 0.0390625
0 0.15625 0.36328125 0.0390625 0.0390625
0 0.0625 0.3671875 0.0390625 0.0390625
0 0.06640625 0.3671875 0.0390625 0.0390625
0 0.15625 0.3671875 0.0390625 0.0390625
0 0.8046875 0.3671875 0.0390625 0.0390625
0 0.80859375 0.3671875 0.0390625 0.0390625
0 0.03515625 0.37109375 0.0390625 0.0390625
0 0.90234375 0.375 0.0390625 0.0390625
0 0.90625 0.375 0.0390625 0.0390625
0 0.94140625 0.375 0.0390625 0.0390625
0 0.9453125 0.375 0.0390625 0.0390625
0 0.80078125 0.390625 0.0390625 0.0390625
0 0.8046875 0.390625 0.0390625 0.0390625
0 0.8984375 0.39453125 0.0390625 0.0390625
0 0.8046875 0.4140625 0.0390625 0.0390625
0 0.94140625 0.41796875 0.0390625 0.0390625
0 0.80078125 0.43359375 0.0390625 0.0390625
0 0.8046875 0.43359375 0.0390625 0.0390625
0 0.94140625 0.43359375 0.0390625 0.0390625
0 0.89453125 0.4375 0.0390625 0.0390625
0 0.8984375 0.4375 0.0390625 0.0390625
0 0.94140625 0.4375 0.0390625 0.0390625
0 0.80078125 0.45703125 0.0390625 0.0390625
0 0.89453125 0.45703125 0.0390625 0.0390625
0 0.8984375 0.45703125 0.0390625 0.0390625
0 0.89453125 0.4609375 0.0390625 0.0390625
0 0.8984375 0.4609375 0.0390625 0.0390625
0 0.80078125 0.4765625 0.0390625 0.0390625
0 0.89453125 0.4765625 0.0390625 0.0390625
0 0.89453125 0.48046875 0.0390625 0.0390625
0 0.796875 0.49609375 0.0390625 0.0390625
0 0.3203125 0.5 0.0390625 0.0390625
0 0.3203125 0.50390625 0.0390625 0.0390625
0 0.8984375 0.50390625 0.0390625 0.0390625
0 0.30078125 0.5078125 0.0390625 0.0390625
0 0.5625 0.5078125 0.0390625 0.0390625
0 0.625 0.5078125 0.0390625 0.0390625
0 0.70703125 0.5078125 0.0390625 0.0390625
0 0.73046875 0.5078125 0.0390625 0.0390625
0 0.74609375 0.5078125 0.0390625 0.0390625
0 0.22265625 0.51171875 0.0390625 0.0390625
0 0.30078125 0.51171875 0.0390625 0.0390625
0 0.40234375 0.51171875 0.0390625 0.0390625
0 0.54296875 0.51171875 0.0390625 0.0390625
0 0.625 0.51171875 0.0390625 0.0390625
0 0.64453125 0.51171875 0.0390625 0.0390625
0 0.6640625 0.51171875 0.0390625 0.0390625
0 0.66796875 0.51171875 0.0390625 0.0390625
0 0.6875 0.51171875 0.0390625 0.0390625
0 0.5 0.515625 0.0390625 0.0390625
0 0.6640625 0.515625 0.0390625 0.0390625
0 0.66796875 0.515625 0.0390625 0.0390625
0 0.6875 0.515625 0.0390625 0.0390625
0 0.47265625 0.51953125 0.0390625 0.0390625
0 0.4765625 0.51953125 0.0390625 0.0390625
0 0.89453125 0.51953125 0.0390625 0.0390625
0 0.89453125 0.5234375 0.0390625 0.0390625
0 0.89453125 0.54296875 0.0390625 0.0390625
0 0.38671875 0.6171875 0.0390625 0.0390625
0 0.390625 0.6171875 0.0390625 0.0390625
0 0.640625 0.64453125 0.0390625 0.0390625
0 0.6640625 0.64453125 0.0390625 0.0390625
0 0.68359375 0.64453125 0.0390625 0.0390625
0 0.703125 0.64453125 0.0390625 0.0390625
0 0.70703125 0.64453125 0.0390625 0.0390625
0 0.7265625 0.64453125 0.0390625 0.0390625
0 0.61328125 0.6484375 0.0390625 0.0390625
0 0.6171875 0.6484375 0.0390625 0.0390625
0 0.703125 0.6484375 0.0390625 0.0390625
0 0.70703125 0.6484375 0.0390625 0.0390625
0 0.61328125 0.65234375 0.0390625 0.0390625
0 0.6171875 0.65234375 0.0390625 0.0390625
0 0.87890625 0.65625 0.0390625 0.0390625
0 0.8828125 0.65625 0.0390625 0.0390625
0 0.90234375 0.65625 0.0390625 0.0390625
0 0.90625 0.65625 0.0390625 0.0390625
0 0.859375 0.66015625 0.0390625 0.0390625
0 0.86328125 0.66015625 0.0390625 0.0390625
0 0.87890625 0.66015625 0.0390625 0.0390625
0 0.8828125 0.66015625 0.0390625 0.0390625
0 0.7890625 0.6640625 0.0390625 0.0390625
0 0.79296875 0.6640625 0.0390625 0.0390625
0 0.8125 0.6640625 0.0390625 0.0390625
0 0.83203125 0.6640625 0.0390625 0.0390625
0 0.91796875 0.6640625 0.0390625 0.0390625
0 0.921875 0.6640625 0.0390625 0.0390625
0 0.98046875 0.6640625 0.0390625 0.0390625
0 0.83203125 0.66796875 0.0390625 0.0390625
0 0.95703125 0.66796875 0.0390625 0.0390625
0 0.98046875 0.66796875 0.0390625 0.0390625
0 0.6328125 0.703125 0.0390625 0.0390625
0 0.63671875 0.703125 0.0390625 0.0390625
0 0.6328125 0.70703125 0.0390625 0.0390625
0 0.63671875 0.70703125 0.0390625 0.0390625
0 0.65625 0.70703125 0.0390625 0.0390625
0 0.66015625 0.70703125 0.0390625 0.0390625
0 0.73046875 0.70703125 0.0390625 0.0390625
0 0.734375 0.70703125 0.0390625 0.0390625
0 0.73046875 0.7109375 0.0390625 0.0390625
0 0.734375 0.7109375 0.0390625 0.0390625
0 0.8828125 0.72265625 0.0390625 0.0390625
0 0.87109375 0.75 0.0390625 0.0390625
0 0.875 0.75 0.0390625 0.0390625
0 0.7734375 0.765625 0.0390625 0.0390625
0 0.77734375 0.765625 0.0390625 0.0390625
0 0.87109375 0.78125 0.0390625 0.0390625
0 0.875 0.78125 0.0390625 0.0390625
0 0.59375 0.7890625 0.0390625 0.0390625
0 0.59375 0.79296875 0.0390625 0.0390625
0 0.8671875 0.80078125 0.0390625 0.0390625
0 0.87109375 0.80078125 0.0390625 0.0390625
0 0.77734375 0.81640625 0.0390625 0.0390625
0 0.77734375 0.8203125 0.0390625 0.0390625
0 0.87109375 0.828125 0.0390625 0.0390625
0 0.58984375 0.83203125 0.0390625 0.0390625
0 0.140625 0.84375 0.0390625 0.0390625
0 0.78125 0.84375 0.0390625 0.0390625
0 0.140625 0.84765625 0.0390625 0.0390625
0 0.18359375 0.84765625 0.0390625 0.0390625
0 0.58984375 0.8515625 0.0390625 0.0390625
0 0.26171875 0.9765625 0.0390625 0.0390625
0 0.33203125 0.984375 0.0390625 0.0390625
