0 0.83984375 0.00390625 0.0390625 0.0390625
0 0.84375 0.00390625 0.0390625 0.0390625
0 0.83984375 0.0078125 0.0390625 0.0390625
0 0.84375 0.0078125 0.0390625 0.0390625
0 0.6328125 0.03515625 0.0390625 0.0390625
0 0.6328125 0.0390625 0.0390625 0.0390625
0 0.80859375 0.04296875 0.0390625 0.0390625
0 0.05859375 0.06640625 0.0390625 0.0390625
0 0.0625 0.06640625 0.0390625 0.0390625
0 0.3515625 0.12890625 0.0390625 0.0390625
0 0.90625 0.1328125 0.0390625 0.0390625
0 0.91015625 0.1328125 0.0390625 0.0390625
0 0.90625 0.13671875 0.0390625 0.0390625
0 0.91015625 0.13671875 0.0390625 0.0390625
0 0.06640625 0.53515625 0.0390625 0.0390625
0 0.01953125 0.5390625 0.0390625 0.0390625
0 0.0234375 0.5390625 0.0390625 0.0390625
0 0.11328125 0.5390625 0.0390625 0.0390625
0 0.11328125 0.54296875 0.0390625 0.0390625
0 0.0 0.67578125 0.0390625 0.0390625
0 0.0234375 0.67578125 0.0390625 0.0390625
0 0.04296875 0.6796875 0.0390625 0.0390625
0 0.046875 0.6796875 0.0390625 0.0390625
0 0.0 0.9296875 0.0390625 0.0390625
0 0.01953125 0.9296875 0.0390625 0.0390625
0 0.0234375 0.9296875 0.0390625 0.0390625
0 0.01953125 0.93359375 0.0390625 0.0390625
0 0.0234375 0.93359375 0.0390625 0.0390625
0 0.39453125 0.96875 0.0390625 0.0390625
