0 0.09375 0.0078125 0.0390625 0.0390625
0 0.09375 0.01171875 0.0390625 0.0390625
0 0.20703125 0.015625 0.0390625 0.0390625
0 0.20703125 0.01953125 0.0390625 0.0390625
0 0.09375 0.03125 0.0390625 0.0390625
0 0.203125 0.03515625 0.0390625 0.0390625
0 0.08984375 0.0546875 0.0390625 0.0390625
0 0.09375 0.0546875 0.0390625 0.0390625
0 0.203125 0.0546875 0.0390625 0.0390625
0 0.203125 0.05859375 0.0390625 0.0390625
0 0.25390625 0.05859375 0.0390625 0.0390625
0 0.25390625 0.0625 0.0390625 0.0390625
0 0.39453125 0.07421875 0.0390625 0.0390625
0 0.39453125 0.078125 0.0390625 0.0390625
0 0.296875 0.08203125 0.0390625 0.0390625
0 0.34375 0.08203125 0.0390625 0.0390625
0 0.265625 0.1015625 0.0390625 0.0390625
0 0.375 0.109375 0.0390625 0.0390625
0 0.375 0.11328125 0.0390625 0.0390625
0 0.28125 0.1171875 0.0390625 0.0390625
0 0.32421875 0.1171875 0.0390625 0.0390625
0 0.328125 0.1171875 0.0390625 0.0390625
0 0.39453125 0.1171875 0.0390625 0.0390625
0 0.39453125 0.12109375 0.0390625 0.0390625
0 0.953125 0.171875 0.0390625 0.0390625
0 0.27734375 0.18359375 0.0390625 0.0390625
0 0.40234375 0.1875 0.0390625 0.0390625
0 0.3203125 0.19140625 0.0390625 0.0390625
0 0.36328125 0.19140625 0.0390625 0.0390625
0 0.3828125 0.19140625 0.0390625 0.0390625
0 0.953125 0.19140625 0.0390625 0.0390625
0 0.34375 0.1953125 0.0390625 0.0390625
0 0.3828125 0.1953125 0.0390625 0.0390625
0 0.953125 0.1953125 0.0390625 0.0390625
0 0.34375 0.19921875 0.0390625 0.0390625
0 0.953125 0.21875 0.0390625 0.0390625
0 0.953125 0.23828125 0.0390625 0.0390625
0 0.953125 0.2421875 0.0390625 0.0390625
0 0.1796875 0.26171875 0.0390625 0.0390625
0 0.953125 0.26171875 0.0390625 0.0390625
0 0.1796875 0.265625 0.0390625 0.0390625
0 0.9296875 0.296875 0.0390625 0.0390625
0 0.9296875 0.30078125 0.0390625 0.0390625
0 0.96875 0.30859375 0.0390625 0.0390625
0 0.48046875 0.31640625 0.0390625 0.0390625
0 0.48046875 0.3203125 0.0390625 0.0390625
0 0.4765625 0.3359375 0.0390625 0.0390625
0 0.48046875 0.3359375 0.0390625 0.0390625
0 0.60546875 0.3359375 0.0390625 0.0390625
0 0.609375 0.3359375 0.0390625 0.0390625
0 0.4765625 0.33984375 0.0390625 0.0390625
0 0.48046875 0.33984375 0.0390625 0.0390625
0 0.9296875 0.34375 0.0390625 0.0390625
0 0.93359375 0.34375 0.0390625 0.0390625
0 0.68359375 0.34765625 0.0390625 0.0390625
0 0.97265625 0.36328125 0.0390625 0.0390625
0 0.94140625 0.37109375 0.0390625 0.0390625
0 0.9453125 0.37109375 0.0390625 0.0390625
0 0.61328125 0.390625 0.0390625 0.0390625
0 0.96875 0.39453125 0.0390625 0.0390625
0 0.96875 0.3984375 0.0390625 0.0390625
0 0.97265625 0.3984375 0.0390625 0.0390625
0 0.484375 0.41796875 0.0390625 0.0390625
0 0.96875 0.41796875 0.0390625 0.0390625
0 0.97265625 0.41796875 0.0390625 0.0390625
0 0.96875 0.421875 0.0390625 0.0390625
0 0.97265625 0.421875 0.0390625 0.0390625
0 0.9296875 0.43359375 0.0390625 0.0390625
0 0.93359375 0.43359375 0.0390625 0.0390625
0 0.48046875 0.4375 0.0390625 0.0390625
0 0.484375 0.4375 0.0390625 0.0390625
0 0.93359375 0.453125 0.0390625 0.0390625
0 0.48046875 0.45703125 0.0390625 0.0390625
0 0.484375 0.45703125 0.0390625 0.0390625
0 0.93359375 0.45703125 0.0390625 0.0390625
0 0.96875 0.46484375 0.0390625 0.0390625
0 0.97265625 0.46484375 0.0390625 0.0390625
0 0.84375 0.47265625 0.0390625 0.0390625
0 0.84765625 0.47265625 0.0390625 0.0390625
0 0.84375 0.4765625 0.0390625 0.0390625
0 0.84765625 0.4765625 0.0390625 0.0390625
0 0.92578125 0.4765625 0.0390625 0.0390625
0 0.9296875 0.4765625 0.0390625 0.0390625
0 0.765625 0.48046875 0.0390625 0.0390625
0 0.765625 0.484375 0.0390625 0.0390625
0 0.48046875 0.5 0.0390625 0.0390625
0 0.484375 0.5 0.0390625 0.0390625
0 0.7421875 0.50390625 0.0390625 0.0390625
0 0.7421875 0.5078125 0.0390625 0.0390625
0 0.96484375 0.5078125 0.0390625 0.0390625
0 0.6015625 0.5234375 0.0390625 0.0390625
0 0.60546875 0.5234375 0.0390625 0.0390625
0 0.9296875 0.5234375 0.0390625 0.0390625
0 0.48046875 0.53515625 0.0390625 0.0390625
0 0.484375 0.53515625 0.0390625 0.0390625
0 0.48046875 0.5390625 0.0390625 0.0390625
0 0.484375 0.5390625 0.0390625 0.0390625
0 0.609375 0.57421875 0.0390625 0.0390625
0 0.609375 0.578125 0.0390625 0.0390625
0 0.5234375 0.59765625 0.0390625 0.0390625
0 0.52734375 0.59765625 0.0390625 0.0390625
0 0.95703125 0.609375 0.0390625 0.0390625
0 0.234375 0.6171875 0.0390625 0.0390625
0 0.28515625 0.6171875 0.0390625 0.0390625
0 0.2890625 0.6171875 0.0390625 0.0390625
0 0.3125 0.6171875 0.0390625 0.0390625
0 0.34375 0.6171875 0.0390625 0.0390625
0 0.40234375 0.6171875 0.0390625 0.0390625
0 0.37109375 0.62109375 0.0390625 0.0390625
0 0.2890625 0.65234375 0.0390625 0.0390625
0 0.2890625 0.65625 0.0390625 0.0390625
0 0.26953125 0.66796875 0.0390625 0.0390625
0 0.31640625 0.671875 0.0390625 0.0390625
0 0.31640625 0.67578125 0.0390625 0.0390625
0 0.4609375 0.72265625 0.0390625 0.0390625
0 0.4609375 0.7265625 0.0390625 0.0390625
0 0.46875 0.74609375 0.0390625 0.0390625
0 0.46875 0.75 0.0390625 0.0390625
0 0.37109375 0.75390625 0.0390625 0.0390625
0 0.375 0.75390625 0.0390625 0.0390625
0 0.390625 0.796875 0.0390625 0.0390625
0 0.33203125 0.80078125 0.0390625 0.0390625
0 0.33203125 0.8046875 0.0390625 0.0390625
0 0.7578125 0.8515625 0.0390625 0.0390625
0 0.7578125 0.85546875 0.0390625 0.0390625
0 0.74609375 0.87109375 0.0390625 0.0390625
0 0.75 0.87109375 0.0390625 0.0390625
0 0.75390625 0.890625 0.0390625 0.0390625
0 0.5 0.8984375 0.0390625 0.0390625
0 0.5625 0.9375 0.0390625 0.0390625
0 0.56640625 0.9375 0.0390625 0.0390625
0 0.50390625 0.9453125 0.0390625 0.0390625
0 0.6171875 0.96484375 0.0390625 0.0390625
0 0.61328125 0.9921875 0.0390625 0.0390625
0 0.6171875 0.9921875 0.0390625 0.0390625
0 0.51171875 0.99609375 0.0390625 0.0390625
