0 0.3203125 0.015625 0.0390625 0.0390625
0 0.01171875 0.04296875 0.0390625 0.0390625
0 0.015625 0.04296875 0.0390625 0.0390625
0 0.23828125 0.046875 0.0390625 0.0390625
0 0.6796875 0.0703125 0.0390625 0.0390625
0 0.68359375 0.0703125 0.0390625 0.0390625
0 0.18359375 0.23046875 0.0390625 0.0390625
0 0.20703125 0.23046875 0.0390625 0.0390625
0 0.1796875 0.29296875 0.0390625 0.0390625
0 0.1796875 0.296875 0.0390625 0.0390625
0 0.203125 0.30078125 0.0390625 0.0390625
0 0.20703125 0.30078125 0.0390625 0.0390625
0 0.203125 0.3515625 0.0390625 0.0390625
0 0.18359375 0.36328125 0.0390625 0.0390625
0 0.203125 0.6953125 0.0390625 0.0390625
0 0.4375 0.7734375 0.0390625 0.0390625
0 0.44140625 0.7734375 0.0390625 0.0390625
0 0.4765625 0.8046875 0.0390625 0.0390625
0 0.48046875 0.8046875 0.0390625 0.0390625
0 0.19921875 0.875 0.0390625 0.0390625
0 0.203125 0.875 0.0390625 0.0390625
