0 0.5625 0.046875 0.0390625 0.0390625
0 0.5625 0.05078125 0.0390625 0.0390625
0 0.16796875 0.09375 0.0390625 0.0390625
0 0.640625 0.09765625 0.0390625 0.0390625
0 0.640625 0.1015625 0.0390625 0.0390625
0 0.546875 0.140625 0.0390625 0.0390625
0 0.73828125 0.1796875 0.0390625 0.0390625
0 0.16796875 0.1953125 0.0390625 0.0390625
0 0.73828125 0.1953125 0.0390625 0.0390625
0 0.6328125 0.19921875 0.0390625 0.0390625
0 0.63671875 0.19921875 0.0390625 0.0390625
0 0.72265625 0.21875 0.0390625 0.0390625
0 0.7265625 0.21875 0.0390625 0.0390625
0 0.5546875 0.23046875 0.0390625 0.0390625
0 0.25 0.234375 0.0390625 0.0390625
0 0.25390625 0.234375 0.0390625 0.0390625
0 0.53125 0.234375 0.0390625 0.0390625
0 0.5546875 0.234375 0.0390625 0.0390625
0 0.73046875 0.234375 0.0390625 0.0390625
0 0.734375 0.234375 0.0390625 0.0390625
0 0.73046875 0.23828125 0.0390625 0.0390625
0 0.734375 0.23828125 0.0390625 0.0390625
0 0.625 0.24609375 0.0390625 0.0390625
0 0.73046875 0.25 0.0390625 0.0390625
0 0.81640625 0.2578125 0.0390625 0.0390625
0 0.76953125 0.26171875 0.0390625 0.0390625
0 0.22265625 0.265625 0.0390625 0.0390625
0 0.22265625 0.26953125 0.0390625 0.0390625
0 0.73046875 0.26953125 0.0390625 0.0390625
0 0.25 0.28125 0.0390625 0.0390625
0 0.16796875 0.30859375 0.0390625 0.0390625
0 0.24609375 0.33203125 0.0390625 0.0390625
0 0.25 0.33203125 0.0390625 0.0390625
0 0.359375 0.34375 0.0390625 0.0390625
0 0.390625 0.34375 0.0390625 0.0390625
0 0.4375 0.34375 0.0390625 0.0390625
0 0.3125 0.34765625 0.0390625 0.0390625
0 0.3125 0.3515625 0.0390625 0.0390625
0 0.16796875 0.359375 0.0390625 0.0390625
0 0.16796875 0.40234375 0.0390625 0.0390625
0 0.171875 0.40234375 0.0390625 0.0390625
0 0.25 0.44140625 0.0390625 0.0390625
0 0.19140625 0.46484375 0.0390625 0.0390625
0 0.1953125 0.46484375 0.0390625 0.0390625
0 0.9140625 0.546875 0.0390625 0.0390625
0 0.67578125 0.6171875 0.0390625 0.0390625
0 0.6796875 0.6171875 0.0390625 0.0390625
0 0.77734375 0.6171875 0.0390625 0.0390625
0 0.82421875 0.6171875 0.0390625 0.0390625
0 0.87109375 0.6171875 0.0390625 0.0390625
0 0.96484375 0.6171875 0.0390625 0.0390625
0 0.96875 0.6171875 0.0390625 0.0390625
0 0.77734375 0.62109375 0.0390625 0.0390625
0 0.87109375 0.62109375 0.0390625 0.0390625
0 0.96484375 0.62109375 0.0390625 0.0390625
0 0.96875 0.62109375 0.0390625 0.0390625
0 0.83203125 0.65234375 0.0390625 0.0390625
0 0.04296875 0.65625 0.0390625 0.0390625
0 0.04296875 0.66015625 0.0390625 0.0390625
0 0.33203125 0.69140625 0.0390625 0.0390625
0 0.51171875 0.69140625 0.0390625 0.0390625
0 0.640625 0.69140625 0.0390625 0.0390625
0 0.58984375 0.6953125 0.0390625 0.0390625
0 0.73046875 0.6953125 0.0390625 0.0390625
0 0.765625 0.6953125 0.0390625 0.0390625
0 0.76953125 0.6953125 0.0390625 0.0390625
0 0.921875 0.6953125 0.0390625 0.0390625
0 0.921875 0.69921875 0.0390625 0.0390625
0 0.9609375 0.69921875 0.0390625 0.0390625
0 0.96484375 0.69921875 0.0390625 0.0390625
0 0.83203125 0.80859375 0.0390625 0.0390625
0 0.24609375 0.84765625 0.0390625 0.0390625
0 0.24609375 0.8828125 0.0390625 0.0390625
0 0.24609375 0.88671875 0.0390625 0.0390625
0 0.2421875 0.98828125 0.0390625 0.0390625
0 0.2421875 0.9921875 0.0390625 0.0390625
