0 0.5 0.06640625 0.0390625 0.0390625
0 0.76953125 0.125 0.0390625 0.0390625
0 0.7734375 0.125 0.0390625 0.0390625
0 0.76953125 0.12890625 0.0390625 0.0390625
0 0.7734375 0.12890625 0.0390625 0.0390625
0 0.98828125 0.24609375 0.0390625 0.0390625
0 0.9921875 0.24609375 0.0390625 0.0390625
0 0.98828125 0.25 0.0390625 0.0390625
0 0.9921875 0.25 0.0390625 0.0390625
0 0.64453125 0.3828125 0.0390625 0.0390625
0 0.64453125 0.38671875 0.0390625 0.0390625
0 0.765625 0.41015625 0.0390625 0.0390625
0 0.76953125 0.46875 0.0390625 0.0390625
0 0.0390625 0.5546875 0.0390625 0.0390625
0 0.04296875 0.5546875 0.0390625 0.0390625
0 0.765625 0.609375 0.0390625 0.0390625
0 0.76953125 0.609375 0.0390625 0.0390625
0 0.765625 0.61328125 0.0390625 0.0390625
0 0.76953125 0.61328125 0.0390625 0.0390625
0 0.04296875 0.6171875 0.0390625 0.0390625
0 0.0 0.66796875 0.0390625 0.0390625
0 0.00390625 0.66796875 0.0390625 0.0390625
0 0.30078125 0.7109375 0.0390625 0.0390625
0 0.20703125 0.71484375 0.0390625 0.0390625
0 0.30078125 0.71484375 0.0390625 0.0390625
0 0.140625 0.71875 0.0390625 0.0390625
0 0.20703125 0.71875 0.0390625 0.0390625
0 0.34375 0.71875 0.0390625 0.0390625
0 0.34765625 0.71875 0.0390625 0.0390625
0 0.00390625 0.72265625 0.0390625 0.0390625
0 0.0078125 0.72265625 0.0390625 0.0390625
0 0.42578125 0.72265625 0.0390625 0.0390625
0 0.4296875 0.72265625 0.0390625 0.0390625
0 0.484375 0.72265625 0.0390625 0.0390625
0 0.0 0.765625 0.0390625 0.0390625
0 0.65625 0.78515625 0.0390625 0.0390625
0 0.66015625 0.78515625 0.0390625 0.0390625
0 0.00390625 0.7890625 0.0390625 0.0390625
0 0.0078125 0.7890625 0.0390625 0.0390625
0 0.13671875 0.7890625 0.0390625 0.0390625
0 0.25390625 0.8046875 0.0390625 0.0390625
0 0.25390625 0.80859375 0.0390625 0.0390625
0 0.0 0.8125 0.0390625 0.0390625
0 0.13671875 0.8125 0.0390625 0.0390625
0 0.140625 0.8125 0.0390625 0.0390625
0 0.2734375 0.8125 0.0390625 0.0390625
0 0.27734375 0.8125 0.0390625 0.0390625
0 0.296875 0.81640625 0.0390625 0.0390625
0 0.3359375 0.8203125 0.0390625 0.0390625
0 0.40234375 0.8203125 0.0390625 0.0390625
0 0.4453125 0.8203125 0.0390625 0.0390625
0 0.44921875 0.8203125 0.0390625 0.0390625
0 0.4921875 0.8203125 0.0390625 0.0390625
0 0.359375 0.82421875 0.0390625 0.0390625
0 0.40234375 0.82421875 0.0390625 0.0390625
0 0.4453125 0.82421875 0.0390625 0.0390625
0 0.44921875 0.82421875 0.0390625 0.0390625
0 0.359375 0.828125 0.0390625 0.0390625
0 0.3828125 0.828125 0.0390625 0.0390625
0 0.7421875 0.828125 0.0390625 0.0390625
0 0.9140625 0.828125 0.0390625 0.0390625
0 0.91796875 0.828125 0.0390625 0.0390625
0 0.140625 0.83203125 0.0390625 0.0390625
0 0.9140625 0.83203125 0.0390625 0.0390625
0 0.91796875 0.83203125 0.0390625 0.0390625
0 0.0 0.8359375 0.0390625 0.0390625
0 0.00390625 0.8359375 0.0390625 0.0390625
0 0.94140625 0.8359375 0.0390625 0.0390625
0 0.9453125 0.8359375 0.0390625 0.0390625
0 0.94140625 0.83984375 0.0390625 0.0390625
0 0.9453125 0.83984375 0.0390625 0.0390625
0 0.09375 0.84765625 0.0390625 0.0390625
0 0.09375 0.8515625 0.0390625 0.0390625
0 0.65234375 0.8515625 0.0390625 0.0390625
0 0.65625 0.8515625 0.0390625 0.0390625
0 0.0 0.85546875 0.0390625 0.0390625
0 0.65234375 0.85546875 0.0390625 0.0390625
0 0.65625 0.85546875 0.0390625 0.0390625
0 0.0 0.859375 0.0390625 0.0390625
0 0.22265625 0.875 0.0390625 0.0390625
0 0.09375 0.88671875 0.0390625 0.0390625
0 0.09765625 0.88671875 0.0390625 0.0390625
0 0.09375 0.890625 0.0390625 0.0390625
0 0.09765625 0.890625 0.0390625 0.0390625
0 0.65234375 0.890625 0.0390625 0.0390625
0 0.65625 0.890625 0.0390625 0.0390625
0 0.22265625 0.89453125 0.0390625 0.0390625
0 0.65234375 0.89453125 0.0390625 0.0390625
0 0.65625 0.89453125 0.0390625 0.0390625
0 0.09375 0.9140625 0.0390625 0.0390625
0 0.21484375 0.9140625 0.0390625 0.0390625
0 0.21484375 0.91796875 0.0390625 0.0390625
0 0.13671875 0.93359375 0.0390625 0.0390625
0 0.21875 0.93359375 0.0390625 0.0390625
0 0.21875 0.9375 0.0390625 0.0390625
0 0.1015625 0.953125 0.0390625 0.0390625
0 0.21484375 0.95703125 0.0390625 0.0390625
0 0.65234375 0.96875 0.0390625 0.0390625
0 0.21875 0.9765625 0.0390625 0.0390625
