0 0.21484375 0.06640625 0.0390625 0.0390625
0 0.31640625 0.40234375 0.0390625 0.0390625
0 0.19921875 0.47265625 0.0390625 0.0390625
0 0.4921875 0.7578125 0.0390625 0.0390625
0 0.49609375 0.7578125 0.0390625 0.0390625
0 0.5390625 0.7578125 0.0390625 0.0390625
0 0.54296875 0.7578125 0.0390625 0.0390625
0 0.859375 0.76171875 0.0390625 0.0390625
0 0.859375 0.765625 0.0390625 0.0390625
0 0.90625 0.765625 0.0390625 0.0390625
0 0.28515625 0.76953125 0.0390625 0.0390625
0 0.2890625 0.76953125 0.0390625 0.0390625
0 0.671875 0.76953125 0.0390625 0.0390625
0 0.7265625 0.7734375 0.0390625 0.0390625
0 0.73046875 0.7734375 0.0390625 0.0390625
0 0.18359375 0.79296875 0.0390625 0.0390625
0 0.1875 0.79296875 0.0390625 0.0390625
0 0.5 0.796875 0.0390625 0.0390625
0 0.5 0.80078125 0.0390625 0.0390625
0 0.484375 0.859375 0.0390625 0.0390625
0 0.52734375 0.859375 0.0390625 0.0390625
0 0.484375 0.86328125 0.0390625 0.0390625
0 0.52734375 0.86328125 0.0390625 0.0390625
0 0.546875 0.86328125 0.0390625 0.0390625
0 0.67578125 0.86328125 0.0390625 0.0390625
0 0.71875 0.86328125 0.0390625 0.0390625
0 0.73828125 0.86328125 0.0390625 0.0390625
0 0.7421875 0.86328125 0.0390625 0.0390625
0 0.56640625 0.8671875 0.0390625 0.0390625
0 0.5703125 0.8671875 0.0390625 0.0390625
0 0.609375 0.8671875 0.0390625 0.0390625
0 0.6328125 0.8671875 0.0390625 0.0390625
0 0.67578125 0.8671875 0.0390625 0.0390625
0 0.73828125 0.8671875 0.0390625 0.0390625
0 0.7421875 0.8671875 0.0390625 0.0390625
0 0.609375 0.87109375 0.0390625 0.0390625
0 0.18359375 0.94921875 0.0390625 0.0390625
