0 0.46484375 0.01171875 0.0390625 0.0390625
0 0.46484375 0.015625 0.0390625 0.0390625
0 0.48828125 0.015625 0.0390625 0.0390625
0 0.265625 0.01953125 0.0390625 0.0390625
0 0.26953125 0.01953125 0.0390625 0.0390625
0 0.265625 0.125 0.0390625 0.0390625
0 0.18359375 0.1640625 0.0390625 0.0390625
0 0.1875 0.1640625 0.0390625 0.0390625
0 0.421875 0.171875 0.0390625 0.0390625
0 0.42578125 0.171875 0.0390625 0.0390625
0 0.50390625 0.171875 0.0390625 0.0390625
0 0.421875 0.17578125 0.0390625 0.0390625
0 0.42578125 0.17578125 0.0390625 0.0390625
0 0.50390625 0.17578125 0.0390625 0.0390625
0 0.03515625 0.19921875 0.0390625 0.0390625
0 0.0390625 0.19921875 0.0390625 0.0390625
0 0.01171875 0.203125 0.0390625 0.0390625
0 0.015625 0.203125 0.0390625 0.0390625
0 0.03515625 0.203125 0.0390625 0.0390625
0 0.0390625 0.203125 0.0390625 0.0390625
0 0.08203125 0.203125 0.0390625 0.0390625
0 0.05859375 0.20703125 0.0390625 0.0390625
0 0.08203125 0.20703125 0.0390625 0.0390625
0 0.83203125 0.2421875 0.0390625 0.0390625
0 0.265625 0.25 0.0390625 0.0390625
0 0.26953125 0.25 0.0390625 0.0390625
0 0.828125 0.2734375 0.0390625 0.0390625
0 0.828125 0.27734375 0.0390625 0.0390625
0 0.8515625 0.27734375 0.0390625 0.0390625
0 0.80859375 0.28125 0.0390625 0.0390625
0 0.265625 0.2890625 0.0390625 0.0390625
0 0.26953125 0.2890625 0.0390625 0.0390625
0 0.01171875 0.31640625 0.0390625 0.0390625
0 0.015625 0.31640625 0.0390625 0.0390625
0 0.03515625 0.3203125 0.0390625 0.0390625
0 0.05859375 0.3203125 0.0390625 0.0390625
0 0.07421875 0.3203125 0.0390625 0.0390625
0 0.078125 0.3203125 0.0390625 0.0390625
0 0.03515625 0.32421875 0.0390625 0.0390625
0 0.7578125 0.32421875 0.0390625 0.0390625
0 0.76171875 0.32421875 0.0390625 0.0390625
0 0.26171875 0.33984375 0.0390625 0.0390625
0 0.20703125 0.34375 0.0390625 0.0390625
0 0.03125 0.35546875 0.0390625 0.0390625
0 0.01171875 0.359375 0.0390625 0.0390625
0 0.078125 0.359375 0.0390625 0.0390625
0 0.05859375 0.36328125 0.0390625 0.0390625
0 0.05859375 0.3671875 0.0390625 0.0390625
0 0.234375 0.375 0.0390625 0.0390625
0 0.26171875 0.43359375 0.0390625 0.0390625
0 0.265625 0.43359375 0.0390625 0.0390625
0 0.03515625 0.46875 0.0390625 0.0390625
0 0.26171875 0.46875 0.0390625 0.0390625
0 0.0546875 0.47265625 0.0390625 0.0390625
0 0.078125 0.47265625 0.0390625 0.0390625
0 0.26171875 0.47265625 0.0390625 0.0390625
0 0.0546875 0.4765625 0.0390625 0.0390625
0 0.078125 0.4765625 0.0390625 0.0390625
0 0.46875 0.48828125 0.0390625 0.0390625
0 0.47265625 0.48828125 0.0390625 0.0390625
0 0.4921875 0.48828125 0.0390625 0.0390625
0 0.4921875 0.4921875 0.0390625 0.0390625
0 0.50390625 0.59765625 0.0390625 0.0390625
0 0.453125 0.6015625 0.0390625 0.0390625
0 0.7109375 0.6015625 0.0390625 0.0390625
0 0.453125 0.60546875 0.0390625 0.0390625
0 0.76171875 0.60546875 0.0390625 0.0390625
0 0.04296875 0.63671875 0.0390625 0.0390625
0 0.046875 0.63671875 0.0390625 0.0390625
0 0.70703125 0.63671875 0.0390625 0.0390625
0 0.10546875 0.640625 0.0390625 0.0390625
0 0.109375 0.640625 0.0390625 0.0390625
0 0.10546875 0.64453125 0.0390625 0.0390625
0 0.109375 0.64453125 0.0390625 0.0390625
0 0.30078125 0.6484375 0.0390625 0.0390625
0 0.44140625 0.6796875 0.0390625 0.0390625
0 0.4453125 0.6796875 0.0390625 0.0390625
0 0.5078125 0.68359375 0.0390625 0.0390625
0 0.51171875 0.68359375 0.0390625 0.0390625
0 0.5546875 0.68359375 0.0390625 0.0390625
0 0.9375 0.68359375 0.0390625 0.0390625
0 0.609375 0.6875 0.0390625 0.0390625
0 0.6640625 0.6875 0.0390625 0.0390625
0 0.703125 0.6875 0.0390625 0.0390625
0 0.7421875 0.6875 0.0390625 0.0390625
0 0.74609375 0.6875 0.0390625 0.0390625
0 0.8671875 0.6875 0.0390625 0.0390625
0 0.9375 0.6875 0.0390625 0.0390625
0 0.76953125 0.76171875 0.0390625 0.0390625
0 0.76953125 0.765625 0.0390625 0.0390625
0 0.86328125 0.796875 0.0390625 0.0390625
0 0.86328125 0.80078125 0.0390625 0.0390625
0 0.7578125 0.81640625 0.0390625 0.0390625
0 0.76171875 0.81640625 0.0390625 0.0390625
0 0.1796875 0.8203125 0.0390625 0.0390625
0 0.7578125 0.8203125 0.0390625 0.0390625
0 0.76171875 0.8203125 0.0390625 0.0390625
0 0.85546875 0.8203125 0.0390625 0.0390625
0 0.1796875 0.82421875 0.0390625 0.0390625
0 0.7578125 0.8359375 0.0390625 0.0390625
0 0.859375 0.859375 0.0390625 0.0390625
0 0.86328125 0.859375 0.0390625 0.0390625
0 0.1796875 0.8828125 0.0390625 0.0390625
0 0.17578125 0.97265625 0.0390625 0.0390625
0 0.1796875 0.97265625 0.0390625 0.0390625
