0 0.5078125 0.0078125 0.0390625 0.0390625
0 0.94140625 0.0078125 0.0390625 0.0390625
0 0.9453125 0.0078125 0.0390625 0.0390625
0 0.01171875 0.01171875 0.0390625 0.0390625
0 0.640625 0.01171875 0.0390625 0.0390625
0 0.64453125 0.01171875 0.0390625 0.0390625
0 0.828125 0.01171875 0.0390625 0.0390625
0 0.83203125 0.01171875 0.0390625 0.0390625
0 0.01171875 0.015625 0.0390625 0.0390625
0 0.640625 0.015625 0.0390625 0.0390625
0 0.64453125 0.015625 0.0390625 0.0390625
0 0.6484375 0.03125 0.0390625 0.0390625
0 0.6875 0.03125 0.0390625 0.0390625
0 0.69140625 0.03125 0.0390625 0.0390625
0 0.6484375 0.03515625 0.0390625 0.0390625
0 0.64453125 0.0546875 0.0390625 0.0390625
0 0.75390625 0.0546875 0.0390625 0.0390625
0 0.75390625 0.05859375 0.0390625 0.0390625
0 0.49609375 0.07421875 0.0390625 0.0390625
0 0.5 0.07421875 0.0390625 0.0390625
0 0.6875 0.08203125 0.0390625 0.0390625
0 0.6875 0.0859375 0.0390625 0.0390625
0 0.640625 0.09765625 0.0390625 0.0390625
0 0.75390625 0.1015625 0.0390625 0.0390625
0 0.75390625 0.10546875 0.0390625 0.0390625
0 0.3984375 0.13671875 0.0390625 0.0390625
0 0.40234375 0.13671875 0.0390625 0.0390625
0 0.42578125 0.13671875 0.0390625 0.0390625
0 0.4453125 0.13671875 0.0390625 0.0390625
0 0.42578125 0.140625 0.0390625 0.0390625
0 0.4453125 0.140625 0.0390625 0.0390625
0 0.46484375 0.1484375 0.0390625 0.0390625
0 0.5078125 0.16015625 0.0390625 0.0390625
0 0.5078125 0.1640625 0.0390625 0.0390625
0 0.66015625 0.1640625 0.0390625 0.0390625
0 0.4921875 0.25 0.0390625 0.0390625
0 0.49609375 0.25 0.0390625 0.0390625
0 0.44140625 0.25390625 0.0390625 0.0390625
0 0.4453125 0.25390625 0.0390625 0.0390625
0 0.4921875 0.25390625 0.0390625 0.0390625
0 0.49609375 0.25390625 0.0390625 0.0390625
0 0.66015625 0.25390625 0.0390625 0.0390625
0 0.66015625 0.2578125 0.0390625 0.0390625
0 0.421875 0.28515625 0.0390625 0.0390625
0 0.24609375 0.3046875 0.0390625 0.0390625
0 0.25 0.3046875 0.0390625 0.0390625
0 0.41796875 0.3046875 0.0390625 0.0390625
0 0.24609375 0.30859375 0.0390625 0.0390625
0 0.25 0.30859375 0.0390625 0.0390625
0 0.41796875 0.30859375 0.0390625 0.0390625
0 0.6796875 0.30859375 0.0390625 0.0390625
0 0.796875 0.328125 0.0390625 0.0390625
0 0.796875 0.33203125 0.0390625 0.0390625
0 0.52734375 0.35546875 0.0390625 0.0390625
0 0.53125 0.35546875 0.0390625 0.0390625
0 0.421875 0.359375 0.0390625 0.0390625
0 0.42578125 0.359375 0.0390625 0.0390625
0 0.0078125 0.36328125 0.0390625 0.0390625
0 0.0078125 0.3671875 0.0390625 0.0390625
0 0.421875 0.375 0.0390625 0.0390625
0 0.42578125 0.375 0.0390625 0.0390625
0 0.578125 0.375 0.0390625 0.0390625
0 0.79296875 0.375 0.0390625 0.0390625
0 0.41796875 0.39453125 0.0390625 0.0390625
0 0.421875 0.39453125 0.0390625 0.0390625
0 0.53515625 0.39453125 0.0390625 0.0390625
0 0.83984375 0.39453125 0.0390625 0.0390625
0 0.84375 0.39453125 0.0390625 0.0390625
0 0.68359375 0.40625 0.0390625 0.0390625
0 0.52734375 0.41015625 0.0390625 0.0390625
0 0.53125 0.41015625 0.0390625 0.0390625
0 0.41796875 0.4140625 0.0390625 0.0390625
0 0.421875 0.4140625 0.0390625 0.0390625
0 0.52734375 0.4140625 0.0390625 0.0390625
0 0.53125 0.4140625 0.0390625 0.0390625
0 0.578125 0.4140625 0.0390625 0.0390625
0 0.796875 0.41796875 0.0390625 0.0390625
0 0.80078125 0.41796875 0.0390625 0.0390625
0 0.9453125 0.421875 0.0390625 0.0390625
0 0.9453125 0.42578125 0.0390625 0.0390625
0 0.41796875 0.43359375 0.0390625 0.0390625
0 0.53125 0.43359375 0.0390625 0.0390625
0 0.83984375 0.43359375 0.0390625 0.0390625
0 0.84375 0.43359375 0.0390625 0.0390625
0 0.83984375 0.4375 0.0390625 0.0390625
0 0.84375 0.4375 0.0390625 0.0390625
0 0.52734375 0.453125 0.0390625 0.0390625
0 0.53125 0.453125 0.0390625 0.0390625
0 0.57421875 0.45703125 0.0390625 0.0390625
0 0.83984375 0.45703125 0.0390625 0.0390625
0 0.00390625 0.4609375 0.0390625 0.0390625
0 0.0078125 0.4609375 0.0390625 0.0390625
0 0.79296875 0.4609375 0.0390625 0.0390625
0 0.796875 0.4609375 0.0390625 0.0390625
0 0.83984375 0.4609375 0.0390625 0.0390625
0 0.9453125 0.4609375 0.0390625 0.0390625
0 0.9453125 0.46484375 0.0390625 0.0390625
0 0.53125 0.47265625 0.0390625 0.0390625
0 0.41796875 0.48046875 0.0390625 0.0390625
0 0.421875 0.48046875 0.0390625 0.0390625
0 0.80078125 0.484375 0.0390625 0.0390625
0 0.9453125 0.484375 0.0390625 0.0390625
0 0.94921875 0.484375 0.0390625 0.0390625
0 0.421875 0.49609375 0.0390625 0.0390625
0 0.52734375 0.49609375 0.0390625 0.0390625
0 0.421875 0.5 0.0390625 0.0390625
0 0.796875 0.50390625 0.0390625 0.0390625
0 0.8359375 0.50390625 0.0390625 0.0390625
0 0.9453125 0.50390625 0.0390625 0.0390625
0 0.52734375 0.515625 0.0390625 0.0390625
0 0.41796875 0.51953125 0.0390625 0.0390625
0 0.68359375 0.51953125 0.0390625 0.0390625
0 0.8359375 0.5234375 0.0390625 0.0390625
0 0.94921875 0.5234375 0.0390625 0.0390625
0 0.7890625 0.52734375 0.0390625 0.0390625
0 0.8359375 0.52734375 0.0390625 0.0390625
0 0.94921875 0.52734375 0.0390625 0.0390625
0 0.41796875 0.53515625 0.0390625 0.0390625
0 0.79296875 0.546875 0.0390625 0.0390625
0 0.83984375 0.546875 0.0390625 0.0390625
0 0.84375 0.546875 0.0390625 0.0390625
0 0.9453125 0.546875 0.0390625 0.0390625
0 0.7890625 0.56640625 0.0390625 0.0390625
0 0.8359375 0.56640625 0.0390625 0.0390625
0 0.83984375 0.56640625 0.0390625 0.0390625
0 0.94921875 0.56640625 0.0390625 0.0390625
0 0.8359375 0.5703125 0.0390625 0.0390625
0 0.83984375 0.5703125 0.0390625 0.0390625
0 0.94921875 0.5703125 0.0390625 0.0390625
0 0.67578125 0.58203125 0.0390625 0.0390625
0 0.6796875 0.58203125 0.0390625 0.0390625
0 0.7890625 0.58984375 0.0390625 0.0390625
0 0.8359375 0.58984375 0.0390625 0.0390625
0 0.83984375 0.58984375 0.0390625 0.0390625
0 0.9453125 0.58984375 0.0390625 0.0390625
0 0.7890625 0.59375 0.0390625 0.0390625
0 0.41796875 0.59765625 0.0390625 0.0390625
0 0.421875 0.59765625 0.0390625 0.0390625
0 0.9453125 0.61328125 0.0390625 0.0390625
0 0.41796875 0.62109375 0.0390625 0.0390625
0 0.41796875 0.625 0.0390625 0.0390625
0 0.9453125 0.6328125 0.0390625 0.0390625
0 0.1015625 0.63671875 0.0390625 0.0390625
0 0.41796875 0.64453125 0.0390625 0.0390625
0 0.94140625 0.6484375 0.0390625 0.0390625
0 0.9453125 0.6484375 0.0390625 0.0390625
0 0.56640625 0.7734375 0.0390625 0.0390625
0 0.5703125 0.7734375 0.0390625 0.0390625
0 0.19140625 0.7890625 0.0390625 0.0390625
0 0.296875 0.7890625 0.0390625 0.0390625
0 0.56640625 0.796875 0.0390625 0.0390625
0 0.5625 0.8203125 0.0390625 0.0390625
0 0.56640625 0.8203125 0.0390625 0.0390625
0 0.5625 0.82421875 0.0390625 0.0390625
0 0.56640625 0.82421875 0.0390625 0.0390625
0 0.09375 0.85546875 0.0390625 0.0390625
0 0.1015625 0.89453125 0.0390625 0.0390625
0 0.90625 0.91796875 0.0390625 0.0390625
0 0.4765625 0.9375 0.0390625 0.0390625
0 0.48046875 0.9375 0.0390625 0.0390625
0 0.09765625 0.94921875 0.0390625 0.0390625
0 0.0234375 0.953125 0.0390625 0.0390625
0 0.09765625 0.953125 0.0390625 0.0390625
0 0.4375 0.953125 0.0390625 0.0390625
0 0.90625 0.95703125 0.0390625 0.0390625
0 0.90625 0.9609375 0.0390625 0.0390625
0 0.10546875 0.96875 0.0390625 0.0390625
0 0.10546875 0.97265625 0.0390625 0.0390625
0 0.90234375 0.9765625 0.0390625 0.0390625
0 0.4453125 0.98046875 0.0390625 0.0390625
0 0.44921875 0.98046875 0.0390625 0.0390625
0 0.90234375 0.98046875 0.0390625 0.0390625
