0 0.7265625 0.0 0.0390625 0.0390625
0 0.73046875 0.0 0.0390625 0.0390625
0 0.7265625 0.00390625 0.0390625 0.0390625
0 0.73046875 0.00390625 0.0390625 0.0390625
0 0.03125 0.015625 0.0390625 0.0390625
0 0.0703125 0.015625 0.0390625 0.0390625
0 0.07421875 0.015625 0.0390625 0.0390625
0 0.05078125 0.01953125 0.0390625 0.0390625
0 0.09375 0.01953125 0.0390625 0.0390625
0 0.234375 0.01953125 0.0390625 0.0390625
0 0.2578125 0.01953125 0.0390625 0.0390625
0 0.3984375 0.01953125 0.0390625 0.0390625
0 0.21484375 0.0234375 0.0390625 0.0390625
0 0.21875 0.0234375 0.0390625 0.0390625
0 0.51953125 0.0234375 0.0390625 0.0390625
0 0.5234375 0.0234375 0.0390625 0.0390625
0 0.1875 0.02734375 0.0390625 0.0390625
0 0.19140625 0.02734375 0.0390625 0.0390625
0 0.21484375 0.02734375 0.0390625 0.0390625
0 0.21875 0.02734375 0.0390625 0.0390625
0 0.51953125 0.02734375 0.0390625 0.0390625
0 0.5234375 0.02734375 0.0390625 0.0390625
0 0.8359375 0.0546875 0.0390625 0.0390625
0 0.39453125 0.05859375 0.0390625 0.0390625
0 0.3984375 0.05859375 0.0390625 0.0390625
0 0.7734375 0.05859375 0.0390625 0.0390625
0 0.79296875 0.05859375 0.0390625 0.0390625
0 0.8125 0.05859375 0.0390625 0.0390625
0 0.81640625 0.05859375 0.0390625 0.0390625
0 0.8359375 0.05859375 0.0390625 0.0390625
0 0.875 0.05859375 0.0390625 0.0390625
0 0.96875 0.05859375 0.0390625 0.0390625
0 0.39453125 0.0625 0.0390625 0.0390625
0 0.3984375 0.0625 0.0390625 0.0390625
0 0.6484375 0.0625 0.0390625 0.0390625
0 0.65234375 0.0625 0.0390625 0.0390625
0 0.85546875 0.0625 0.0390625 0.0390625
0 0.859375 0.0625 0.0390625 0.0390625
0 0.875 0.0625 0.0390625 0.0390625
0 0.8984375 0.0625 0.0390625 0.0390625
0 0.921875 0.0625 0.0390625 0.0390625
0 0.984375 0.0625 0.0390625 0.0390625
0 0.8984375 0.06640625 0.0390625 0.0390625
0 0.94140625 0.06640625 0.0390625 0.0390625
0 0.9453125 0.06640625 0.0390625 0.0390625
0 0.05078125 0.125 0.0390625 0.0390625
0 0.08984375 0.125 0.0390625 0.0390625
0 0.09375 0.125 0.0390625 0.0390625
0 0.11328125 0.125 0.0390625 0.0390625
0 0.0078125 0.12890625 0.0390625 0.0390625
0 0.03125 0.12890625 0.0390625 0.0390625
0 0.06640625 0.12890625 0.0390625 0.0390625
0 0.0703125 0.12890625 0.0390625 0.0390625
0 0.08984375 0.12890625 0.0390625 0.0390625
0 0.09375 0.12890625 0.0390625 0.0390625
0 0.21484375 0.12890625 0.0390625 0.0390625
0 0.19140625 0.1328125 0.0390625 0.0390625
0 0.1953125 0.1328125 0.0390625 0.0390625
0 0.23046875 0.13671875 0.0390625 0.0390625
0 0.234375 0.13671875 0.0390625 0.0390625
0 0.1953125 0.1796875 0.0390625 0.0390625
0 0.21875 0.1796875 0.0390625 0.0390625
0 0.22265625 0.1796875 0.0390625 0.0390625
0 0.39453125 0.1796875 0.0390625 0.0390625
0 0.1953125 0.18359375 0.0390625 0.0390625
0 0.2421875 0.18359375 0.0390625 0.0390625
0 0.24609375 0.18359375 0.0390625 0.0390625
0 0.265625 0.18359375 0.0390625 0.0390625
0 0.26953125 0.18359375 0.0390625 0.0390625
0 0.39453125 0.18359375 0.0390625 0.0390625
0 0.265625 0.1875 0.0390625 0.0390625
0 0.26953125 0.1875 0.0390625 0.0390625
0 0.265625 0.3671875 0.0390625 0.0390625
0 0.26953125 0.3671875 0.0390625 0.0390625
0 0.265625 0.37109375 0.0390625 0.0390625
0 0.26953125 0.37109375 0.0390625 0.0390625
0 0.55078125 0.37890625 0.0390625 0.0390625
0 0.55078125 0.3828125 0.0390625 0.0390625
0 0.15234375 0.515625 0.0390625 0.0390625
0 0.15625 0.515625 0.0390625 0.0390625
0 0.27734375 0.53125 0.0390625 0.0390625
0 0.36328125 0.66796875 0.0390625 0.0390625
0 0.36328125 0.671875 0.0390625 0.0390625
0 0.63671875 0.671875 0.0390625 0.0390625
0 0.63671875 0.67578125 0.0390625 0.0390625
0 0.9375 0.77734375 0.0390625 0.0390625
0 0.65234375 0.78515625 0.0390625 0.0390625
0 0.17578125 0.91796875 0.0390625 0.0390625
0 0.1796875 0.91796875 0.0390625 0.0390625
0 0.203125 0.91796875 0.0390625 0.0390625
0 0.96875 0.91796875 0.0390625 0.0390625
0 0.97265625 0.91796875 0.0390625 0.0390625
0 0.203125 0.921875 0.0390625 0.0390625
0 0.22265625 0.921875 0.0390625 0.0390625
0 0.2265625 0.921875 0.0390625 0.0390625
0 0.734375 0.921875 0.0390625 0.0390625
0 0.79296875 0.921875 0.0390625 0.0390625
0 0.796875 0.921875 0.0390625 0.0390625
0 0.96875 0.921875 0.0390625 0.0390625
0 0.97265625 0.921875 0.0390625 0.0390625
0 0.69140625 0.92578125 0.0390625 0.0390625
0 0.6953125 0.92578125 0.0390625 0.0390625
0 0.83984375 0.92578125 0.0390625 0.0390625
0 0.96875 0.95703125 0.0390625 0.0390625
0 0.97265625 0.95703125 0.0390625 0.0390625
0 0.26171875 0.99609375 0.0390625 0.0390625
