0 0.56640625 0.0 0.0390625 0.0390625
0 0.61328125 0.0 0.0390625 0.0390625
0 0.90234375 0.0 0.0390625 0.0390625
0 0.953125 0.01171875 0.0390625 0.0390625
0 0.09765625 0.03125 0.0390625 0.0390625
0 0.90625 0.04296875 0.0390625 0.0390625
0 0.90625 0.0703125 0.0390625 0.0390625
0 0.91015625 0.0703125 0.0390625 0.0390625
0 0.04296875 0.109375 0.0390625 0.0390625
0 0.99609375 0.109375 0.0390625 0.0390625
0 0.04296875 0.11328125 0.0390625 0.0390625
0 0.2265625 0.1328125 0.0390625 0.0390625
0 0.2265625 0.13671875 0.0390625 0.0390625
0 0.03515625 0.140625 0.0390625 0.0390625
0 0.9453125 0.1484375 0.0390625 0.0390625
0 0.01953125 0.1640625 0.0390625 0.0390625
0 0.18359375 0.1640625 0.0390625 0.0390625
0 0.6796875 0.16796875 0.0390625 0.0390625
0 0.91796875 0.16796875 0.0390625 0.0390625
0 0.91796875 0.171875 0.0390625 0.0390625
0 0.9921875 0.2890625 0.0390625 0.0390625
0 0.9921875 0.29296875 0.0390625 0.0390625
0 0.0 0.45703125 0.0390625 0.0390625
0 0.0 0.4609375 0.0390625 0.0390625
0 0.03125 0.5546875 0.0390625 0.0390625
0 0.02734375 0.703125 0.0390625 0.0390625
