0 0.96875 0.078125 0.0390625 0.0390625
0 0.5546875 0.1796875 0.0390625 0.0390625
0 0.5234375 0.1875 0.0390625 0.0390625
0 0.4921875 0.19921875 0.0390625 0.0390625
0 0.49609375 0.19921875 0.0390625 0.0390625
0 0.4921875 0.203125 0.0390625 0.0390625
0 0.49609375 0.203125 0.0390625 0.0390625
0 0.51953125 0.25 0.0390625 0.0390625
0 0.65234375 0.25390625 0.0390625 0.0390625
0 0.55078125 0.2578125 0.0390625 0.0390625
0 0.65234375 0.2578125 0.0390625 0.0390625
0 0.4921875 0.26171875 0.0390625 0.0390625
0 0.55078125 0.26171875 0.0390625 0.0390625
0 0.66796875 0.27734375 0.0390625 0.0390625
0 0.51953125 0.3046875 0.0390625 0.0390625
0 0.48828125 0.31640625 0.0390625 0.0390625
0 0.65625 0.31640625 0.0390625 0.0390625
0 0.55078125 0.3203125 0.0390625 0.0390625
0 0.55078125 0.32421875 0.0390625 0.0390625
0 0.65625 0.3359375 0.0390625 0.0390625
0 0.65625 0.33984375 0.0390625 0.0390625
0 0.4921875 0.37890625 0.0390625 0.0390625
0 0.4921875 0.43359375 0.0390625 0.0390625
0 0.80078125 0.52734375 0.0390625 0.0390625
0 0.8046875 0.52734375 0.0390625 0.0390625
0 0.76171875 0.53125 0.0390625 0.0390625
0 0.84375 0.53125 0.0390625 0.0390625
0 0.8671875 0.53125 0.0390625 0.0390625
0 0.76171875 0.53515625 0.0390625 0.0390625
0 0.953125 0.6484375 0.0390625 0.0390625
0 0.95703125 0.6484375 0.0390625 0.0390625
0 0.953125 0.65234375 0.0390625 0.0390625
0 0.95703125 0.65234375 0.0390625 0.0390625
0 0.80859375 0.8515625 0.0390625 0.0390625
0 0.875 0.8515625 0.0390625 0.0390625
0 0.87890625 0.8515625 0.0390625 0.0390625
0 0.875 0.85546875 0.0390625 0.0390625
0 0.87890625 0.85546875 0.0390625 0.0390625
0 0.06640625 0.921875 0.0390625 0.0390625
0 0.06640625 0.92578125 0.0390625 0.0390625
