0 0.3046875 0.00390625 0.0390625 0.0390625
0 0.30859375 0.00390625 0.0390625 0.0390625
0 0.3515625 0.00390625 0.0390625 0.0390625
0 0.21484375 0.01171875 0.0390625 0.0390625
0 0.21875 0.01171875 0.0390625 0.0390625
0 0.21484375 0.015625 0.0390625 0.0390625
0 0.21875 0.015625 0.0390625 0.0390625
0 0.44921875 0.015625 0.0390625 0.0390625
0 0.0546875 0.01953125 0.0390625 0.0390625
0 0.0546875 0.0234375 0.0390625 0.0390625
0 0.30078125 0.02734375 0.0390625 0.0390625
0 0.34375 0.02734375 0.0390625 0.0390625
0 0.30078125 0.03125 0.0390625 0.0390625
0 0.05859375 0.046875 0.0390625 0.0390625
0 0.09765625 0.05078125 0.0390625 0.0390625
0 0.21875 0.05078125 0.0390625 0.0390625
0 0.30078125 0.05078125 0.0390625 0.0390625
0 0.3046875 0.05078125 0.0390625 0.0390625
0 0.34375 0.05078125 0.0390625 0.0390625
0 0.21875 0.0546875 0.0390625 0.0390625
0 0.78125 0.0625 0.0390625 0.0390625
0 0.30078125 0.07421875 0.0390625 0.0390625
0 0.34375 0.078125 0.0390625 0.0390625
0 0.34765625 0.078125 0.0390625 0.0390625
0 0.74609375 0.08203125 0.0390625 0.0390625
0 0.09765625 0.08984375 0.0390625 0.0390625
0 0.30078125 0.09765625 0.0390625 0.0390625
0 0.3046875 0.09765625 0.0390625 0.0390625
0 0.33984375 0.09765625 0.0390625 0.0390625
0 0.34375 0.09765625 0.0390625 0.0390625
0 0.30078125 0.1015625 0.0390625 0.0390625
0 0.3046875 0.1015625 0.0390625 0.0390625
0 0.33984375 0.1015625 0.0390625 0.0390625
0 0.34375 0.1015625 0.0390625 0.0390625
0 0.453125 0.1015625 0.0390625 0.0390625
0 0.453125 0.10546875 0.0390625 0.0390625
0 0.30078125 0.12109375 0.0390625 0.0390625
0 0.3046875 0.12109375 0.0390625 0.0390625
0 0.34375 0.12109375 0.0390625 0.0390625
0 0.0546875 0.125 0.0390625 0.0390625
0 0.34375 0.125 0.0390625 0.0390625
0 0.44921875 0.125 0.0390625 0.0390625
0 0.453125 0.125 0.0390625 0.0390625
0 0.3046875 0.14453125 0.0390625 0.0390625
0 0.30859375 0.14453125 0.0390625 0.0390625
0 0.34375 0.14453125 0.0390625 0.0390625
0 0.34765625 0.14453125 0.0390625 0.0390625
0 0.4453125 0.1484375 0.0390625 0.0390625
0 0.30078125 0.1640625 0.0390625 0.0390625
0 0.30078125 0.16796875 0.0390625 0.0390625
0 0.3515625 0.16796875 0.0390625 0.0390625
0 0.44921875 0.171875 0.0390625 0.0390625
0 0.1796875 0.1875 0.0390625 0.0390625
0 0.1796875 0.19140625 0.0390625 0.0390625
0 0.296875 0.19140625 0.0390625 0.0390625
0 0.30078125 0.19140625 0.0390625 0.0390625
0 0.33984375 0.19140625 0.0390625 0.0390625
0 0.4453125 0.19140625 0.0390625 0.0390625
0 0.296875 0.1953125 0.0390625 0.0390625
0 0.30078125 0.1953125 0.0390625 0.0390625
0 0.33984375 0.1953125 0.0390625 0.0390625
0 0.05859375 0.203125 0.0390625 0.0390625
0 0.4453125 0.2109375 0.0390625 0.0390625
0 0.30078125 0.21875 0.0390625 0.0390625
0 0.34375 0.21875 0.0390625 0.0390625
0 0.34765625 0.21875 0.0390625 0.0390625
0 0.74609375 0.22265625 0.0390625 0.0390625
0 0.75 0.22265625 0.0390625 0.0390625
0 0.0546875 0.2265625 0.0390625 0.0390625
0 0.22265625 0.234375 0.0390625 0.0390625
0 0.44140625 0.234375 0.0390625 0.0390625
0 0.44140625 0.23828125 0.0390625 0.0390625
0 0.296875 0.2421875 0.0390625 0.0390625
0 0.34375 0.2421875 0.0390625 0.0390625
0 0.34765625 0.2421875 0.0390625 0.0390625
0 0.0 0.2578125 0.0390625 0.0390625
0 0.0 0.26171875 0.0390625 0.0390625
0 0.4453125 0.26171875 0.0390625 0.0390625
0 0.31640625 0.265625 0.0390625 0.0390625
0 0.80859375 0.265625 0.0390625 0.0390625
0 0.99609375 0.26953125 0.0390625 0.0390625
0 0.1171875 0.29296875 0.0390625 0.0390625
0 0.12109375 0.29296875 0.0390625 0.0390625
0 0.1171875 0.296875 0.0390625 0.0390625
0 0.12109375 0.296875 0.0390625 0.0390625
0 0.07421875 0.359375 0.0390625 0.0390625
0 0.7734375 0.37109375 0.0390625 0.0390625
0 0.77734375 0.37109375 0.0390625 0.0390625
0 0.0703125 0.44921875 0.0390625 0.0390625
0 0.7421875 0.44921875 0.0390625 0.0390625
0 0.7421875 0.453125 0.0390625 0.0390625
0 0.8984375 0.484375 0.0390625 0.0390625
0 0.0703125 0.49609375 0.0390625 0.0390625
0 0.07421875 0.49609375 0.0390625 0.0390625
0 0.171875 0.53125 0.0390625 0.0390625
0 0.90234375 0.53125 0.0390625 0.0390625
0 0.2421875 0.53515625 0.0390625 0.0390625
0 0.24609375 0.53515625 0.0390625 0.0390625
0 0.90234375 0.53515625 0.0390625 0.0390625
0 0.2421875 0.5390625 0.0390625 0.0390625
0 0.24609375 0.5390625 0.0390625 0.0390625
0 0.73828125 0.56640625 0.0390625 0.0390625
0 0.7421875 0.56640625 0.0390625 0.0390625
0 0.828125 0.5703125 0.0390625 0.0390625
0 0.83203125 0.5703125 0.0390625 0.0390625
0 0.828125 0.57421875 0.0390625 0.0390625
0 0.83203125 0.57421875 0.0390625 0.0390625
0 0.90625 0.58203125 0.0390625 0.0390625
0 0.90625 0.5859375 0.0390625 0.0390625
0 0.0703125 0.609375 0.0390625 0.0390625
0 0.24609375 0.62109375 0.0390625 0.0390625
0 0.03125 0.625 0.0390625 0.0390625
0 0.03515625 0.625 0.0390625 0.0390625
0 0.171875 0.625 0.0390625 0.0390625
0 0.17578125 0.625 0.0390625 0.0390625
0 0.19921875 0.625 0.0390625 0.0390625
0 0.03125 0.62890625 0.0390625 0.0390625
0 0.03515625 0.62890625 0.0390625 0.0390625
0 0.90234375 0.62890625 0.0390625 0.0390625
0 0.90625 0.62890625 0.0390625 0.0390625
0 0.0703125 0.6328125 0.0390625 0.0390625
0 0.03125 0.65234375 0.0390625 0.0390625
0 0.03515625 0.65234375 0.0390625 0.0390625
0 0.0703125 0.65625 0.0390625 0.0390625
0 0.0703125 0.66015625 0.0390625 0.0390625
0 0.83203125 0.66796875 0.0390625 0.0390625
0 0.03125 0.67578125 0.0390625 0.0390625
0 0.03515625 0.67578125 0.0390625 0.0390625
0 0.03125 0.69921875 0.0390625 0.0390625
0 0.23828125 0.703125 0.0390625 0.0390625
0 0.2421875 0.703125 0.0390625 0.0390625
0 0.19921875 0.70703125 0.0390625 0.0390625
0 0.203125 0.70703125 0.0390625 0.0390625
0 0.28125 0.70703125 0.0390625 0.0390625
0 0.03125 0.71875 0.0390625 0.0390625
0 0.03515625 0.71875 0.0390625 0.0390625
0 0.03125 0.72265625 0.0390625 0.0390625
0 0.03515625 0.72265625 0.0390625 0.0390625
0 0.8203125 0.72265625 0.0390625 0.0390625
0 0.82421875 0.72265625 0.0390625 0.0390625
0 0.0234375 0.75 0.0390625 0.0390625
0 0.02734375 0.75 0.0390625 0.0390625
0 0.0703125 0.75390625 0.0390625 0.0390625
0 0.07421875 0.75390625 0.0390625 0.0390625
0 0.52734375 0.765625 0.0390625 0.0390625
0 0.55078125 0.765625 0.0390625 0.0390625
0 0.5546875 0.765625 0.0390625 0.0390625
0 0.57421875 0.76953125 0.0390625 0.0390625
0 0.0234375 0.796875 0.0390625 0.0390625
0 0.22265625 0.80078125 0.0390625 0.0390625
0 0.2265625 0.80078125 0.0390625 0.0390625
0 0.76171875 0.82421875 0.0390625 0.0390625
0 0.765625 0.82421875 0.0390625 0.0390625
0 0.76953125 0.890625 0.0390625 0.0390625
0 0.76953125 0.89453125 0.0390625 0.0390625
0 0.76953125 0.9375 0.0390625 0.0390625
0 0.76953125 0.94140625 0.0390625 0.0390625
0 0.76953125 0.98828125 0.0390625 0.0390625
0 0.7734375 0.98828125 0.0390625 0.0390625
