0 0.73828125 0.0234375 0.0390625 0.0390625
0 0.73828125 0.02734375 0.0390625 0.0390625
0 0.83203125 0.05859375 0.0390625 0.0390625
0 0.8359375 0.05859375 0.0390625 0.0390625
0 0.84765625 0.08984375 0.0390625 0.0390625
0 0.8515625 0.08984375 0.0390625 0.0390625
0 0.078125 0.14453125 0.0390625 0.0390625
0 0.55078125 0.2265625 0.0390625 0.0390625
0 0.5546875 0.2265625 0.0390625 0.0390625
0 0.55078125 0.265625 0.0390625 0.0390625
0 0.55078125 0.3359375 0.0390625 0.0390625
0 0.55078125 0.33984375 0.0390625 0.0390625
0 0.98046875 0.90625 0.0390625 0.0390625
0 0.98046875 0.91015625 0.0390625 0.0390625
