0 0.48427672955974843 0.07547169811320754 0.06289308176100629 0.06289308176100629
0 0.33962264150943394 0.11320754716981132 0.06289308176100629 0.06289308176100629
0 0.34591194968553457 0.11320754716981132 0.06289308176100629 0.06289308176100629
0 0.9056603773584906 0.3270440251572327 0.06289308176100629 0.06289308176100629
0 0.9119496855345912 0.3270440251572327 0.06289308176100629 0.06289308176100629
0 0.16352201257861634 0.4716981132075472 0.06289308176100629 0.06289308176100629
0 0.16981132075471697 0.4716981132075472 0.06289308176100629 0.06289308176100629
0 0.9056603773584906 0.49056603773584906 0.06289308176100629 0.06289308176100629
0 0.9433962264150944 0.5660377358490566 0.06289308176100629 0.06289308176100629
0 0.7232704402515723 0.6540880503144654 0.06289308176100629 0.06289308176100629
0 0.10062893081761007 0.7421383647798742 0.06289308176100629 0.06289308176100629
