0 0.78515625 0.5546875 0.0390625 0.0390625
0 0.015625 0.58203125 0.0390625 0.0390625
0 0.01953125 0.58203125 0.0390625 0.0390625
0 0.015625 0.5859375 0.0390625 0.0390625
0 0.01953125 0.5859375 0.0390625 0.0390625
0 0.296875 0.58984375 0.0390625 0.0390625
0 0.8515625 0.61328125 0.0390625 0.0390625
0 0.08203125 0.68359375 0.0390625 0.0390625
0 0.23828125 0.6875 0.0390625 0.0390625
0 0.2421875 0.6875 0.0390625 0.0390625
0 0.015625 0.7109375 0.0390625 0.0390625
0 0.01953125 0.7109375 0.0390625 0.0390625
0 0.1484375 0.71484375 0.0390625 0.0390625
0 0.21484375 0.73828125 0.0390625 0.0390625
0 0.21484375 0.7421875 0.0390625 0.0390625
0 0.2890625 0.7421875 0.0390625 0.0390625
0 0.29296875 0.7421875 0.0390625 0.0390625
0 0.33203125 0.7421875 0.0390625 0.0390625
0 0.390625 0.74609375 0.0390625 0.0390625
0 0.453125 0.74609375 0.0390625 0.0390625
