0 0.4453125 0.41015625 0.0390625 0.0390625
0 0.71875 0.4140625 0.0390625 0.0390625
0 0.765625 0.4140625 0.0390625 0.0390625
0 0.76953125 0.4140625 0.0390625 0.0390625
0 0.82421875 0.4140625 0.0390625 0.0390625
0 0.71875 0.41796875 0.0390625 0.0390625
0 0.0078125 0.59375 0.0390625 0.0390625
0 0.1640625 0.59375 0.0390625 0.0390625
0 0.0078125 0.59765625 0.0390625 0.0390625
0 0.13671875 0.59765625 0.0390625 0.0390625
0 0.140625 0.59765625 0.0390625 0.0390625
0 0.1640625 0.59765625 0.0390625 0.0390625
0 0.046875 0.6015625 0.0390625 0.0390625
0 0.109375 0.6015625 0.0390625 0.0390625
0 0.13671875 0.6015625 0.0390625 0.0390625
0 0.140625 0.6015625 0.0390625 0.0390625
0 0.48046875 0.60546875 0.0390625 0.0390625
0 0.484375 0.60546875 0.0390625 0.0390625
0 0.515625 0.60546875 0.0390625 0.0390625
0 0.73828125 0.60546875 0.0390625 0.0390625
0 0.76953125 0.60546875 0.0390625 0.0390625
0 0.88671875 0.60546875 0.0390625 0.0390625
0 0.890625 0.60546875 0.0390625 0.0390625
0 0.91796875 0.60546875 0.0390625 0.0390625
0 0.921875 0.60546875 0.0390625 0.0390625
0 0.94921875 0.60546875 0.0390625 0.0390625
0 0.953125 0.60546875 0.0390625 0.0390625
0 0.984375 0.60546875 0.0390625 0.0390625
0 0.98828125 0.60546875 0.0390625 0.0390625
0 0.70703125 0.609375 0.0390625 0.0390625
0 0.73828125 0.609375 0.0390625 0.0390625
0 0.76953125 0.609375 0.0390625 0.0390625
0 0.80859375 0.609375 0.0390625 0.0390625
0 0.83203125 0.609375 0.0390625 0.0390625
0 0.8359375 0.609375 0.0390625 0.0390625
0 0.86328125 0.609375 0.0390625 0.0390625
0 0.88671875 0.609375 0.0390625 0.0390625
0 0.890625 0.609375 0.0390625 0.0390625
0 0.91796875 0.609375 0.0390625 0.0390625
0 0.921875 0.609375 0.0390625 0.0390625
0 0.94921875 0.609375 0.0390625 0.0390625
0 0.953125 0.609375 0.0390625 0.0390625
0 0.4140625 0.71484375 0.0390625 0.0390625
0 0.4453125 0.71484375 0.0390625 0.0390625
0 0.44921875 0.71484375 0.0390625 0.0390625
0 0.48828125 0.71484375 0.0390625 0.0390625
0 0.4921875 0.71484375 0.0390625 0.0390625
0 0.38671875 0.71875 0.0390625 0.0390625
0 0.4140625 0.71875 0.0390625 0.0390625
0 0.4453125 0.71875 0.0390625 0.0390625
0 0.44921875 0.71875 0.0390625 0.0390625
0 0.46875 0.71875 0.0390625 0.0390625
0 0.47265625 0.71875 0.0390625 0.0390625
0 0.51171875 0.71875 0.0390625 0.0390625
0 0.53125 0.71875 0.0390625 0.0390625
0 0.53515625 0.71875 0.0390625 0.0390625
0 0.640625 0.78515625 0.0390625 0.0390625
0 0.703125 0.78515625 0.0390625 0.0390625
0 0.96484375 0.78515625 0.0390625 0.0390625
0 0.66015625 0.7890625 0.0390625 0.0390625
0 0.6640625 0.7890625 0.0390625 0.0390625
0 0.7265625 0.7890625 0.0390625 0.0390625
0 0.76953125 0.7890625 0.0390625 0.0390625
0 0.7734375 0.7890625 0.0390625 0.0390625
0 0.94140625 0.796875 0.0390625 0.0390625
0 0.9453125 0.796875 0.0390625 0.0390625
0 0.3671875 0.80078125 0.0390625 0.0390625
0 0.37109375 0.80078125 0.0390625 0.0390625
0 0.3671875 0.8046875 0.0390625 0.0390625
0 0.37109375 0.8046875 0.0390625 0.0390625
0 0.38671875 0.8046875 0.0390625 0.0390625
0 0.40625 0.8046875 0.0390625 0.0390625
0 0.41015625 0.8046875 0.0390625 0.0390625
0 0.46484375 0.8046875 0.0390625 0.0390625
0 0.46875 0.8046875 0.0390625 0.0390625
0 0.4453125 0.80859375 0.0390625 0.0390625
0 0.48828125 0.80859375 0.0390625 0.0390625
0 0.5078125 0.80859375 0.0390625 0.0390625
0 0.34375 0.8125 0.0390625 0.0390625
0 0.52734375 0.8125 0.0390625 0.0390625
0 0.41015625 0.84375 0.0390625 0.0390625
0 0.38671875 0.84765625 0.0390625 0.0390625
0 0.4453125 0.84765625 0.0390625 0.0390625
0 0.46484375 0.84765625 0.0390625 0.0390625
0 0.46875 0.84765625 0.0390625 0.0390625
0 0.48828125 0.84765625 0.0390625 0.0390625
0 0.5078125 0.84765625 0.0390625 0.0390625
0 0.52734375 0.84765625 0.0390625 0.0390625
0 0.34375 0.8515625 0.0390625 0.0390625
0 0.34765625 0.8515625 0.0390625 0.0390625
0 0.3671875 0.8515625 0.0390625 0.0390625
0 0.37109375 0.8515625 0.0390625 0.0390625
0 0.4453125 0.8515625 0.0390625 0.0390625
0 0.5078125 0.8515625 0.0390625 0.0390625
0 0.3671875 0.85546875 0.0390625 0.0390625
0 0.37109375 0.85546875 0.0390625 0.0390625
0 0.55078125 0.85546875 0.0390625 0.0390625
0 0.4296875 0.859375 0.0390625 0.0390625
0 0.55078125 0.859375 0.0390625 0.0390625
0 0.66796875 0.875 0.0390625 0.0390625
0 0.765625 0.875 0.0390625 0.0390625
0 0.94921875 0.875 0.0390625 0.0390625
0 0.66796875 0.87890625 0.0390625 0.0390625
0 0.69140625 0.87890625 0.0390625 0.0390625
0 0.71484375 0.87890625 0.0390625 0.0390625
0 0.7421875 0.87890625 0.0390625 0.0390625
0 0.765625 0.87890625 0.0390625 0.0390625
0 0.7890625 0.87890625 0.0390625 0.0390625
0 0.79296875 0.87890625 0.0390625 0.0390625
0 0.8125 0.87890625 0.0390625 0.0390625
0 0.81640625 0.87890625 0.0390625 0.0390625
0 0.83984375 0.87890625 0.0390625 0.0390625
0 0.86328125 0.87890625 0.0390625 0.0390625
0 0.890625 0.87890625 0.0390625 0.0390625
0 0.91796875 0.87890625 0.0390625 0.0390625
0 0.7890625 0.8828125 0.0390625 0.0390625
0 0.79296875 0.8828125 0.0390625 0.0390625
0 0.86328125 0.8828125 0.0390625 0.0390625
0 0.6640625 0.9140625 0.0390625 0.0390625
0 0.66796875 0.9140625 0.0390625 0.0390625
0 0.71484375 0.9140625 0.0390625 0.0390625
0 0.76171875 0.9140625 0.0390625 0.0390625
0 0.79296875 0.9140625 0.0390625 0.0390625
0 0.8125 0.9140625 0.0390625 0.0390625
0 0.81640625 0.9140625 0.0390625 0.0390625
0 0.83984375 0.9140625 0.0390625 0.0390625
0 0.9140625 0.9140625 0.0390625 0.0390625
0 0.91796875 0.9140625 0.0390625 0.0390625
0 0.61328125 0.91796875 0.0390625 0.0390625
0 0.76171875 0.91796875 0.0390625 0.0390625
0 0.86328125 0.91796875 0.0390625 0.0390625
0 0.890625 0.91796875 0.0390625 0.0390625
0 0.9140625 0.91796875 0.0390625 0.0390625
0 0.91796875 0.91796875 0.0390625 0.0390625
0 0.9375 0.91796875 0.0390625 0.0390625
0 0.0703125 0.921875 0.0390625 0.0390625
0 0.73046875 0.921875 0.0390625 0.0390625
0 0.0703125 0.92578125 0.0390625 0.0390625
0 0.6796875 0.92578125 0.0390625 0.0390625
0 0.58203125 0.93359375 0.0390625 0.0390625
0 0.375 0.9375 0.0390625 0.0390625
0 0.39453125 0.9375 0.0390625 0.0390625
0 0.3984375 0.9375 0.0390625 0.0390625
0 0.43359375 0.9375 0.0390625 0.0390625
0 0.45703125 0.9375 0.0390625 0.0390625
0 0.4765625 0.9375 0.0390625 0.0390625
0 0.49609375 0.9375 0.0390625 0.0390625
0 0.5 0.9375 0.0390625 0.0390625
0 0.55859375 0.9375 0.0390625 0.0390625
0 0.58203125 0.9375 0.0390625 0.0390625
0 0.3515625 0.94140625 0.0390625 0.0390625
0 0.375 0.94140625 0.0390625 0.0390625
0 0.4140625 0.94140625 0.0390625 0.0390625
0 0.515625 0.94140625 0.0390625 0.0390625
0 0.51953125 0.94140625 0.0390625 0.0390625
0 0.55859375 0.94140625 0.0390625 0.0390625
0 0.5390625 0.94921875 0.0390625 0.0390625
0 0.37109375 0.97265625 0.0390625 0.0390625
0 0.375 0.97265625 0.0390625 0.0390625
0 0.37109375 0.9765625 0.0390625 0.0390625
0 0.375 0.9765625 0.0390625 0.0390625
0 0.39453125 0.9765625 0.0390625 0.0390625
0 0.4140625 0.9765625 0.0390625 0.0390625
0 0.43359375 0.9765625 0.0390625 0.0390625
0 0.4765625 0.9765625 0.0390625 0.0390625
0 0.48046875 0.9765625 0.0390625 0.0390625
0 0.515625 0.9765625 0.0390625 0.0390625
0 0.51953125 0.9765625 0.0390625 0.0390625
0 0.453125 0.98046875 0.0390625 0.0390625
0 0.45703125 0.98046875 0.0390625 0.0390625
0 0.4765625 0.98046875 0.0390625 0.0390625
0 0.48046875 0.98046875 0.0390625 0.0390625
0 0.515625 0.98046875 0.0390625 0.0390625
0 0.51953125 0.98046875 0.0390625 0.0390625
0 0.5390625 0.98046875 0.0390625 0.0390625
0 0.5546875 0.98046875 0.0390625 0.0390625
0 0.55859375 0.98046875 0.0390625 0.0390625
0 0.3515625 0.984375 0.0390625 0.0390625
0 0.49609375 0.984375 0.0390625 0.0390625
0 0.5390625 0.984375 0.0390625 0.0390625
0 0.3515625 0.98828125 0.0390625 0.0390625
0 0.78515625 0.9921875 0.0390625 0.0390625
0 0.78515625 0.99609375 0.0390625 0.0390625
0 0.84375 0.99609375 0.0390625 0.0390625
0 0.84765625 0.99609375 0.0390625 0.0390625
0 0.875 0.99609375 0.0390625 0.0390625
