0 0.8828125 0.16981132075471697 0.0390625 0.06289308176100629
0 0.9296875 0.16981132075471697 0.0390625 0.06289308176100629
0 0.9296875 0.1761006289308176 0.0390625 0.06289308176100629
0 0.0 0.18867924528301888 0.0390625 0.06289308176100629
0 0.0546875 0.18867924528301888 0.0390625 0.06289308176100629
0 0.05859375 0.18867924528301888 0.0390625 0.06289308176100629
0 0.08984375 0.18867924528301888 0.0390625 0.06289308176100629
0 0.14453125 0.18867924528301888 0.0390625 0.06289308176100629
0 0.0546875 0.1949685534591195 0.0390625 0.06289308176100629
0 0.05859375 0.1949685534591195 0.0390625 0.06289308176100629
0 0.2265625 0.20125786163522014 0.0390625 0.06289308176100629
0 0.23046875 0.20125786163522014 0.0390625 0.06289308176100629
0 0.2265625 0.20754716981132076 0.0390625 0.06289308176100629
0 0.23046875 0.20754716981132076 0.0390625 0.06289308176100629
0 0.703125 0.20754716981132076 0.0390625 0.06289308176100629
0 0.69921875 0.24528301886792453 0.0390625 0.06289308176100629
0 0.859375 0.2830188679245283 0.0390625 0.06289308176100629
0 0.86328125 0.2830188679245283 0.0390625 0.06289308176100629
0 0.703125 0.29559748427672955 0.0390625 0.06289308176100629
0 0.70703125 0.29559748427672955 0.0390625 0.06289308176100629
0 0.703125 0.3018867924528302 0.0390625 0.06289308176100629
0 0.70703125 0.3018867924528302 0.0390625 0.06289308176100629
0 0.09765625 0.32075471698113206 0.0390625 0.06289308176100629
0 0.1015625 0.32075471698113206 0.0390625 0.06289308176100629
0 0.70703125 0.3333333333333333 0.0390625 0.06289308176100629
0 0.70703125 0.33962264150943394 0.0390625 0.06289308176100629
0 0.77734375 0.34591194968553457 0.0390625 0.06289308176100629
0 0.78125 0.34591194968553457 0.0390625 0.06289308176100629
0 0.77734375 0.3522012578616352 0.0390625 0.06289308176100629
0 0.78125 0.3522012578616352 0.0390625 0.06289308176100629
0 0.09765625 0.3584905660377358 0.0390625 0.06289308176100629
0 0.703125 0.3710691823899371 0.0390625 0.06289308176100629
0 0.703125 0.37735849056603776 0.0390625 0.06289308176100629
0 0.69921875 0.41509433962264153 0.0390625 0.06289308176100629
0 0.703125 0.41509433962264153 0.0390625 0.06289308176100629
0 0.69921875 0.42138364779874216 0.0390625 0.06289308176100629
0 0.703125 0.42138364779874216 0.0390625 0.06289308176100629
0 0.09375 0.4339622641509434 0.0390625 0.06289308176100629
0 0.703125 0.4528301886792453 0.0390625 0.06289308176100629
0 0.05859375 0.5471698113207547 0.0390625 0.06289308176100629
0 0.8203125 0.5471698113207547 0.0390625 0.06289308176100629
0 0.9296875 0.5471698113207547 0.0390625 0.06289308176100629
0 0.05859375 0.5534591194968553 0.0390625 0.06289308176100629
0 0.9296875 0.5534591194968553 0.0390625 0.06289308176100629
0 0.86328125 0.559748427672956 0.0390625 0.06289308176100629
0 0.8671875 0.559748427672956 0.0390625 0.06289308176100629
0 0.88671875 0.559748427672956 0.0390625 0.06289308176100629
0 0.88671875 0.5660377358490566 0.0390625 0.06289308176100629
0 0.05859375 0.5849056603773585 0.0390625 0.06289308176100629
0 0.05859375 0.5911949685534591 0.0390625 0.06289308176100629
0 0.05859375 0.660377358490566 0.0390625 0.06289308176100629
0 0.05859375 0.6981132075471698 0.0390625 0.06289308176100629
0 0.76953125 0.710691823899371 0.0390625 0.06289308176100629
0 0.79296875 0.710691823899371 0.0390625 0.06289308176100629
0 0.796875 0.710691823899371 0.0390625 0.06289308176100629
0 0.79296875 0.7169811320754716 0.0390625 0.06289308176100629
0 0.796875 0.7169811320754716 0.0390625 0.06289308176100629
0 0.8203125 0.7169811320754716 0.0390625 0.06289308176100629
0 0.84375 0.7169811320754716 0.0390625 0.06289308176100629
0 0.88671875 0.7169811320754716 0.0390625 0.06289308176100629
0 0.9296875 0.7169811320754716 0.0390625 0.06289308176100629
0 0.8203125 0.7232704402515723 0.0390625 0.06289308176100629
0 0.84375 0.7232704402515723 0.0390625 0.06289308176100629
0 0.8671875 0.7232704402515723 0.0390625 0.06289308176100629
0 0.88671875 0.7232704402515723 0.0390625 0.06289308176100629
0 0.97265625 0.7295597484276729 0.0390625 0.06289308176100629
0 0.69140625 0.8238993710691824 0.0390625 0.06289308176100629
0 0.69140625 0.8301886792452831 0.0390625 0.06289308176100629
0 0.77734375 0.8553459119496856 0.0390625 0.06289308176100629
0 0.69140625 0.8616352201257862 0.0390625 0.06289308176100629
0 0.69140625 0.9119496855345912 0.0390625 0.06289308176100629
0 0.8671875 0.9119496855345912 0.0390625 0.06289308176100629
0 0.8671875 0.9182389937106918 0.0390625 0.06289308176100629
0 0.6953125 0.949685534591195 0.0390625 0.06289308176100629
0 0.69140625 0.9874213836477987 0.0390625 0.06289308176100629
