0 0.1953125 0.234375 0.0390625 0.0390625
0 0.19921875 0.234375 0.0390625 0.0390625
0 0.2734375 0.23828125 0.0390625 0.0390625
0 0.6796875 0.2421875 0.0390625 0.0390625
0 0.66796875 0.35546875 0.0390625 0.0390625
0 0.671875 0.35546875 0.0390625 0.0390625
0 0.0703125 0.453125 0.0390625 0.0390625
0 0.52734375 0.60546875 0.0390625 0.0390625
0 0.828125 0.60546875 0.0390625 0.0390625
0 0.52734375 0.609375 0.0390625 0.0390625
0 0.99609375 0.6484375 0.0390625 0.0390625
0 0.30859375 0.73828125 0.0390625 0.0390625
0 0.953125 0.7734375 0.0390625 0.0390625
0 0.95703125 0.7734375 0.0390625 0.0390625
0 0.953125 0.81640625 0.0390625 0.0390625
0 0.953125 0.8203125 0.0390625 0.0390625
0 0.81640625 0.9765625 0.0390625 0.0390625
0 0.8203125 0.9765625 0.0390625 0.0390625
0 0.953125 0.984375 0.0390625 0.0390625
