0 0.5625 0.01953125 0.0390625 0.0390625
0 0.421875 0.02734375 0.0390625 0.0390625
0 0.42578125 0.02734375 0.0390625 0.0390625
0 0.421875 0.03125 0.0390625 0.0390625
0 0.42578125 0.03125 0.0390625 0.0390625
0 0.56640625 0.04296875 0.0390625 0.0390625
0 0.62890625 0.109375 0.0390625 0.0390625
0 0.2734375 0.11328125 0.0390625 0.0390625
0 0.27734375 0.11328125 0.0390625 0.0390625
0 0.5546875 0.12109375 0.0390625 0.0390625
0 0.55859375 0.12109375 0.0390625 0.0390625
0 0.2734375 0.17578125 0.0390625 0.0390625
0 0.27734375 0.17578125 0.0390625 0.0390625
0 0.40625 0.17578125 0.0390625 0.0390625
0 0.41015625 0.17578125 0.0390625 0.0390625
0 0.4609375 0.17578125 0.0390625 0.0390625
0 0.52734375 0.17578125 0.0390625 0.0390625
0 0.5703125 0.17578125 0.0390625 0.0390625
0 0.2734375 0.1796875 0.0390625 0.0390625
0 0.27734375 0.1796875 0.0390625 0.0390625
0 0.52734375 0.1796875 0.0390625 0.0390625
0 0.27734375 0.1953125 0.0390625 0.0390625
0 0.28125 0.1953125 0.0390625 0.0390625
0 0.3046875 0.1953125 0.0390625 0.0390625
0 0.30859375 0.1953125 0.0390625 0.0390625
0 0.33203125 0.1953125 0.0390625 0.0390625
0 0.3359375 0.1953125 0.0390625 0.0390625
0 0.38671875 0.1953125 0.0390625 0.0390625
0 0.40625 0.1953125 0.0390625 0.0390625
0 0.41015625 0.1953125 0.0390625 0.0390625
0 0.45703125 0.1953125 0.0390625 0.0390625
0 0.53125 0.1953125 0.0390625 0.0390625
0 0.3046875 0.19921875 0.0390625 0.0390625
0 0.30859375 0.19921875 0.0390625 0.0390625
0 0.33203125 0.19921875 0.0390625 0.0390625
0 0.3359375 0.19921875 0.0390625 0.0390625
0 0.35546875 0.19921875 0.0390625 0.0390625
0 0.359375 0.19921875 0.0390625 0.0390625
0 0.38671875 0.19921875 0.0390625 0.0390625
0 0.40625 0.19921875 0.0390625 0.0390625
0 0.41015625 0.19921875 0.0390625 0.0390625
0 0.4296875 0.19921875 0.0390625 0.0390625
0 0.48046875 0.19921875 0.0390625 0.0390625
0 0.50390625 0.19921875 0.0390625 0.0390625
0 0.5078125 0.19921875 0.0390625 0.0390625
0 0.53125 0.19921875 0.0390625 0.0390625
0 0.5546875 0.19921875 0.0390625 0.0390625
0 0.5859375 0.19921875 0.0390625 0.0390625
0 0.5859375 0.203125 0.0390625 0.0390625
0 0.59765625 0.203125 0.0390625 0.0390625
0 0.6015625 0.203125 0.0390625 0.0390625
0 0.02734375 0.33984375 0.0390625 0.0390625
0 0.45703125 0.4921875 0.0390625 0.0390625
0 0.34375 0.78515625 0.0390625 0.0390625
0 0.34375 0.7890625 0.0390625 0.0390625
0 0.53125 0.96875 0.0390625 0.0390625
0 0.53125 0.97265625 0.0390625 0.0390625
