0 0.83203125 0.00390625 0.0390625 0.0390625
0 0.8359375 0.00390625 0.0390625 0.0390625
0 0.046875 0.0078125 0.0390625 0.0390625
0 0.05078125 0.0078125 0.0390625 0.0390625
0 0.09375 0.0078125 0.0390625 0.0390625
0 0.91796875 0.0078125 0.0390625 0.0390625
0 0.09375 0.01171875 0.0390625 0.0390625
0 0.19140625 0.01171875 0.0390625 0.0390625
0 0.1953125 0.01171875 0.0390625 0.0390625
0 0.91796875 0.01171875 0.0390625 0.0390625
0 0.19140625 0.015625 0.0390625 0.0390625
0 0.1953125 0.015625 0.0390625 0.0390625
0 0.046875 0.02734375 0.0390625 0.0390625
0 0.671875 0.02734375 0.0390625 0.0390625
0 0.09765625 0.03125 0.0390625 0.0390625
0 0.19921875 0.03125 0.0390625 0.0390625
0 0.8359375 0.03125 0.0390625 0.0390625
0 0.19921875 0.03515625 0.0390625 0.0390625
0 0.8359375 0.03515625 0.0390625 0.0390625
0 0.04296875 0.046875 0.0390625 0.0390625
0 0.8828125 0.046875 0.0390625 0.0390625
0 0.88671875 0.046875 0.0390625 0.0390625
0 0.09375 0.0546875 0.0390625 0.0390625
0 0.09765625 0.0546875 0.0390625 0.0390625
0 0.1953125 0.0546875 0.0390625 0.0390625
0 0.19921875 0.0546875 0.0390625 0.0390625
0 0.046875 0.06640625 0.0390625 0.0390625
0 0.8359375 0.06640625 0.0390625 0.0390625
0 0.046875 0.0703125 0.0390625 0.0390625
0 0.09375 0.07421875 0.0390625 0.0390625
0 0.19921875 0.078125 0.0390625 0.0390625
0 0.76171875 0.0859375 0.0390625 0.0390625
0 0.765625 0.0859375 0.0390625 0.0390625
0 0.04296875 0.08984375 0.0390625 0.0390625
0 0.046875 0.08984375 0.0390625 0.0390625
0 0.19921875 0.09765625 0.0390625 0.0390625
0 0.83203125 0.09765625 0.0390625 0.0390625
0 0.04296875 0.109375 0.0390625 0.0390625
0 0.04296875 0.11328125 0.0390625 0.0390625
0 0.09375 0.1171875 0.0390625 0.0390625
0 0.1953125 0.1171875 0.0390625 0.0390625
0 0.1953125 0.12109375 0.0390625 0.0390625
0 0.79296875 0.125 0.0390625 0.0390625
0 0.796875 0.125 0.0390625 0.0390625
0 0.83203125 0.12890625 0.0390625 0.0390625
0 0.8359375 0.12890625 0.0390625 0.0390625
0 0.04296875 0.13671875 0.0390625 0.0390625
0 0.76171875 0.14453125 0.0390625 0.0390625
0 0.765625 0.14453125 0.0390625 0.0390625
0 0.76171875 0.1484375 0.0390625 0.0390625
0 0.765625 0.1484375 0.0390625 0.0390625
0 0.83203125 0.15234375 0.0390625 0.0390625
0 0.9140625 0.15234375 0.0390625 0.0390625
0 0.91796875 0.15234375 0.0390625 0.0390625
0 0.83203125 0.15625 0.0390625 0.0390625
0 0.8828125 0.16015625 0.0390625 0.0390625
0 0.76171875 0.18359375 0.0390625 0.0390625
0 0.828125 0.18359375 0.0390625 0.0390625
0 0.0859375 0.2109375 0.0390625 0.0390625
0 0.83203125 0.21484375 0.0390625 0.0390625
0 0.8359375 0.21484375 0.0390625 0.0390625
0 0.03515625 0.22265625 0.0390625 0.0390625
0 0.03515625 0.2265625 0.0390625 0.0390625
0 0.1953125 0.234375 0.0390625 0.0390625
0 0.8828125 0.234375 0.0390625 0.0390625
0 0.09375 0.23828125 0.0390625 0.0390625
0 0.4609375 0.23828125 0.0390625 0.0390625
0 0.46484375 0.23828125 0.0390625 0.0390625
0 0.48046875 0.23828125 0.0390625 0.0390625
0 0.484375 0.23828125 0.0390625 0.0390625
0 0.91796875 0.23828125 0.0390625 0.0390625
0 0.35546875 0.2421875 0.0390625 0.0390625
0 0.44140625 0.2421875 0.0390625 0.0390625
0 0.48046875 0.2421875 0.0390625 0.0390625
0 0.484375 0.2421875 0.0390625 0.0390625
0 0.91796875 0.2421875 0.0390625 0.0390625
0 0.03515625 0.24609375 0.0390625 0.0390625
0 0.44140625 0.24609375 0.0390625 0.0390625
0 0.76171875 0.24609375 0.0390625 0.0390625
0 0.828125 0.24609375 0.0390625 0.0390625
0 0.83203125 0.24609375 0.0390625 0.0390625
0 0.03515625 0.25 0.0390625 0.0390625
0 0.1953125 0.26171875 0.0390625 0.0390625
0 0.828125 0.2734375 0.0390625 0.0390625
0 0.09375 0.27734375 0.0390625 0.0390625
0 0.7890625 0.2890625 0.0390625 0.0390625
0 0.79296875 0.2890625 0.0390625 0.0390625
0 0.1875 0.30078125 0.0390625 0.0390625
0 0.82421875 0.33203125 0.0390625 0.0390625
0 0.1875 0.359375 0.0390625 0.0390625
0 0.19140625 0.359375 0.0390625 0.0390625
0 0.9140625 0.375 0.0390625 0.0390625
0 0.0859375 0.3828125 0.0390625 0.0390625
0 0.08984375 0.3828125 0.0390625 0.0390625
0 0.8828125 0.3828125 0.0390625 0.0390625
0 0.1953125 0.41796875 0.0390625 0.0390625
0 0.1953125 0.421875 0.0390625 0.0390625
0 0.64453125 0.4296875 0.0390625 0.0390625
0 0.6171875 0.43359375 0.0390625 0.0390625
0 0.62109375 0.43359375 0.0390625 0.0390625
0 0.64453125 0.43359375 0.0390625 0.0390625
0 0.66796875 0.43359375 0.0390625 0.0390625
0 0.6171875 0.4375 0.0390625 0.0390625
0 0.62109375 0.4375 0.0390625 0.0390625
0 0.13671875 0.4609375 0.0390625 0.0390625
0 0.13671875 0.515625 0.0390625 0.0390625
0 0.1875 0.515625 0.0390625 0.0390625
0 0.13671875 0.51953125 0.0390625 0.0390625
0 0.1640625 0.51953125 0.0390625 0.0390625
0 0.16796875 0.51953125 0.0390625 0.0390625
0 0.1875 0.51953125 0.0390625 0.0390625
0 0.21484375 0.51953125 0.0390625 0.0390625
0 0.21875 0.51953125 0.0390625 0.0390625
0 0.21484375 0.5234375 0.0390625 0.0390625
0 0.21875 0.5234375 0.0390625 0.0390625
0 0.375 0.56640625 0.0390625 0.0390625
0 0.34765625 0.5703125 0.0390625 0.0390625
0 0.375 0.5703125 0.0390625 0.0390625
0 0.40625 0.5703125 0.0390625 0.0390625
0 0.43359375 0.5703125 0.0390625 0.0390625
0 0.45703125 0.5703125 0.0390625 0.0390625
0 0.4609375 0.5703125 0.0390625 0.0390625
0 0.48828125 0.5703125 0.0390625 0.0390625
0 0.4921875 0.5703125 0.0390625 0.0390625
0 0.515625 0.5703125 0.0390625 0.0390625
0 0.5703125 0.5703125 0.0390625 0.0390625
0 0.57421875 0.5703125 0.0390625 0.0390625
0 0.59765625 0.5703125 0.0390625 0.0390625
0 0.625 0.5703125 0.0390625 0.0390625
0 0.62890625 0.5703125 0.0390625 0.0390625
0 0.65234375 0.5703125 0.0390625 0.0390625
0 0.3203125 0.57421875 0.0390625 0.0390625
0 0.515625 0.57421875 0.0390625 0.0390625
0 0.5390625 0.57421875 0.0390625 0.0390625
0 0.59765625 0.57421875 0.0390625 0.0390625
0 0.0390625 0.609375 0.0390625 0.0390625
0 0.04296875 0.609375 0.0390625 0.0390625
0 0.05859375 0.609375 0.0390625 0.0390625
0 0.16796875 0.609375 0.0390625 0.0390625
0 0.24609375 0.609375 0.0390625 0.0390625
0 0.26953125 0.609375 0.0390625 0.0390625
0 0.0390625 0.61328125 0.0390625 0.0390625
0 0.04296875 0.61328125 0.0390625 0.0390625
0 0.84765625 0.6171875 0.0390625 0.0390625
0 0.85546875 0.6484375 0.0390625 0.0390625
0 0.0859375 0.65234375 0.0390625 0.0390625
0 0.11328125 0.65625 0.0390625 0.0390625
0 0.1171875 0.65625 0.0390625 0.0390625
0 0.140625 0.65625 0.0390625 0.0390625
0 0.1640625 0.65625 0.0390625 0.0390625
0 0.18359375 0.65625 0.0390625 0.0390625
0 0.203125 0.65625 0.0390625 0.0390625
0 0.2265625 0.65625 0.0390625 0.0390625
0 0.1640625 0.66015625 0.0390625 0.0390625
0 0.2265625 0.66015625 0.0390625 0.0390625
0 0.25 0.66015625 0.0390625 0.0390625
0 0.26953125 0.66015625 0.0390625 0.0390625
0 0.65625 0.66015625 0.0390625 0.0390625
0 0.66015625 0.66015625 0.0390625 0.0390625
0 0.65625 0.6640625 0.0390625 0.0390625
0 0.66015625 0.6640625 0.0390625 0.0390625
0 0.48046875 0.66796875 0.0390625 0.0390625
0 0.484375 0.66796875 0.0390625 0.0390625
0 0.84375 0.66796875 0.0390625 0.0390625
0 0.6796875 0.671875 0.0390625 0.0390625
0 0.84375 0.6953125 0.0390625 0.0390625
0 0.7578125 0.69921875 0.0390625 0.0390625
0 0.76171875 0.69921875 0.0390625 0.0390625
0 0.84375 0.69921875 0.0390625 0.0390625
0 0.84375 0.73046875 0.0390625 0.0390625
0 0.91015625 0.73046875 0.0390625 0.0390625
0 0.078125 0.7578125 0.0390625 0.0390625
0 0.09375 0.7578125 0.0390625 0.0390625
0 0.84375 0.7578125 0.0390625 0.0390625
0 0.078125 0.76171875 0.0390625 0.0390625
0 0.140625 0.76171875 0.0390625 0.0390625
0 0.14453125 0.76171875 0.0390625 0.0390625
0 0.25 0.76171875 0.0390625 0.0390625
0 0.75390625 0.76171875 0.0390625 0.0390625
0 0.7578125 0.76171875 0.0390625 0.0390625
0 0.1171875 0.765625 0.0390625 0.0390625
0 0.140625 0.765625 0.0390625 0.0390625
0 0.14453125 0.765625 0.0390625 0.0390625
0 0.25 0.765625 0.0390625 0.0390625
0 0.26953125 0.765625 0.0390625 0.0390625
0 0.26953125 0.76953125 0.0390625 0.0390625
0 0.9140625 0.78125 0.0390625 0.0390625
0 0.84375 0.7890625 0.0390625 0.0390625
0 0.84375 0.79296875 0.0390625 0.0390625
0 0.0546875 0.796875 0.0390625 0.0390625
0 0.0546875 0.80078125 0.0390625 0.0390625
0 0.09765625 0.8046875 0.0390625 0.0390625
0 0.1171875 0.8046875 0.0390625 0.0390625
0 0.20703125 0.8046875 0.0390625 0.0390625
0 0.25 0.8046875 0.0390625 0.0390625
0 0.09765625 0.80859375 0.0390625 0.0390625
0 0.25 0.80859375 0.0390625 0.0390625
0 0.26953125 0.80859375 0.0390625 0.0390625
0 0.84375 0.82421875 0.0390625 0.0390625
0 0.84375 0.8515625 0.0390625 0.0390625
0 0.84375 0.8828125 0.0390625 0.0390625
0 0.7578125 0.88671875 0.0390625 0.0390625
0 0.7578125 0.890625 0.0390625 0.0390625
0 0.203125 0.90234375 0.0390625 0.0390625
0 0.22265625 0.90234375 0.0390625 0.0390625
0 0.2421875 0.90234375 0.0390625 0.0390625
0 0.24609375 0.90234375 0.0390625 0.0390625
0 0.203125 0.90625 0.0390625 0.0390625
0 0.2421875 0.90625 0.0390625 0.0390625
0 0.24609375 0.90625 0.0390625 0.0390625
0 0.83984375 0.9140625 0.0390625 0.0390625
0 0.99609375 0.9609375 0.0390625 0.0390625
0 0.734375 0.98828125 0.0390625 0.0390625
