0 0.1171875 0.015625 0.0390625 0.0390625
0 0.1171875 0.01953125 0.0390625 0.0390625
0 0.11328125 0.0390625 0.0390625 0.0390625
0 0.171875 0.0390625 0.0390625 0.0390625
0 0.17578125 0.0390625 0.0390625 0.0390625
0 0.15234375 0.0859375 0.0390625 0.0390625
0 0.03125 0.55859375 0.0390625 0.0390625
0 0.03515625 0.55859375 0.0390625 0.0390625
0 0.21875 0.5625 0.0390625 0.0390625
0 0.15625 0.56640625 0.0390625 0.0390625
0 0.16015625 0.56640625 0.0390625 0.0390625
0 0.34765625 0.56640625 0.0390625 0.0390625
0 0.40625 0.56640625 0.0390625 0.0390625
0 0.41015625 0.56640625 0.0390625 0.0390625
0 0.40625 0.5703125 0.0390625 0.0390625
0 0.41015625 0.5703125 0.0390625 0.0390625
0 0.78515625 0.5703125 0.0390625 0.0390625
0 0.7890625 0.5703125 0.0390625 0.0390625
0 0.875 0.5703125 0.0390625 0.0390625
0 0.9921875 0.5703125 0.0390625 0.0390625
0 0.7265625 0.57421875 0.0390625 0.0390625
0 0.9921875 0.57421875 0.0390625 0.0390625
0 0.109375 0.68359375 0.0390625 0.0390625
0 0.01953125 0.6875 0.0390625 0.0390625
0 0.0234375 0.6875 0.0390625 0.0390625
0 0.05859375 0.6875 0.0390625 0.0390625
0 0.109375 0.6875 0.0390625 0.0390625
0 0.15625 0.6875 0.0390625 0.0390625
0 0.21875 0.6875 0.0390625 0.0390625
0 0.26953125 0.6875 0.0390625 0.0390625
0 0.26953125 0.69140625 0.0390625 0.0390625
0 0.734375 0.7578125 0.0390625 0.0390625
0 0.80078125 0.9453125 0.0390625 0.0390625
0 0.81640625 0.9453125 0.0390625 0.0390625
0 0.80078125 0.94921875 0.0390625 0.0390625
