0 0.39453125 0.0 0.0390625 0.0390625
0 0.51953125 0.0 0.0390625 0.0390625
0 0.6015625 0.0 0.0390625 0.0390625
0 0.640625 0.00390625 0.0390625 0.0390625
0 0.64453125 0.00390625 0.0390625 0.0390625
0 0.7109375 0.00390625 0.0390625 0.0390625
0 0.71484375 0.00390625 0.0390625 0.0390625
0 0.28125 0.0078125 0.0390625 0.0390625
0 0.7109375 0.0078125 0.0390625 0.0390625
0 0.71484375 0.0078125 0.0390625 0.0390625
0 0.28125 0.01171875 0.0390625 0.0390625
0 0.27734375 0.04296875 0.0390625 0.0390625
0 0.703125 0.08203125 0.0390625 0.0390625
0 0.625 0.0859375 0.0390625 0.0390625
0 0.58203125 0.10546875 0.0390625 0.0390625
0 0.62109375 0.10546875 0.0390625 0.0390625
0 0.625 0.10546875 0.0390625 0.0390625
0 0.703125 0.10546875 0.0390625 0.0390625
0 0.70703125 0.10546875 0.0390625 0.0390625
0 0.0234375 0.109375 0.0390625 0.0390625
0 0.02734375 0.109375 0.0390625 0.0390625
0 0.62109375 0.109375 0.0390625 0.0390625
0 0.625 0.109375 0.0390625 0.0390625
0 0.0234375 0.11328125 0.0390625 0.0390625
0 0.02734375 0.11328125 0.0390625 0.0390625
0 0.11328125 0.1171875 0.0390625 0.0390625
0 0.1171875 0.1171875 0.0390625 0.0390625
0 0.00390625 0.12109375 0.0390625 0.0390625
0 0.0078125 0.12109375 0.0390625 0.0390625
0 0.046875 0.12109375 0.0390625 0.0390625
0 0.08984375 0.12109375 0.0390625 0.0390625
0 0.62109375 0.125 0.0390625 0.0390625
0 0.703125 0.125 0.0390625 0.0390625
0 0.7890625 0.125 0.0390625 0.0390625
0 0.7890625 0.12890625 0.0390625 0.0390625
0 0.48828125 0.1328125 0.0390625 0.0390625
0 0.48828125 0.13671875 0.0390625 0.0390625
0 0.62109375 0.14453125 0.0390625 0.0390625
0 0.69921875 0.14453125 0.0390625 0.0390625
0 0.49609375 0.16015625 0.0390625 0.0390625
0 0.49609375 0.1640625 0.0390625 0.0390625
0 0.69921875 0.1640625 0.0390625 0.0390625
0 0.6171875 0.16796875 0.0390625 0.0390625
0 0.46484375 0.171875 0.0390625 0.0390625
0 0.6171875 0.171875 0.0390625 0.0390625
0 0.50390625 0.18359375 0.0390625 0.0390625
0 0.578125 0.18359375 0.0390625 0.0390625
0 0.578125 0.1875 0.0390625 0.0390625
0 0.69921875 0.1875 0.0390625 0.0390625
0 0.703125 0.1875 0.0390625 0.0390625
0 0.45703125 0.19140625 0.0390625 0.0390625
0 0.6171875 0.19140625 0.0390625 0.0390625
0 0.62109375 0.19140625 0.0390625 0.0390625
0 0.578125 0.20703125 0.0390625 0.0390625
0 0.61328125 0.20703125 0.0390625 0.0390625
0 0.6171875 0.20703125 0.0390625 0.0390625
0 0.69921875 0.20703125 0.0390625 0.0390625
0 0.703125 0.20703125 0.0390625 0.0390625
0 0.7890625 0.20703125 0.0390625 0.0390625
0 0.05859375 0.21875 0.0390625 0.0390625
0 0.05859375 0.22265625 0.0390625 0.0390625
0 0.07421875 0.234375 0.0390625 0.0390625
0 0.078125 0.234375 0.0390625 0.0390625
0 0.1015625 0.234375 0.0390625 0.0390625
0 0.01953125 0.23828125 0.0390625 0.0390625
0 0.0234375 0.23828125 0.0390625 0.0390625
0 0.1015625 0.23828125 0.0390625 0.0390625
0 0.98828125 0.23828125 0.0390625 0.0390625
0 0.01953125 0.2421875 0.0390625 0.0390625
0 0.0234375 0.2421875 0.0390625 0.0390625
0 0.0390625 0.25390625 0.0390625 0.0390625
0 0.0390625 0.2578125 0.0390625 0.0390625
0 0.07421875 0.265625 0.0390625 0.0390625
0 0.984375 0.28125 0.0390625 0.0390625
0 0.0 0.32421875 0.0390625 0.0390625
0 0.015625 0.32421875 0.0390625 0.0390625
0 0.01953125 0.32421875 0.0390625 0.0390625
0 0.0 0.328125 0.0390625 0.0390625
0 0.046875 0.33203125 0.0390625 0.0390625
0 0.07421875 0.33203125 0.0390625 0.0390625
0 0.078125 0.33203125 0.0390625 0.0390625
0 0.59765625 0.33203125 0.0390625 0.0390625
0 0.69921875 0.33203125 0.0390625 0.0390625
0 0.046875 0.3359375 0.0390625 0.0390625
0 0.07421875 0.3359375 0.0390625 0.0390625
0 0.078125 0.3359375 0.0390625 0.0390625
0 0.69921875 0.3359375 0.0390625 0.0390625
0 0.78515625 0.34375 0.0390625 0.0390625
0 0.1171875 0.35546875 0.0390625 0.0390625
0 0.703125 0.35546875 0.0390625 0.0390625
0 0.01953125 0.36328125 0.0390625 0.0390625
0 0.04296875 0.36328125 0.0390625 0.0390625
0 0.046875 0.36328125 0.0390625 0.0390625
0 0.0703125 0.36328125 0.0390625 0.0390625
0 0.0703125 0.3671875 0.0390625 0.0390625
0 0.1015625 0.37109375 0.0390625 0.0390625
0 0.1015625 0.375 0.0390625 0.0390625
0 0.69921875 0.37890625 0.0390625 0.0390625
0 0.69921875 0.3984375 0.0390625 0.0390625
0 0.7890625 0.41015625 0.0390625 0.0390625
0 0.6953125 0.41796875 0.0390625 0.0390625
0 0.69921875 0.41796875 0.0390625 0.0390625
0 0.6953125 0.421875 0.0390625 0.0390625
0 0.69921875 0.421875 0.0390625 0.0390625
0 0.4296875 0.42578125 0.0390625 0.0390625
0 0.59375 0.42578125 0.0390625 0.0390625
0 0.38671875 0.4296875 0.0390625 0.0390625
0 0.40625 0.4296875 0.0390625 0.0390625
0 0.41015625 0.4296875 0.0390625 0.0390625
0 0.4296875 0.4296875 0.0390625 0.0390625
0 0.44921875 0.4296875 0.0390625 0.0390625
0 0.4921875 0.4296875 0.0390625 0.0390625
0 0.51171875 0.4296875 0.0390625 0.0390625
0 0.515625 0.4296875 0.0390625 0.0390625
0 0.06640625 0.43359375 0.0390625 0.0390625
0 0.08984375 0.43359375 0.0390625 0.0390625
0 0.11328125 0.43359375 0.0390625 0.0390625
0 0.140625 0.43359375 0.0390625 0.0390625
0 0.18359375 0.43359375 0.0390625 0.0390625
0 0.1875 0.43359375 0.0390625 0.0390625
0 0.47265625 0.43359375 0.0390625 0.0390625
0 0.4921875 0.43359375 0.0390625 0.0390625
0 0.5546875 0.43359375 0.0390625 0.0390625
0 0.55859375 0.43359375 0.0390625 0.0390625
0 0.01171875 0.4375 0.0390625 0.0390625
0 0.0390625 0.4375 0.0390625 0.0390625
0 0.06640625 0.4375 0.0390625 0.0390625
0 0.08984375 0.4375 0.0390625 0.0390625
0 0.11328125 0.4375 0.0390625 0.0390625
0 0.140625 0.4375 0.0390625 0.0390625
0 0.16015625 0.4375 0.0390625 0.0390625
0 0.18359375 0.4375 0.0390625 0.0390625
0 0.1875 0.4375 0.0390625 0.0390625
0 0.53515625 0.4375 0.0390625 0.0390625
0 0.5546875 0.4375 0.0390625 0.0390625
0 0.55859375 0.4375 0.0390625 0.0390625
0 0.69921875 0.4375 0.0390625 0.0390625
0 0.01171875 0.44140625 0.0390625 0.0390625
0 0.78515625 0.44921875 0.0390625 0.0390625
0 0.78515625 0.453125 0.0390625 0.0390625
0 0.6953125 0.4609375 0.0390625 0.0390625
0 0.19921875 0.46484375 0.0390625 0.0390625
0 0.23046875 0.46484375 0.0390625 0.0390625
0 0.234375 0.46484375 0.0390625 0.0390625
0 0.6953125 0.46484375 0.0390625 0.0390625
0 0.015625 0.46875 0.0390625 0.0390625
0 0.0390625 0.47265625 0.0390625 0.0390625
0 0.0625 0.47265625 0.0390625 0.0390625
0 0.08984375 0.47265625 0.0390625 0.0390625
0 0.09375 0.47265625 0.0390625 0.0390625
0 0.16796875 0.47265625 0.0390625 0.0390625
0 0.171875 0.47265625 0.0390625 0.0390625
0 0.0625 0.4765625 0.0390625 0.0390625
0 0.11328125 0.4765625 0.0390625 0.0390625
0 0.1171875 0.4765625 0.0390625 0.0390625
0 0.140625 0.4765625 0.0390625 0.0390625
0 0.6953125 0.484375 0.0390625 0.0390625
0 0.78515625 0.4921875 0.0390625 0.0390625
0 0.7890625 0.4921875 0.0390625 0.0390625
0 0.6953125 0.5 0.0390625 0.0390625
0 0.6953125 0.50390625 0.0390625 0.0390625
0 0.21875 0.54296875 0.0390625 0.0390625
0 0.22265625 0.54296875 0.0390625 0.0390625
0 0.01171875 0.546875 0.0390625 0.0390625
0 0.03515625 0.546875 0.0390625 0.0390625
0 0.05859375 0.546875 0.0390625 0.0390625
0 0.0859375 0.546875 0.0390625 0.0390625
0 0.1171875 0.546875 0.0390625 0.0390625
0 0.12109375 0.546875 0.0390625 0.0390625
0 0.14453125 0.546875 0.0390625 0.0390625
0 0.1953125 0.546875 0.0390625 0.0390625
0 0.01171875 0.55078125 0.0390625 0.0390625
0 0.05859375 0.55078125 0.0390625 0.0390625
0 0.17578125 0.55078125 0.0390625 0.0390625
0 0.1953125 0.55078125 0.0390625 0.0390625
0 0.0078125 0.58984375 0.0390625 0.0390625
0 0.05859375 0.58984375 0.0390625 0.0390625
0 0.03125 0.59375 0.0390625 0.0390625
0 0.1484375 0.59375 0.0390625 0.0390625
0 0.15234375 0.59375 0.0390625 0.0390625
0 0.26953125 0.59375 0.0390625 0.0390625
0 0.08203125 0.59765625 0.0390625 0.0390625
0 0.10546875 0.59765625 0.0390625 0.0390625
0 0.1484375 0.59765625 0.0390625 0.0390625
0 0.15234375 0.59765625 0.0390625 0.0390625
0 0.28515625 0.59765625 0.0390625 0.0390625
0 0.2890625 0.59765625 0.0390625 0.0390625
0 0.171875 0.6015625 0.0390625 0.0390625
0 0.17578125 0.6015625 0.0390625 0.0390625
0 0.22265625 0.6015625 0.0390625 0.0390625
0 0.2421875 0.60546875 0.0390625 0.0390625
0 0.24609375 0.60546875 0.0390625 0.0390625
0 0.2421875 0.609375 0.0390625 0.0390625
0 0.24609375 0.609375 0.0390625 0.0390625
0 0.9296875 0.62890625 0.0390625 0.0390625
0 0.10546875 0.671875 0.0390625 0.0390625
0 0.15625 0.671875 0.0390625 0.0390625
0 0.1796875 0.671875 0.0390625 0.0390625
0 0.18359375 0.671875 0.0390625 0.0390625
0 0.20703125 0.671875 0.0390625 0.0390625
0 0.03125 0.67578125 0.0390625 0.0390625
0 0.03515625 0.67578125 0.0390625 0.0390625
0 0.0546875 0.67578125 0.0390625 0.0390625
0 0.05859375 0.67578125 0.0390625 0.0390625
0 0.08203125 0.67578125 0.0390625 0.0390625
0 0.10546875 0.67578125 0.0390625 0.0390625
0 0.1328125 0.67578125 0.0390625 0.0390625
0 0.15625 0.67578125 0.0390625 0.0390625
0 0.2890625 0.67578125 0.0390625 0.0390625
0 0.29296875 0.67578125 0.0390625 0.0390625
0 0.0078125 0.6796875 0.0390625 0.0390625
0 0.08203125 0.6796875 0.0390625 0.0390625
0 0.2890625 0.6796875 0.0390625 0.0390625
0 0.29296875 0.6796875 0.0390625 0.0390625
0 0.78515625 0.69140625 0.0390625 0.0390625
0 0.0078125 0.71484375 0.0390625 0.0390625
0 0.01171875 0.71484375 0.0390625 0.0390625
0 0.03125 0.71484375 0.0390625 0.0390625
0 0.03515625 0.71484375 0.0390625 0.0390625
0 0.05859375 0.71484375 0.0390625 0.0390625
0 0.0859375 0.71484375 0.0390625 0.0390625
0 0.10546875 0.71484375 0.0390625 0.0390625
0 0.1328125 0.71484375 0.0390625 0.0390625
0 0.16015625 0.71484375 0.0390625 0.0390625
0 0.1640625 0.71484375 0.0390625 0.0390625
0 0.18359375 0.71484375 0.0390625 0.0390625
0 0.2109375 0.71484375 0.0390625 0.0390625
0 0.18359375 0.71875 0.0390625 0.0390625
0 0.2890625 0.73046875 0.0390625 0.0390625
0 0.29296875 0.73046875 0.0390625 0.0390625
0 0.2890625 0.734375 0.0390625 0.0390625
0 0.29296875 0.734375 0.0390625 0.0390625
0 0.2890625 0.78515625 0.0390625 0.0390625
0 0.04296875 0.7890625 0.0390625 0.0390625
0 0.06640625 0.7890625 0.0390625 0.0390625
0 0.0703125 0.7890625 0.0390625 0.0390625
0 0.09375 0.7890625 0.0390625 0.0390625
0 0.13671875 0.7890625 0.0390625 0.0390625
0 0.1875 0.7890625 0.0390625 0.0390625
0 0.20703125 0.7890625 0.0390625 0.0390625
0 0.2109375 0.7890625 0.0390625 0.0390625
0 0.01953125 0.79296875 0.0390625 0.0390625
0 0.0234375 0.79296875 0.0390625 0.0390625
0 0.04296875 0.79296875 0.0390625 0.0390625
0 0.11328125 0.79296875 0.0390625 0.0390625
0 0.13671875 0.79296875 0.0390625 0.0390625
0 0.16015625 0.79296875 0.0390625 0.0390625
0 0.1640625 0.79296875 0.0390625 0.0390625
0 0.16796875 0.79296875 0.0390625 0.0390625
0 0.03125 0.890625 0.0390625 0.0390625
0 0.03125 0.89453125 0.0390625 0.0390625
0 0.1171875 0.89453125 0.0390625 0.0390625
0 0.16796875 0.89453125 0.0390625 0.0390625
0 0.171875 0.89453125 0.0390625 0.0390625
0 0.92578125 0.95703125 0.0390625 0.0390625
0 0.92578125 0.9609375 0.0390625 0.0390625
