0 0.8805031446540881 0.06640625 0.06289308176100629 0.0390625
0 0.8867924528301887 0.0859375 0.06289308176100629 0.0390625
0 0.8867924528301887 0.08984375 0.06289308176100629 0.0390625
0 0.1320754716981132 0.36328125 0.06289308176100629 0.0390625
0 0.9433962264150944 0.3828125 0.06289308176100629 0.0390625
0 0.9433962264150944 0.38671875 0.06289308176100629 0.0390625
0 0.1949685534591195 0.4375 0.06289308176100629 0.0390625
0 0.9433962264150944 0.484375 0.06289308176100629 0.0390625
0 0.29559748427672955 0.5 0.06289308176100629 0.0390625
0 0.3270440251572327 0.5 0.06289308176100629 0.0390625
0 0.3333333333333333 0.5 0.06289308176100629 0.0390625
0 0.4276729559748428 0.5 0.06289308176100629 0.0390625
0 0.4339622641509434 0.5 0.06289308176100629 0.0390625
0 0.5723270440251572 0.5 0.06289308176100629 0.0390625
0 0.5408805031446541 0.5078125 0.06289308176100629 0.0390625
0 0.9433962264150944 0.53515625 0.06289308176100629 0.0390625
0 0.0 0.5546875 0.06289308176100629 0.0390625
0 0.1320754716981132 0.578125 0.06289308176100629 0.0390625
0 0.14465408805031446 0.625 0.06289308176100629 0.0390625
0 0.9433962264150944 0.640625 0.06289308176100629 0.0390625
0 0.9433962264150944 0.71875 0.06289308176100629 0.0390625
0 0.9433962264150944 0.72265625 0.06289308176100629 0.0390625
0 0.9371069182389937 0.8359375 0.06289308176100629 0.0390625
0 0.9371069182389937 0.83984375 0.06289308176100629 0.0390625
0 0.9308176100628931 0.8984375 0.06289308176100629 0.0390625
0 0.9371069182389937 0.8984375 0.06289308176100629 0.0390625
