0 0.1484375 0.27672955974842767 0.0390625 0.06289308176100629
0 0.15234375 0.27672955974842767 0.0390625 0.06289308176100629
0 0.93359375 0.2893081761006289 0.0390625 0.06289308176100629
0 0.73046875 0.29559748427672955 0.0390625 0.06289308176100629
0 0.90625 0.29559748427672955 0.0390625 0.06289308176100629
0 0.93359375 0.29559748427672955 0.0390625 0.06289308176100629
0 0.75390625 0.3018867924528302 0.0390625 0.06289308176100629
0 0.7578125 0.3018867924528302 0.0390625 0.06289308176100629
0 0.78125 0.3018867924528302 0.0390625 0.06289308176100629
0 0.83203125 0.3018867924528302 0.0390625 0.06289308176100629
0 0.90625 0.3018867924528302 0.0390625 0.06289308176100629
0 0.9765625 0.3018867924528302 0.0390625 0.06289308176100629
0 0.98046875 0.3018867924528302 0.0390625 0.06289308176100629
0 0.421875 0.3081761006289308 0.0390625 0.06289308176100629
0 0.83203125 0.3081761006289308 0.0390625 0.06289308176100629
0 0.8828125 0.3081761006289308 0.0390625 0.06289308176100629
0 0.57421875 0.3584905660377358 0.0390625 0.06289308176100629
0 0.57421875 0.39622641509433965 0.0390625 0.06289308176100629
0 0.3125 0.4088050314465409 0.0390625 0.06289308176100629
0 0.140625 0.41509433962264153 0.0390625 0.06289308176100629
0 0.18359375 0.41509433962264153 0.0390625 0.06289308176100629
0 0.1875 0.41509433962264153 0.0390625 0.06289308176100629
0 0.2421875 0.41509433962264153 0.0390625 0.06289308176100629
0 0.265625 0.41509433962264153 0.0390625 0.06289308176100629
0 0.26953125 0.41509433962264153 0.0390625 0.06289308176100629
0 0.140625 0.42138364779874216 0.0390625 0.06289308176100629
0 0.73828125 0.44025157232704404 0.0390625 0.06289308176100629
0 0.80078125 0.44025157232704404 0.0390625 0.06289308176100629
0 0.953125 0.44025157232704404 0.0390625 0.06289308176100629
0 0.7734375 0.44654088050314467 0.0390625 0.06289308176100629
0 0.90234375 0.44654088050314467 0.0390625 0.06289308176100629
0 0.7734375 0.4528301886792453 0.0390625 0.06289308176100629
0 0.33203125 0.6540880503144654 0.0390625 0.06289308176100629
0 0.41015625 0.6981132075471698 0.0390625 0.06289308176100629
0 0.41015625 0.7044025157232704 0.0390625 0.06289308176100629
0 0.21484375 0.7547169811320755 0.0390625 0.06289308176100629
0 0.40625 0.7672955974842768 0.0390625 0.06289308176100629
0 0.40625 0.7735849056603774 0.0390625 0.06289308176100629
0 0.40625 0.8427672955974843 0.0390625 0.06289308176100629
0 0.41015625 0.8427672955974843 0.0390625 0.06289308176100629
0 0.77734375 0.8930817610062893 0.0390625 0.06289308176100629
0 0.77734375 0.89937106918239 0.0390625 0.06289308176100629
0 0.9375 0.9119496855345912 0.0390625 0.06289308176100629
0 0.2734375 0.9182389937106918 0.0390625 0.06289308176100629
0 0.27734375 0.9182389937106918 0.0390625 0.06289308176100629
0 0.95703125 0.9182389937106918 0.0390625 0.06289308176100629
0 0.9609375 0.9182389937106918 0.0390625 0.06289308176100629
0 0.95703125 0.9245283018867925 0.0390625 0.06289308176100629
0 0.9609375 0.9245283018867925 0.0390625 0.06289308176100629
0 0.6171875 0.9433962264150944 0.0390625 0.06289308176100629
0 0.27734375 0.9559748427672956 0.0390625 0.06289308176100629
0 0.3984375 0.9559748427672956 0.0390625 0.06289308176100629
0 0.3984375 0.9622641509433962 0.0390625 0.06289308176100629
0 0.859375 0.9685534591194969 0.0390625 0.06289308176100629
0 0.859375 0.9748427672955975 0.0390625 0.06289308176100629
0 0.39453125 0.9937106918238994 0.0390625 0.06289308176100629
0 0.3984375 0.9937106918238994 0.0390625 0.06289308176100629
