0 0.32421875 0.0 0.0390625 0.0390625
0 0.06640625 0.015625 0.0390625 0.0390625
0 0.734375 0.01953125 0.0390625 0.0390625
0 0.734375 0.0234375 0.0390625 0.0390625
0 0.90234375 0.04296875 0.0390625 0.0390625
0 0.734375 0.046875 0.0390625 0.0390625
0 0.89453125 0.0625 0.0390625 0.0390625
0 0.984375 0.0859375 0.0390625 0.0390625
0 0.984375 0.08984375 0.0390625 0.0390625
0 0.734375 0.09765625 0.0390625 0.0390625
0 0.984375 0.12109375 0.0390625 0.0390625
0 0.89453125 0.1484375 0.0390625 0.0390625
0 0.8984375 0.1484375 0.0390625 0.0390625
0 0.89453125 0.15234375 0.0390625 0.0390625
0 0.8984375 0.15234375 0.0390625 0.0390625
0 0.140625 0.16015625 0.0390625 0.0390625
0 0.73046875 0.171875 0.0390625 0.0390625
0 0.73046875 0.17578125 0.0390625 0.0390625
0 0.89453125 0.19140625 0.0390625 0.0390625
0 0.73046875 0.1953125 0.0390625 0.0390625
0 0.9765625 0.203125 0.0390625 0.0390625
0 0.89453125 0.2109375 0.0390625 0.0390625
0 0.89453125 0.21484375 0.0390625 0.0390625
0 0.9765625 0.2265625 0.0390625 0.0390625
0 0.8984375 0.23828125 0.0390625 0.0390625
0 0.734375 0.24609375 0.0390625 0.0390625
0 0.734375 0.25 0.0390625 0.0390625
0 0.73046875 0.26953125 0.0390625 0.0390625
0 0.73046875 0.2734375 0.0390625 0.0390625
0 0.109375 0.390625 0.0390625 0.0390625
0 0.15234375 0.390625 0.0390625 0.0390625
0 0.15625 0.390625 0.0390625 0.0390625
0 0.62890625 0.390625 0.0390625 0.0390625
0 0.2578125 0.39453125 0.0390625 0.0390625
0 0.26171875 0.39453125 0.0390625 0.0390625
0 0.83984375 0.39453125 0.0390625 0.0390625
0 0.8828125 0.39453125 0.0390625 0.0390625
0 0.5703125 0.3984375 0.0390625 0.0390625
0 0.765625 0.3984375 0.0390625 0.0390625
0 0.76953125 0.3984375 0.0390625 0.0390625
0 0.83984375 0.3984375 0.0390625 0.0390625
0 0.8828125 0.3984375 0.0390625 0.0390625
0 0.5546875 0.45703125 0.0390625 0.0390625
0 0.55859375 0.45703125 0.0390625 0.0390625
0 0.8203125 0.4609375 0.0390625 0.0390625
0 0.82421875 0.4609375 0.0390625 0.0390625
0 0.18359375 0.56640625 0.0390625 0.0390625
0 0.734375 0.56640625 0.0390625 0.0390625
0 0.73828125 0.56640625 0.0390625 0.0390625
0 0.18359375 0.5703125 0.0390625 0.0390625
0 0.34375 0.5703125 0.0390625 0.0390625
0 0.734375 0.5703125 0.0390625 0.0390625
0 0.73828125 0.5703125 0.0390625 0.0390625
0 0.54296875 0.57421875 0.0390625 0.0390625
0 0.9609375 0.578125 0.0390625 0.0390625
0 0.11328125 0.71875 0.0390625 0.0390625
0 0.1171875 0.71875 0.0390625 0.0390625
0 0.12109375 0.765625 0.0390625 0.0390625
0 0.125 0.765625 0.0390625 0.0390625
0 0.015625 0.80859375 0.0390625 0.0390625
0 0.01953125 0.80859375 0.0390625 0.0390625
0 0.30859375 0.8671875 0.0390625 0.0390625
0 0.3125 0.8671875 0.0390625 0.0390625
0 0.00390625 0.87890625 0.0390625 0.0390625
0 0.3046875 0.88671875 0.0390625 0.0390625
0 0.0234375 0.890625 0.0390625 0.0390625
0 0.3046875 0.890625 0.0390625 0.0390625
0 0.0234375 0.89453125 0.0390625 0.0390625
0 0.30078125 0.90625 0.0390625 0.0390625
0 0.3046875 0.90625 0.0390625 0.0390625
0 0.30078125 0.91015625 0.0390625 0.0390625
0 0.3046875 0.91015625 0.0390625 0.0390625
0 0.63671875 0.91015625 0.0390625 0.0390625
0 0.63671875 0.9140625 0.0390625 0.0390625
0 0.12890625 0.9375 0.0390625 0.0390625
0 0.1640625 0.9375 0.0390625 0.0390625
0 0.16796875 0.9375 0.0390625 0.0390625
0 0.1875 0.9375 0.0390625 0.0390625
0 0.2109375 0.9375 0.0390625 0.0390625
0 0.23046875 0.9375 0.0390625 0.0390625
0 0.640625 0.9375 0.0390625 0.0390625
0 0.64453125 0.9375 0.0390625 0.0390625
0 0.14453125 0.94140625 0.0390625 0.0390625
0 0.1484375 0.94140625 0.0390625 0.0390625
0 0.2109375 0.94140625 0.0390625 0.0390625
0 0.30859375 0.9453125 0.0390625 0.0390625
0 0.30859375 0.94921875 0.0390625 0.0390625
0 0.640625 0.953125 0.0390625 0.0390625
0 0.64453125 0.953125 0.0390625 0.0390625
0 0.640625 0.95703125 0.0390625 0.0390625
0 0.64453125 0.95703125 0.0390625 0.0390625
0 0.63671875 0.97265625 0.0390625 0.0390625
0 0.63671875 0.9765625 0.0390625 0.0390625
