0 0.3515625 0.2734375 0.0390625 0.0390625
0 0.35546875 0.2734375 0.0390625 0.0390625
0 0.15234375 0.30859375 0.0390625 0.0390625
0 0.15625 0.30859375 0.0390625 0.0390625
0 0.234375 0.32421875 0.0390625 0.0390625
0 0.234375 0.328125 0.0390625 0.0390625
0 0.08984375 0.40234375 0.0390625 0.0390625
0 0.296875 0.44921875 0.0390625 0.0390625
0 0.30078125 0.44921875 0.0390625 0.0390625
0 0.84765625 0.45703125 0.0390625 0.0390625
0 0.8515625 0.45703125 0.0390625 0.0390625
0 0.828125 0.4609375 0.0390625 0.0390625
0 0.83203125 0.4609375 0.0390625 0.0390625
0 0.234375 0.5078125 0.0390625 0.0390625
0 0.71875 0.6328125 0.0390625 0.0390625
0 0.10546875 0.66015625 0.0390625 0.0390625
0 0.109375 0.66015625 0.0390625 0.0390625
0 0.8125 0.66796875 0.0390625 0.0390625
0 0.0 0.6953125 0.0390625 0.0390625
0 0.00390625 0.6953125 0.0390625 0.0390625
0 0.0 0.69921875 0.0390625 0.0390625
0 0.00390625 0.69921875 0.0390625 0.0390625
0 0.42578125 0.69921875 0.0390625 0.0390625
0 0.4296875 0.69921875 0.0390625 0.0390625
0 0.36328125 0.703125 0.0390625 0.0390625
0 0.3671875 0.703125 0.0390625 0.0390625
0 0.42578125 0.703125 0.0390625 0.0390625
0 0.4296875 0.703125 0.0390625 0.0390625
0 0.36328125 0.70703125 0.0390625 0.0390625
0 0.3671875 0.70703125 0.0390625 0.0390625
0 0.1484375 0.83984375 0.0390625 0.0390625
0 0.15234375 0.83984375 0.0390625 0.0390625
0 0.1484375 0.84375 0.0390625 0.0390625
0 0.15234375 0.84375 0.0390625 0.0390625
0 0.66796875 0.87109375 0.0390625 0.0390625
0 0.671875 0.87109375 0.0390625 0.0390625
0 0.2265625 0.90625 0.0390625 0.0390625
0 0.71484375 0.91015625 0.0390625 0.0390625
0 0.71484375 0.9140625 0.0390625 0.0390625
0 0.71484375 0.94921875 0.0390625 0.0390625
0 0.7109375 0.97265625 0.0390625 0.0390625
0 0.71484375 0.97265625 0.0390625 0.0390625
0 0.71875 0.9921875 0.0390625 0.0390625
0 0.72265625 0.9921875 0.0390625 0.0390625
