0 0.4140625 0.01953125 0.0390625 0.0390625
0 0.3828125 0.04296875 0.0390625 0.0390625
0 0.359375 0.12109375 0.0390625 0.0390625
0 0.21875 0.1484375 0.0390625 0.0390625
0 0.21875 0.15234375 0.0390625 0.0390625
0 0.3828125 0.23828125 0.0390625 0.0390625
0 0.37890625 0.37109375 0.0390625 0.0390625
0 0.3828125 0.37109375 0.0390625 0.0390625
0 0.5 0.49609375 0.0390625 0.0390625
0 0.5 0.5 0.0390625 0.0390625
0 0.5546875 0.5 0.0390625 0.0390625
0 0.30078125 0.55078125 0.0390625 0.0390625
0 0.30078125 0.5546875 0.0390625 0.0390625
0 0.98828125 0.6015625 0.0390625 0.0390625
0 0.41015625 0.7421875 0.0390625 0.0390625
0 0.4140625 0.7421875 0.0390625 0.0390625
0 0.88671875 0.82421875 0.0390625 0.0390625
0 0.890625 0.82421875 0.0390625 0.0390625
0 0.88671875 0.828125 0.0390625 0.0390625
0 0.890625 0.828125 0.0390625 0.0390625
0 0.61328125 0.875 0.0390625 0.0390625
0 0.65234375 0.875 0.0390625 0.0390625
0 0.67578125 0.875 0.0390625 0.0390625
0 0.6953125 0.87890625 0.0390625 0.0390625
0 0.69921875 0.87890625 0.0390625 0.0390625
0 0.6953125 0.8828125 0.0390625 0.0390625
0 0.69921875 0.8828125 0.0390625 0.0390625
0 0.71484375 0.8828125 0.0390625 0.0390625
0 0.94140625 0.8984375 0.0390625 0.0390625
0 0.94140625 0.90234375 0.0390625 0.0390625
0 0.9765625 0.90234375 0.0390625 0.0390625
0 0.98046875 0.90234375 0.0390625 0.0390625
0 0.58203125 0.9453125 0.0390625 0.0390625
0 0.7421875 0.9453125 0.0390625 0.0390625
0 0.58203125 0.94921875 0.0390625 0.0390625
0 0.6640625 0.96875 0.0390625 0.0390625
0 0.6640625 0.97265625 0.0390625 0.0390625
0 0.7421875 0.99609375 0.0390625 0.0390625
0 0.74609375 0.99609375 0.0390625 0.0390625
