0 0.26953125 0.14453125 0.0390625 0.0390625
0 0.26953125 0.1484375 0.0390625 0.0390625
0 0.91796875 0.1640625 0.0390625 0.0390625
0 0.921875 0.1640625 0.0390625 0.0390625
0 0.91796875 0.16796875 0.0390625 0.0390625
0 0.921875 0.16796875 0.0390625 0.0390625
0 0.25 0.17578125 0.0390625 0.0390625
0 0.63671875 0.2578125 0.0390625 0.0390625
0 0.63671875 0.26171875 0.0390625 0.0390625
0 0.94921875 0.3671875 0.0390625 0.0390625
0 0.94921875 0.37109375 0.0390625 0.0390625
0 0.63671875 0.375 0.0390625 0.0390625
0 0.640625 0.375 0.0390625 0.0390625
0 0.94921875 0.390625 0.0390625 0.0390625
0 0.953125 0.390625 0.0390625 0.0390625
0 0.640625 0.41015625 0.0390625 0.0390625
0 0.9453125 0.4140625 0.0390625 0.0390625
0 0.94921875 0.4140625 0.0390625 0.0390625
0 0.68359375 0.43359375 0.0390625 0.0390625
0 0.6875 0.43359375 0.0390625 0.0390625
0 0.703125 0.44140625 0.0390625 0.0390625
0 0.703125 0.4453125 0.0390625 0.0390625
0 0.75390625 0.4453125 0.0390625 0.0390625
0 0.9453125 0.453125 0.0390625 0.0390625
0 0.94921875 0.453125 0.0390625 0.0390625
0 0.9453125 0.45703125 0.0390625 0.0390625
0 0.94921875 0.45703125 0.0390625 0.0390625
0 0.9453125 0.4765625 0.0390625 0.0390625
0 0.94921875 0.4765625 0.0390625 0.0390625
0 0.87109375 0.48046875 0.0390625 0.0390625
0 0.87109375 0.484375 0.0390625 0.0390625
0 0.87890625 0.5 0.0390625 0.0390625
0 0.8828125 0.5 0.0390625 0.0390625
0 0.9453125 0.5 0.0390625 0.0390625
0 0.68359375 0.51171875 0.0390625 0.0390625
0 0.68359375 0.515625 0.0390625 0.0390625
0 0.73046875 0.515625 0.0390625 0.0390625
0 0.87890625 0.51953125 0.0390625 0.0390625
0 0.94921875 0.51953125 0.0390625 0.0390625
0 0.87890625 0.5234375 0.0390625 0.0390625
0 0.94921875 0.5234375 0.0390625 0.0390625
0 0.51171875 0.5390625 0.0390625 0.0390625
0 0.51171875 0.54296875 0.0390625 0.0390625
0 0.953125 0.54296875 0.0390625 0.0390625
0 0.5078125 0.5625 0.0390625 0.0390625
0 0.94921875 0.5625 0.0390625 0.0390625
0 0.63671875 0.58203125 0.0390625 0.0390625
0 0.203125 0.5859375 0.0390625 0.0390625
0 0.23828125 0.5859375 0.0390625 0.0390625
0 0.5078125 0.5859375 0.0390625 0.0390625
0 0.63671875 0.5859375 0.0390625 0.0390625
0 0.23828125 0.60546875 0.0390625 0.0390625
0 0.2421875 0.60546875 0.0390625 0.0390625
0 0.34765625 0.60546875 0.0390625 0.0390625
0 0.3515625 0.60546875 0.0390625 0.0390625
0 0.5078125 0.60546875 0.0390625 0.0390625
0 0.51171875 0.60546875 0.0390625 0.0390625
0 0.34765625 0.609375 0.0390625 0.0390625
0 0.3515625 0.609375 0.0390625 0.0390625
0 0.5078125 0.609375 0.0390625 0.0390625
0 0.51171875 0.609375 0.0390625 0.0390625
0 0.2421875 0.62890625 0.0390625 0.0390625
0 0.5078125 0.62890625 0.0390625 0.0390625
0 0.390625 0.6328125 0.0390625 0.0390625
0 0.39453125 0.6328125 0.0390625 0.0390625
0 0.35546875 0.6484375 0.0390625 0.0390625
0 0.39453125 0.6484375 0.0390625 0.0390625
0 0.5078125 0.6484375 0.0390625 0.0390625
0 0.74609375 0.6484375 0.0390625 0.0390625
0 0.75 0.6484375 0.0390625 0.0390625
0 0.83203125 0.6484375 0.0390625 0.0390625
0 0.24609375 0.65234375 0.0390625 0.0390625
0 0.25 0.65234375 0.0390625 0.0390625
0 0.39453125 0.65234375 0.0390625 0.0390625
0 0.79296875 0.65234375 0.0390625 0.0390625
0 0.79296875 0.65625 0.0390625 0.0390625
0 0.34765625 0.66796875 0.0390625 0.0390625
0 0.3515625 0.66796875 0.0390625 0.0390625
0 0.3984375 0.66796875 0.0390625 0.0390625
0 0.23828125 0.671875 0.0390625 0.0390625
0 0.2421875 0.671875 0.0390625 0.0390625
0 0.3984375 0.671875 0.0390625 0.0390625
0 0.5078125 0.671875 0.0390625 0.0390625
0 0.23828125 0.69140625 0.0390625 0.0390625
0 0.2421875 0.69140625 0.0390625 0.0390625
0 0.35546875 0.69140625 0.0390625 0.0390625
0 0.5078125 0.69140625 0.0390625 0.0390625
0 0.3984375 0.6953125 0.0390625 0.0390625
0 0.24609375 0.71484375 0.0390625 0.0390625
0 0.3515625 0.71484375 0.0390625 0.0390625
0 0.39453125 0.71484375 0.0390625 0.0390625
0 0.3984375 0.71484375 0.0390625 0.0390625
0 0.35546875 0.734375 0.0390625 0.0390625
0 0.39453125 0.734375 0.0390625 0.0390625
0 0.5078125 0.734375 0.0390625 0.0390625
0 0.23046875 0.73828125 0.0390625 0.0390625
0 0.234375 0.73828125 0.0390625 0.0390625
0 0.35546875 0.73828125 0.0390625 0.0390625
0 0.39453125 0.73828125 0.0390625 0.0390625
0 0.7890625 0.75 0.0390625 0.0390625
0 0.83203125 0.75 0.0390625 0.0390625
0 0.34765625 0.75390625 0.0390625 0.0390625
0 0.85546875 0.75390625 0.0390625 0.0390625
0 0.34765625 0.7578125 0.0390625 0.0390625
0 0.23828125 0.76171875 0.0390625 0.0390625
0 0.2421875 0.76171875 0.0390625 0.0390625
0 0.38671875 0.76171875 0.0390625 0.0390625
0 0.34375 0.77734375 0.0390625 0.0390625
0 0.390625 0.78125 0.0390625 0.0390625
0 0.34375 0.80078125 0.0390625 0.0390625
0 0.39453125 0.80078125 0.0390625 0.0390625
0 0.3203125 0.83984375 0.0390625 0.0390625
0 0.34375 0.83984375 0.0390625 0.0390625
0 0.34375 0.84375 0.0390625 0.0390625
0 0.0625 0.86328125 0.0390625 0.0390625
0 0.0859375 0.87109375 0.0390625 0.0390625
0 0.63671875 0.88671875 0.0390625 0.0390625
0 0.63671875 0.890625 0.0390625 0.0390625
0 0.6328125 0.9296875 0.0390625 0.0390625
0 0.6328125 0.93359375 0.0390625 0.0390625
0 0.44921875 0.9375 0.0390625 0.0390625
0 0.46875 0.9375 0.0390625 0.0390625
0 0.47265625 0.9375 0.0390625 0.0390625
0 0.3671875 0.94140625 0.0390625 0.0390625
0 0.46875 0.94140625 0.0390625 0.0390625
0 0.47265625 0.94140625 0.0390625 0.0390625
0 0.671875 0.96484375 0.0390625 0.0390625
0 0.79296875 0.984375 0.0390625 0.0390625
0 0.796875 0.984375 0.0390625 0.0390625
