0 0.76953125 0.02734375 0.0390625 0.0390625
0 0.95703125 0.16015625 0.0390625 0.0390625
0 0.9609375 0.16015625 0.0390625 0.0390625
0 0.8671875 0.1640625 0.0390625 0.0390625
0 0.95703125 0.1640625 0.0390625 0.0390625
0 0.9609375 0.1640625 0.0390625 0.0390625
0 0.98828125 0.265625 0.0390625 0.0390625
0 0.9921875 0.265625 0.0390625 0.0390625
0 0.98828125 0.26953125 0.0390625 0.0390625
0 0.9921875 0.26953125 0.0390625 0.0390625
0 0.05859375 0.3359375 0.0390625 0.0390625
0 0.02734375 0.33984375 0.0390625 0.0390625
0 0.05859375 0.33984375 0.0390625 0.0390625
0 0.47265625 0.38671875 0.0390625 0.0390625
0 0.4765625 0.38671875 0.0390625 0.0390625
0 0.47265625 0.390625 0.0390625 0.0390625
0 0.4765625 0.390625 0.0390625 0.0390625
0 0.2890625 0.47265625 0.0390625 0.0390625
0 0.29296875 0.47265625 0.0390625 0.0390625
0 0.2890625 0.52734375 0.0390625 0.0390625
0 0.2890625 0.53125 0.0390625 0.0390625
0 0.29296875 0.5703125 0.0390625 0.0390625
0 0.296875 0.5703125 0.0390625 0.0390625
0 0.3515625 0.59765625 0.0390625 0.0390625
0 0.3515625 0.6015625 0.0390625 0.0390625
0 0.2890625 0.60546875 0.0390625 0.0390625
0 0.29296875 0.60546875 0.0390625 0.0390625
0 0.2890625 0.609375 0.0390625 0.0390625
0 0.29296875 0.609375 0.0390625 0.0390625
0 0.44921875 0.640625 0.0390625 0.0390625
0 0.2890625 0.64453125 0.0390625 0.0390625
0 0.29296875 0.64453125 0.0390625 0.0390625
0 0.2890625 0.6484375 0.0390625 0.0390625
0 0.29296875 0.6484375 0.0390625 0.0390625
0 0.29296875 0.68359375 0.0390625 0.0390625
0 0.2890625 0.7265625 0.0390625 0.0390625
0 0.2890625 0.76953125 0.0390625 0.0390625
0 0.2890625 0.81640625 0.0390625 0.0390625
0 0.703125 0.82421875 0.0390625 0.0390625
0 0.70703125 0.82421875 0.0390625 0.0390625
0 0.2890625 0.8515625 0.0390625 0.0390625
0 0.4765625 0.8515625 0.0390625 0.0390625
0 0.2890625 0.85546875 0.0390625 0.0390625
0 0.4765625 0.85546875 0.0390625 0.0390625
0 0.7109375 0.890625 0.0390625 0.0390625
0 0.71484375 0.890625 0.0390625 0.0390625
0 0.7109375 0.91015625 0.0390625 0.0390625
0 0.7109375 0.9140625 0.0390625 0.0390625
0 0.4765625 0.921875 0.0390625 0.0390625
0 0.4765625 0.92578125 0.0390625 0.0390625
0 0.70703125 0.9375 0.0390625 0.0390625
0 0.7109375 0.9375 0.0390625 0.0390625
0 0.47265625 0.96875 0.0390625 0.0390625
0 0.4765625 0.96875 0.0390625 0.0390625
0 0.7109375 0.98046875 0.0390625 0.0390625
