0 0.16796875 0.0859375 0.0390625 0.0390625
0 0.24609375 0.12109375 0.0390625 0.0390625
0 0.2421875 0.16796875 0.0390625 0.0390625
0 0.24609375 0.16796875 0.0390625 0.0390625
0 0.24609375 0.2109375 0.0390625 0.0390625
0 0.24609375 0.21484375 0.0390625 0.0390625
0 0.2421875 0.26171875 0.0390625 0.0390625
0 0.24609375 0.26171875 0.0390625 0.0390625
0 0.2421875 0.265625 0.0390625 0.0390625
0 0.24609375 0.265625 0.0390625 0.0390625
0 0.23828125 0.328125 0.0390625 0.0390625
0 0.23828125 0.33203125 0.0390625 0.0390625
0 0.1640625 0.37109375 0.0390625 0.0390625
0 0.1640625 0.41796875 0.0390625 0.0390625
0 0.1640625 0.421875 0.0390625 0.0390625
0 0.375 0.63671875 0.0390625 0.0390625
0 0.421875 0.63671875 0.0390625 0.0390625
0 0.421875 0.640625 0.0390625 0.0390625
0 0.58984375 0.640625 0.0390625 0.0390625
0 0.6328125 0.640625 0.0390625 0.0390625
0 0.68359375 0.640625 0.0390625 0.0390625
0 0.6875 0.640625 0.0390625 0.0390625
0 0.73046875 0.640625 0.0390625 0.0390625
0 0.81640625 0.64453125 0.0390625 0.0390625
0 0.8203125 0.64453125 0.0390625 0.0390625
0 0.8671875 0.64453125 0.0390625 0.0390625
0 0.87109375 0.64453125 0.0390625 0.0390625
0 0.921875 0.64453125 0.0390625 0.0390625
0 0.69140625 0.7109375 0.0390625 0.0390625
0 0.6953125 0.7109375 0.0390625 0.0390625
0 0.53515625 0.71484375 0.0390625 0.0390625
0 0.76171875 0.71875 0.0390625 0.0390625
0 0.765625 0.71875 0.0390625 0.0390625
0 0.81640625 0.71875 0.0390625 0.0390625
0 0.8203125 0.71875 0.0390625 0.0390625
0 0.8671875 0.71875 0.0390625 0.0390625
0 0.87109375 0.71875 0.0390625 0.0390625
0 0.95703125 0.71875 0.0390625 0.0390625
0 0.19140625 0.7421875 0.0390625 0.0390625
0 0.1640625 0.85546875 0.0390625 0.0390625
0 0.1640625 0.859375 0.0390625 0.0390625
0 0.234375 0.90234375 0.0390625 0.0390625
0 0.23828125 0.90234375 0.0390625 0.0390625
0 0.30859375 0.95703125 0.0390625 0.0390625
0 0.3125 0.95703125 0.0390625 0.0390625
