0 0.6171875 0.03515625 0.0390625 0.0390625
0 0.66015625 0.03515625 0.0390625 0.0390625
0 0.6796875 0.03515625 0.0390625 0.0390625
0 0.6953125 0.03515625 0.0390625 0.0390625
0 0.69921875 0.03515625 0.0390625 0.0390625
0 0.6171875 0.0390625 0.0390625 0.0390625
0 0.25390625 0.07421875 0.0390625 0.0390625
0 0.14453125 0.10546875 0.0390625 0.0390625
0 0.1484375 0.10546875 0.0390625 0.0390625
0 0.14453125 0.109375 0.0390625 0.0390625
0 0.1484375 0.109375 0.0390625 0.0390625
0 0.0 0.11328125 0.0390625 0.0390625
0 0.0859375 0.11328125 0.0390625 0.0390625
0 0.10546875 0.11328125 0.0390625 0.0390625
0 0.109375 0.11328125 0.0390625 0.0390625
0 0.125 0.11328125 0.0390625 0.0390625
0 0.12890625 0.11328125 0.0390625 0.0390625
0 0.25 0.11328125 0.0390625 0.0390625
0 0.58203125 0.1875 0.0390625 0.0390625
0 0.58203125 0.19140625 0.0390625 0.0390625
0 0.77734375 0.2265625 0.0390625 0.0390625
0 0.61328125 0.23046875 0.0390625 0.0390625
0 0.61328125 0.234375 0.0390625 0.0390625
0 0.24609375 0.23828125 0.0390625 0.0390625
0 0.25 0.23828125 0.0390625 0.0390625
0 0.76953125 0.24609375 0.0390625 0.0390625
0 0.00390625 0.25390625 0.0390625 0.0390625
0 0.0234375 0.25390625 0.0390625 0.0390625
0 0.02734375 0.25390625 0.0390625 0.0390625
0 0.10546875 0.25390625 0.0390625 0.0390625
0 0.046875 0.2578125 0.0390625 0.0390625
0 0.06640625 0.2578125 0.0390625 0.0390625
0 0.0703125 0.2578125 0.0390625 0.0390625
0 0.08984375 0.2578125 0.0390625 0.0390625
0 0.10546875 0.2578125 0.0390625 0.0390625
0 0.125 0.2578125 0.0390625 0.0390625
0 0.14453125 0.2578125 0.0390625 0.0390625
0 0.1484375 0.2578125 0.0390625 0.0390625
0 0.16796875 0.2578125 0.0390625 0.0390625
0 0.765625 0.265625 0.0390625 0.0390625
0 0.0390625 0.3203125 0.0390625 0.0390625
0 0.0390625 0.32421875 0.0390625 0.0390625
0 0.05859375 0.32421875 0.0390625 0.0390625
0 0.08203125 0.32421875 0.0390625 0.0390625
0 0.0859375 0.32421875 0.0390625 0.0390625
0 0.1015625 0.32421875 0.0390625 0.0390625
0 0.10546875 0.32421875 0.0390625 0.0390625
0 0.015625 0.328125 0.0390625 0.0390625
0 0.01953125 0.328125 0.0390625 0.0390625
0 0.1015625 0.328125 0.0390625 0.0390625
0 0.10546875 0.328125 0.0390625 0.0390625
0 0.125 0.328125 0.0390625 0.0390625
0 0.12890625 0.328125 0.0390625 0.0390625
0 0.1484375 0.328125 0.0390625 0.0390625
0 0.5390625 0.3359375 0.0390625 0.0390625
0 0.53125 0.37109375 0.0390625 0.0390625
0 0.53515625 0.37109375 0.0390625 0.0390625
0 0.61328125 0.38671875 0.0390625 0.0390625
0 0.05078125 0.4296875 0.0390625 0.0390625
0 0.03125 0.43359375 0.0390625 0.0390625
0 0.05078125 0.43359375 0.0390625 0.0390625
0 0.07421875 0.43359375 0.0390625 0.0390625
0 0.078125 0.43359375 0.0390625 0.0390625
0 0.09375 0.43359375 0.0390625 0.0390625
0 0.09765625 0.43359375 0.0390625 0.0390625
0 0.11328125 0.43359375 0.0390625 0.0390625
0 0.1171875 0.43359375 0.0390625 0.0390625
0 0.0078125 0.4375 0.0390625 0.0390625
0 0.53125 0.44140625 0.0390625 0.0390625
0 0.609375 0.47265625 0.0390625 0.0390625
0 0.41015625 0.51953125 0.0390625 0.0390625
0 0.41015625 0.5234375 0.0390625 0.0390625
0 0.55859375 0.5859375 0.0390625 0.0390625
0 0.5625 0.5859375 0.0390625 0.0390625
0 0.55859375 0.58984375 0.0390625 0.0390625
0 0.5625 0.58984375 0.0390625 0.0390625
0 0.33984375 0.64453125 0.0390625 0.0390625
0 0.32421875 0.7421875 0.0390625 0.0390625
0 0.61328125 0.859375 0.0390625 0.0390625
0 0.6171875 0.859375 0.0390625 0.0390625
0 0.1875 0.86328125 0.0390625 0.0390625
0 0.61328125 0.86328125 0.0390625 0.0390625
0 0.6171875 0.86328125 0.0390625 0.0390625
0 0.48046875 0.89453125 0.0390625 0.0390625
0 0.640625 0.89453125 0.0390625 0.0390625
0 0.64453125 0.89453125 0.0390625 0.0390625
0 0.48046875 0.8984375 0.0390625 0.0390625
