0 0.9296875 0.0078125 0.0390625 0.0390625
0 0.93359375 0.0078125 0.0390625 0.0390625
0 0.9296875 0.01171875 0.0390625 0.0390625
0 0.93359375 0.01171875 0.0390625 0.0390625
0 0.98046875 0.01171875 0.0390625 0.0390625
0 0.1484375 0.09375 0.0390625 0.0390625
0 0.15234375 0.09375 0.0390625 0.0390625
0 0.53125 0.09375 0.0390625 0.0390625
0 0.53515625 0.09375 0.0390625 0.0390625
0 0.1484375 0.09765625 0.0390625 0.0390625
0 0.15234375 0.09765625 0.0390625 0.0390625
0 0.64453125 0.09765625 0.0390625 0.0390625
0 0.8046875 0.1015625 0.0390625 0.0390625
0 0.2421875 0.11328125 0.0390625 0.0390625
0 0.2421875 0.1171875 0.0390625 0.0390625
0 0.30859375 0.12109375 0.0390625 0.0390625
0 0.3125 0.12109375 0.0390625 0.0390625
0 0.36328125 0.12109375 0.0390625 0.0390625
0 0.68359375 0.12109375 0.0390625 0.0390625
0 0.6875 0.12109375 0.0390625 0.0390625
0 0.68359375 0.125 0.0390625 0.0390625
0 0.6875 0.125 0.0390625 0.0390625
0 0.953125 0.125 0.0390625 0.0390625
0 0.23828125 0.14453125 0.0390625 0.0390625
0 0.2890625 0.14453125 0.0390625 0.0390625
0 0.29296875 0.14453125 0.0390625 0.0390625
0 0.23828125 0.1484375 0.0390625 0.0390625
0 0.2890625 0.1484375 0.0390625 0.0390625
0 0.29296875 0.1484375 0.0390625 0.0390625
0 0.61328125 0.1484375 0.0390625 0.0390625
0 0.6171875 0.1484375 0.0390625 0.0390625
0 0.9453125 0.15234375 0.0390625 0.0390625
0 0.9453125 0.15625 0.0390625 0.0390625
0 0.26953125 0.171875 0.0390625 0.0390625
0 0.359375 0.17578125 0.0390625 0.0390625
0 0.36328125 0.17578125 0.0390625 0.0390625
0 0.25390625 0.19140625 0.0390625 0.0390625
0 0.2578125 0.19140625 0.0390625 0.0390625
0 0.25390625 0.1953125 0.0390625 0.0390625
0 0.2578125 0.1953125 0.0390625 0.0390625
0 0.54296875 0.19921875 0.0390625 0.0390625
0 0.546875 0.19921875 0.0390625 0.0390625
0 0.07421875 0.203125 0.0390625 0.0390625
0 0.07421875 0.20703125 0.0390625 0.0390625
0 0.01953125 0.25390625 0.0390625 0.0390625
0 0.01953125 0.2578125 0.0390625 0.0390625
0 0.015625 0.375 0.0390625 0.0390625
0 0.01953125 0.375 0.0390625 0.0390625
0 0.0625 0.4375 0.0390625 0.0390625
0 0.1171875 0.4375 0.0390625 0.0390625
0 0.08984375 0.4921875 0.0390625 0.0390625
0 0.0 0.5 0.0390625 0.0390625
0 0.00390625 0.62109375 0.0390625 0.0390625
0 0.0078125 0.62109375 0.0390625 0.0390625
0 0.14453125 0.62109375 0.0390625 0.0390625
0 0.1171875 0.66796875 0.0390625 0.0390625
0 0.1484375 0.8828125 0.0390625 0.0390625
0 0.0859375 0.89453125 0.0390625 0.0390625
0 0.14453125 0.9296875 0.0390625 0.0390625
0 0.14453125 0.93359375 0.0390625 0.0390625
