0 0.41015625 0.02734375 0.0390625 0.0390625
0 0.3671875 0.03125 0.0390625 0.0390625
0 0.23828125 0.1171875 0.0390625 0.0390625
0 0.5234375 0.18359375 0.0390625 0.0390625
0 0.23828125 0.2578125 0.0390625 0.0390625
0 0.23828125 0.26171875 0.0390625 0.0390625
0 0.16015625 0.32421875 0.0390625 0.0390625
0 0.9140625 0.37109375 0.0390625 0.0390625
0 0.9140625 0.375 0.0390625 0.0390625
0 0.15625 0.3984375 0.0390625 0.0390625
0 0.16015625 0.3984375 0.0390625 0.0390625
0 0.15625 0.40234375 0.0390625 0.0390625
0 0.16015625 0.40234375 0.0390625 0.0390625
0 0.2578125 0.41015625 0.0390625 0.0390625
0 0.26171875 0.41015625 0.0390625 0.0390625
0 0.15625 0.44140625 0.0390625 0.0390625
0 0.15625 0.4453125 0.0390625 0.0390625
0 0.23828125 0.46484375 0.0390625 0.0390625
0 0.234375 0.51171875 0.0390625 0.0390625
0 0.359375 0.53515625 0.0390625 0.0390625
0 0.234375 0.6015625 0.0390625 0.0390625
0 0.4375 0.60546875 0.0390625 0.0390625
0 0.47265625 0.609375 0.0390625 0.0390625
0 0.4765625 0.609375 0.0390625 0.0390625
0 0.5234375 0.609375 0.0390625 0.0390625
0 0.63671875 0.609375 0.0390625 0.0390625
0 0.3984375 0.62890625 0.0390625 0.0390625
0 0.3984375 0.6328125 0.0390625 0.0390625
0 0.91015625 0.64453125 0.0390625 0.0390625
0 0.9140625 0.64453125 0.0390625 0.0390625
0 0.91015625 0.6484375 0.0390625 0.0390625
0 0.9140625 0.6484375 0.0390625 0.0390625
0 0.5234375 0.6796875 0.0390625 0.0390625
0 0.47265625 0.68359375 0.0390625 0.0390625
0 0.5234375 0.68359375 0.0390625 0.0390625
0 0.7421875 0.6875 0.0390625 0.0390625
0 0.85546875 0.6875 0.0390625 0.0390625
0 0.96484375 0.69140625 0.0390625 0.0390625
0 0.0078125 0.6953125 0.0390625 0.0390625
0 0.96484375 0.6953125 0.0390625 0.0390625
0 0.17578125 0.72265625 0.0390625 0.0390625
0 0.61328125 0.78515625 0.0390625 0.0390625
0 0.42578125 0.7890625 0.0390625 0.0390625
0 0.5 0.7890625 0.0390625 0.0390625
0 0.50390625 0.7890625 0.0390625 0.0390625
0 0.52734375 0.7890625 0.0390625 0.0390625
0 0.55859375 0.7890625 0.0390625 0.0390625
0 0.58203125 0.7890625 0.0390625 0.0390625
0 0.39453125 0.79296875 0.0390625 0.0390625
0 0.3984375 0.79296875 0.0390625 0.0390625
0 0.42578125 0.79296875 0.0390625 0.0390625
0 0.5 0.79296875 0.0390625 0.0390625
0 0.50390625 0.79296875 0.0390625 0.0390625
0 0.58203125 0.79296875 0.0390625 0.0390625
0 0.32421875 0.81640625 0.0390625 0.0390625
0 0.21875 0.82421875 0.0390625 0.0390625
0 0.22265625 0.82421875 0.0390625 0.0390625
0 0.31640625 0.84375 0.0390625 0.0390625
0 0.31640625 0.84765625 0.0390625 0.0390625
0 0.44921875 0.85546875 0.0390625 0.0390625
0 0.52734375 0.85546875 0.0390625 0.0390625
0 0.5546875 0.85546875 0.0390625 0.0390625
0 0.5 0.859375 0.0390625 0.0390625
0 0.578125 0.859375 0.0390625 0.0390625
0 0.6015625 0.859375 0.0390625 0.0390625
0 0.60546875 0.859375 0.0390625 0.0390625
0 0.39453125 0.86328125 0.0390625 0.0390625
0 0.6015625 0.86328125 0.0390625 0.0390625
0 0.60546875 0.86328125 0.0390625 0.0390625
0 0.22265625 0.8671875 0.0390625 0.0390625
0 0.4140625 0.890625 0.0390625 0.0390625
0 0.41796875 0.890625 0.0390625 0.0390625
0 0.44140625 0.890625 0.0390625 0.0390625
0 0.4140625 0.89453125 0.0390625 0.0390625
0 0.41796875 0.89453125 0.0390625 0.0390625
0 0.46875 0.89453125 0.0390625 0.0390625
0 0.49609375 0.89453125 0.0390625 0.0390625
0 0.51953125 0.89453125 0.0390625 0.0390625
0 0.546875 0.89453125 0.0390625 0.0390625
0 0.5703125 0.89453125 0.0390625 0.0390625
0 0.46875 0.8984375 0.0390625 0.0390625
0 0.51953125 0.8984375 0.0390625 0.0390625
0 0.546875 0.8984375 0.0390625 0.0390625
0 0.5703125 0.8984375 0.0390625 0.0390625
0 0.59765625 0.8984375 0.0390625 0.0390625
