0 0.47265625 0.109375 0.0390625 0.0390625
0 0.4765625 0.109375 0.0390625 0.0390625
0 0.75 0.20703125 0.0390625 0.0390625
0 0.3984375 0.2578125 0.0390625 0.0390625
0 0.3984375 0.26171875 0.0390625 0.0390625
0 0.3984375 0.28125 0.0390625 0.0390625
0 0.40234375 0.28125 0.0390625 0.0390625
0 0.80859375 0.296875 0.0390625 0.0390625
0 0.3984375 0.30078125 0.0390625 0.0390625
0 0.40234375 0.30078125 0.0390625 0.0390625
0 0.3984375 0.3046875 0.0390625 0.0390625
0 0.40234375 0.3046875 0.0390625 0.0390625
0 0.40625 0.32421875 0.0390625 0.0390625
0 0.71484375 0.328125 0.0390625 0.0390625
0 0.71484375 0.33203125 0.0390625 0.0390625
0 0.41015625 0.3671875 0.0390625 0.0390625
0 0.71484375 0.3984375 0.0390625 0.0390625
0 0.40625 0.4140625 0.0390625 0.0390625
0 0.8203125 0.421875 0.0390625 0.0390625
0 0.8203125 0.42578125 0.0390625 0.0390625
0 0.71484375 0.44921875 0.0390625 0.0390625
0 0.71484375 0.49609375 0.0390625 0.0390625
0 0.8671875 0.5234375 0.0390625 0.0390625
0 0.87109375 0.5234375 0.0390625 0.0390625
0 0.7109375 0.54296875 0.0390625 0.0390625
0 0.71484375 0.54296875 0.0390625 0.0390625
0 0.8671875 0.59375 0.0390625 0.0390625
0 0.3125 0.64453125 0.0390625 0.0390625
0 0.3125 0.6484375 0.0390625 0.0390625
0 0.8671875 0.65625 0.0390625 0.0390625
0 0.7109375 0.7421875 0.0390625 0.0390625
0 0.7109375 0.74609375 0.0390625 0.0390625
0 0.06640625 0.76953125 0.0390625 0.0390625
0 0.06640625 0.7734375 0.0390625 0.0390625
0 0.15625 0.84765625 0.0390625 0.0390625
0 0.16015625 0.84765625 0.0390625 0.0390625
0 0.15625 0.8515625 0.0390625 0.0390625
0 0.16015625 0.8515625 0.0390625 0.0390625
0 0.26953125 0.88671875 0.0390625 0.0390625
0 0.2734375 0.88671875 0.0390625 0.0390625
0 0.26953125 0.890625 0.0390625 0.0390625
0 0.2734375 0.890625 0.0390625 0.0390625
0 0.37890625 0.89453125 0.0390625 0.0390625
0 0.2734375 0.9296875 0.0390625 0.0390625
0 0.2734375 0.93359375 0.0390625 0.0390625
0 0.71484375 0.93359375 0.0390625 0.0390625
0 0.3828125 0.95703125 0.0390625 0.0390625
0 0.3828125 0.9609375 0.0390625 0.0390625
0 0.71484375 0.9609375 0.0390625 0.0390625
0 0.71875 0.9609375 0.0390625 0.0390625
0 0.71484375 0.96484375 0.0390625 0.0390625
0 0.71875 0.96484375 0.0390625 0.0390625
0 0.26953125 0.96875 0.0390625 0.0390625
0 0.2734375 0.96875 0.0390625 0.0390625
0 0.37890625 0.98046875 0.0390625 0.0390625
0 0.71484375 0.9921875 0.0390625 0.0390625
0 0.3828125 0.99609375 0.0390625 0.0390625
