0 0.18359375 0.109375 0.0390625 0.0390625
0 0.23046875 0.1328125 0.0390625 0.0390625
0 0.328125 0.19921875 0.0390625 0.0390625
0 0.33203125 0.19921875 0.0390625 0.0390625
0 0.1796875 0.21875 0.0390625 0.0390625
0 0.328125 0.26171875 0.0390625 0.0390625
0 0.328125 0.3125 0.0390625 0.0390625
0 0.33203125 0.3125 0.0390625 0.0390625
0 0.328125 0.31640625 0.0390625 0.0390625
0 0.33203125 0.31640625 0.0390625 0.0390625
0 0.1796875 0.3203125 0.0390625 0.0390625
0 0.328125 0.359375 0.0390625 0.0390625
0 0.328125 0.36328125 0.0390625 0.0390625
0 0.1796875 0.37109375 0.0390625 0.0390625
0 0.18359375 0.37109375 0.0390625 0.0390625
0 0.1796875 0.375 0.0390625 0.0390625
0 0.18359375 0.375 0.0390625 0.0390625
0 0.18359375 0.46875 0.0390625 0.0390625
0 0.18359375 0.47265625 0.0390625 0.0390625
0 0.3359375 0.62109375 0.0390625 0.0390625
0 0.3359375 0.625 0.0390625 0.0390625
0 0.0 0.6796875 0.0390625 0.0390625
0 0.0 0.68359375 0.0390625 0.0390625
0 0.1796875 0.68359375 0.0390625 0.0390625
0 0.48828125 0.68359375 0.0390625 0.0390625
0 0.6171875 0.68359375 0.0390625 0.0390625
0 0.1796875 0.6875 0.0390625 0.0390625
0 0.15625 0.70703125 0.0390625 0.0390625
0 0.16015625 0.70703125 0.0390625 0.0390625
0 0.29296875 0.70703125 0.0390625 0.0390625
0 0.390625 0.70703125 0.0390625 0.0390625
0 0.29296875 0.7109375 0.0390625 0.0390625
0 0.390625 0.7109375 0.0390625 0.0390625
0 0.5078125 0.7109375 0.0390625 0.0390625
0 0.63671875 0.7109375 0.0390625 0.0390625
0 0.63671875 0.71484375 0.0390625 0.0390625
0 0.38671875 0.73828125 0.0390625 0.0390625
0 0.390625 0.73828125 0.0390625 0.0390625
0 0.4609375 0.73828125 0.0390625 0.0390625
0 0.46484375 0.73828125 0.0390625 0.0390625
0 0.35546875 0.765625 0.0390625 0.0390625
0 0.35546875 0.76953125 0.0390625 0.0390625
0 0.12890625 0.796875 0.0390625 0.0390625
0 0.1328125 0.796875 0.0390625 0.0390625
0 0.59375 0.81640625 0.0390625 0.0390625
