0 0.58984375 0.06640625 0.0390625 0.0390625
0 0.58203125 0.11328125 0.0390625 0.0390625
0 0.5859375 0.11328125 0.0390625 0.0390625
0 0.54296875 0.125 0.0390625 0.0390625
0 0.59765625 0.15234375 0.0390625 0.0390625
0 0.6015625 0.15234375 0.0390625 0.0390625
0 0.0390625 0.16015625 0.0390625 0.0390625
0 0.21875 0.1640625 0.0390625 0.0390625
0 0.21875 0.16796875 0.0390625 0.0390625
0 0.77734375 0.17578125 0.0390625 0.0390625
0 0.796875 0.18359375 0.0390625 0.0390625
0 0.98046875 0.2109375 0.0390625 0.0390625
0 0.984375 0.2109375 0.0390625 0.0390625
0 0.98046875 0.21484375 0.0390625 0.0390625
0 0.984375 0.21484375 0.0390625 0.0390625
0 0.21875 0.2265625 0.0390625 0.0390625
0 0.57421875 0.23046875 0.0390625 0.0390625
0 0.640625 0.23046875 0.0390625 0.0390625
0 0.640625 0.234375 0.0390625 0.0390625
0 0.734375 0.26171875 0.0390625 0.0390625
0 0.73828125 0.26171875 0.0390625 0.0390625
0 0.734375 0.28125 0.0390625 0.0390625
0 0.73828125 0.28125 0.0390625 0.0390625
0 0.734375 0.28515625 0.0390625 0.0390625
0 0.73828125 0.28515625 0.0390625 0.0390625
0 0.21875 0.29296875 0.0390625 0.0390625
0 0.74609375 0.3046875 0.0390625 0.0390625
0 0.75 0.3046875 0.0390625 0.0390625
0 0.8203125 0.35546875 0.0390625 0.0390625
0 0.8203125 0.359375 0.0390625 0.0390625
0 0.83984375 0.36328125 0.0390625 0.0390625
0 0.8671875 0.36328125 0.0390625 0.0390625
0 0.21875 0.3828125 0.0390625 0.0390625
0 0.21484375 0.42578125 0.0390625 0.0390625
0 0.21875 0.42578125 0.0390625 0.0390625
0 0.21484375 0.4296875 0.0390625 0.0390625
0 0.21875 0.4296875 0.0390625 0.0390625
0 0.16796875 0.57421875 0.0390625 0.0390625
0 0.171875 0.57421875 0.0390625 0.0390625
0 0.64453125 0.65625 0.0390625 0.0390625
0 0.64453125 0.66015625 0.0390625 0.0390625
0 0.0078125 0.671875 0.0390625 0.0390625
0 0.01171875 0.671875 0.0390625 0.0390625
0 0.0078125 0.67578125 0.0390625 0.0390625
0 0.01171875 0.67578125 0.0390625 0.0390625
0 0.5625 0.6796875 0.0390625 0.0390625
0 0.5625 0.68359375 0.0390625 0.0390625
0 0.83984375 0.71484375 0.0390625 0.0390625
0 0.578125 0.75 0.0390625 0.0390625
0 0.58203125 0.75 0.0390625 0.0390625
0 0.578125 0.75390625 0.0390625 0.0390625
0 0.58203125 0.75390625 0.0390625 0.0390625
0 0.171875 0.859375 0.0390625 0.0390625
0 0.17578125 0.859375 0.0390625 0.0390625
0 0.08984375 0.90625 0.0390625 0.0390625
0 0.08984375 0.91015625 0.0390625 0.0390625
0 0.09375 0.9296875 0.0390625 0.0390625
0 0.09375 0.94921875 0.0390625 0.0390625
0 0.7265625 0.94921875 0.0390625 0.0390625
0 0.203125 0.953125 0.0390625 0.0390625
0 0.20703125 0.953125 0.0390625 0.0390625
0 0.203125 0.95703125 0.0390625 0.0390625
0 0.20703125 0.95703125 0.0390625 0.0390625
0 0.08984375 0.96875 0.0390625 0.0390625
0 0.20703125 0.9765625 0.0390625 0.0390625
0 0.08984375 0.98828125 0.0390625 0.0390625
