0 0.2890625 0.0 0.0390625 0.0390625
0 0.26171875 0.03125 0.0390625 0.0390625
0 0.62890625 0.046875 0.0390625 0.0390625
0 0.6796875 0.046875 0.0390625 0.0390625
0 0.8515625 0.046875 0.0390625 0.0390625
0 0.85546875 0.046875 0.0390625 0.0390625
0 0.97265625 0.05078125 0.0390625 0.0390625
0 0.453125 0.07421875 0.0390625 0.0390625
0 0.45703125 0.07421875 0.0390625 0.0390625
0 0.43359375 0.09765625 0.0390625 0.0390625
0 0.5 0.09765625 0.0390625 0.0390625
0 0.50390625 0.09765625 0.0390625 0.0390625
0 0.5703125 0.1015625 0.0390625 0.0390625
0 0.5703125 0.10546875 0.0390625 0.0390625
0 0.4296875 0.125 0.0390625 0.0390625
0 0.4296875 0.12890625 0.0390625 0.0390625
0 0.4921875 0.12890625 0.0390625 0.0390625
0 0.4921875 0.1328125 0.0390625 0.0390625
0 0.17578125 0.13671875 0.0390625 0.0390625
0 0.31640625 0.15234375 0.0390625 0.0390625
0 0.09375 0.15625 0.0390625 0.0390625
0 0.04296875 0.16015625 0.0390625 0.0390625
0 0.078125 0.1875 0.0390625 0.0390625
0 0.83984375 0.2734375 0.0390625 0.0390625
0 0.890625 0.2734375 0.0390625 0.0390625
0 0.94140625 0.2734375 0.0390625 0.0390625
0 0.890625 0.27734375 0.0390625 0.0390625
0 0.3125 0.328125 0.0390625 0.0390625
0 0.31640625 0.328125 0.0390625 0.0390625
0 0.28125 0.37109375 0.0390625 0.0390625
0 0.28125 0.375 0.0390625 0.0390625
0 0.7578125 0.37890625 0.0390625 0.0390625
0 0.8203125 0.37890625 0.0390625 0.0390625
0 0.82421875 0.37890625 0.0390625 0.0390625
0 0.84375 0.37890625 0.0390625 0.0390625
0 0.88671875 0.37890625 0.0390625 0.0390625
0 0.90625 0.37890625 0.0390625 0.0390625
0 0.66796875 0.3828125 0.0390625 0.0390625
0 0.69140625 0.3828125 0.0390625 0.0390625
0 0.7109375 0.3828125 0.0390625 0.0390625
0 0.80078125 0.3828125 0.0390625 0.0390625
0 0.88671875 0.3828125 0.0390625 0.0390625
0 0.90625 0.3828125 0.0390625 0.0390625
0 0.92578125 0.3828125 0.0390625 0.0390625
0 0.66796875 0.38671875 0.0390625 0.0390625
0 0.734375 0.38671875 0.0390625 0.0390625
0 0.78125 0.38671875 0.0390625 0.0390625
0 0.86328125 0.38671875 0.0390625 0.0390625
0 0.92578125 0.38671875 0.0390625 0.0390625
0 0.94921875 0.38671875 0.0390625 0.0390625
0 0.96875 0.38671875 0.0390625 0.0390625
0 0.97265625 0.38671875 0.0390625 0.0390625
0 0.94921875 0.390625 0.0390625 0.0390625
0 0.6015625 0.4921875 0.0390625 0.0390625
0 0.62109375 0.4921875 0.0390625 0.0390625
0 0.625 0.4921875 0.0390625 0.0390625
0 0.62109375 0.49609375 0.0390625 0.0390625
0 0.625 0.49609375 0.0390625 0.0390625
0 0.66796875 0.5 0.0390625 0.0390625
0 0.671875 0.5 0.0390625 0.0390625
0 0.69140625 0.5 0.0390625 0.0390625
0 0.7109375 0.5 0.0390625 0.0390625
0 0.734375 0.5 0.0390625 0.0390625
0 0.7578125 0.5 0.0390625 0.0390625
0 0.96875 0.5 0.0390625 0.0390625
0 0.9921875 0.5 0.0390625 0.0390625
0 0.796875 0.50390625 0.0390625 0.0390625
0 0.84375 0.50390625 0.0390625 0.0390625
0 0.84765625 0.50390625 0.0390625 0.0390625
0 0.86328125 0.50390625 0.0390625 0.0390625
0 0.88671875 0.50390625 0.0390625 0.0390625
0 0.90625 0.50390625 0.0390625 0.0390625
0 0.91015625 0.50390625 0.0390625 0.0390625
0 0.92578125 0.50390625 0.0390625 0.0390625
0 0.9453125 0.50390625 0.0390625 0.0390625
0 0.94921875 0.50390625 0.0390625 0.0390625
0 0.30859375 0.52734375 0.0390625 0.0390625
0 0.6015625 0.5625 0.0390625 0.0390625
0 0.625 0.5625 0.0390625 0.0390625
0 0.64453125 0.5625 0.0390625 0.0390625
0 0.6484375 0.5625 0.0390625 0.0390625
0 0.69140625 0.5625 0.0390625 0.0390625
0 0.734375 0.5625 0.0390625 0.0390625
0 0.8203125 0.5625 0.0390625 0.0390625
0 0.90234375 0.5625 0.0390625 0.0390625
0 0.6015625 0.56640625 0.0390625 0.0390625
0 0.66796875 0.56640625 0.0390625 0.0390625
0 0.77734375 0.56640625 0.0390625 0.0390625
0 0.859375 0.56640625 0.0390625 0.0390625
0 0.9453125 0.56640625 0.0390625 0.0390625
0 0.94921875 0.56640625 0.0390625 0.0390625
0 0.9921875 0.56640625 0.0390625 0.0390625
0 0.66796875 0.5703125 0.0390625 0.0390625
0 0.77734375 0.5703125 0.0390625 0.0390625
0 0.859375 0.5703125 0.0390625 0.0390625
0 0.9453125 0.5703125 0.0390625 0.0390625
0 0.94921875 0.5703125 0.0390625 0.0390625
0 0.46484375 0.59375 0.0390625 0.0390625
0 0.46484375 0.6171875 0.0390625 0.0390625
0 0.47265625 0.63671875 0.0390625 0.0390625
0 0.46875 0.66015625 0.0390625 0.0390625
0 0.59765625 0.66796875 0.0390625 0.0390625
0 0.6015625 0.66796875 0.0390625 0.0390625
0 0.625 0.66796875 0.0390625 0.0390625
0 0.34765625 0.67578125 0.0390625 0.0390625
0 0.66796875 0.67578125 0.0390625 0.0390625
0 0.671875 0.67578125 0.0390625 0.0390625
0 0.75390625 0.67578125 0.0390625 0.0390625
0 0.30859375 0.6875 0.0390625 0.0390625
0 0.15234375 0.69921875 0.0390625 0.0390625
0 0.15234375 0.703125 0.0390625 0.0390625
0 0.59765625 0.73046875 0.0390625 0.0390625
0 0.625 0.73046875 0.0390625 0.0390625
0 0.64453125 0.73046875 0.0390625 0.0390625
0 0.625 0.734375 0.0390625 0.0390625
0 0.64453125 0.734375 0.0390625 0.0390625
0 0.69140625 0.73828125 0.0390625 0.0390625
0 0.48828125 0.76953125 0.0390625 0.0390625
0 0.59765625 0.83984375 0.0390625 0.0390625
0 0.6015625 0.83984375 0.0390625 0.0390625
0 0.3046875 0.84375 0.0390625 0.0390625
0 0.73046875 0.84375 0.0390625 0.0390625
0 0.734375 0.84375 0.0390625 0.0390625
0 0.81640625 0.84375 0.0390625 0.0390625
0 0.81640625 0.84765625 0.0390625 0.0390625
0 0.17578125 0.9140625 0.0390625 0.0390625
0 0.1796875 0.9140625 0.0390625 0.0390625
0 0.33984375 0.92578125 0.0390625 0.0390625
0 0.3046875 0.9296875 0.0390625 0.0390625
0 0.30859375 0.9296875 0.0390625 0.0390625
0 0.33984375 0.9921875 0.0390625 0.0390625
0 0.34375 0.9921875 0.0390625 0.0390625
