0 0.0 0.0078125 0.0390625 0.0390625
0 0.046875 0.0078125 0.0390625 0.0390625
0 0.30078125 0.03125 0.0390625 0.0390625
0 0.30078125 0.03515625 0.0390625 0.0390625
0 0.86328125 0.09765625 0.0390625 0.0390625
0 0.44921875 0.10546875 0.0390625 0.0390625
0 0.46875 0.109375 0.0390625 0.0390625
0 0.54296875 0.109375 0.0390625 0.0390625
0 0.6640625 0.109375 0.0390625 0.0390625
0 0.48828125 0.11328125 0.0390625 0.0390625
0 0.50390625 0.11328125 0.0390625 0.0390625
0 0.52734375 0.11328125 0.0390625 0.0390625
0 0.54296875 0.11328125 0.0390625 0.0390625
0 0.68359375 0.11328125 0.0390625 0.0390625
0 0.74609375 0.11328125 0.0390625 0.0390625
0 0.50390625 0.1171875 0.0390625 0.0390625
0 0.04296875 0.125 0.0390625 0.0390625
0 0.01953125 0.12890625 0.0390625 0.0390625
0 0.04296875 0.12890625 0.0390625 0.0390625
0 0.34765625 0.1796875 0.0390625 0.0390625
0 0.296875 0.21484375 0.0390625 0.0390625
0 0.03125 0.21875 0.0390625 0.0390625
0 0.03515625 0.21875 0.0390625 0.0390625
0 0.01171875 0.2265625 0.0390625 0.0390625
0 0.5625 0.25390625 0.0390625 0.0390625
0 0.56640625 0.25390625 0.0390625 0.0390625
0 0.62109375 0.25390625 0.0390625 0.0390625
0 0.5625 0.2578125 0.0390625 0.0390625
0 0.56640625 0.2578125 0.0390625 0.0390625
0 0.796875 0.2578125 0.0390625 0.0390625
0 0.84765625 0.2578125 0.0390625 0.0390625
0 0.44921875 0.34375 0.0390625 0.0390625
0 0.453125 0.34375 0.0390625 0.0390625
0 0.33203125 0.390625 0.0390625 0.0390625
0 0.33203125 0.39453125 0.0390625 0.0390625
0 0.32421875 0.59375 0.0390625 0.0390625
0 0.32421875 0.59765625 0.0390625 0.0390625
0 0.4609375 0.66015625 0.0390625 0.0390625
0 0.46484375 0.66015625 0.0390625 0.0390625
0 0.29296875 0.71875 0.0390625 0.0390625
0 0.3203125 0.77734375 0.0390625 0.0390625
0 0.3203125 0.78125 0.0390625 0.0390625
0 0.04296875 0.78515625 0.0390625 0.0390625
0 0.04296875 0.7890625 0.0390625 0.0390625
0 0.09375 0.796875 0.0390625 0.0390625
0 0.09765625 0.796875 0.0390625 0.0390625
0 0.09375 0.80078125 0.0390625 0.0390625
0 0.09765625 0.80078125 0.0390625 0.0390625
0 0.09375 0.81640625 0.0390625 0.0390625
0 0.09375 0.8203125 0.0390625 0.0390625
0 0.09375 0.8359375 0.0390625 0.0390625
0 0.09375 0.83984375 0.0390625 0.0390625
0 0.08203125 0.8828125 0.0390625 0.0390625
0 0.0859375 0.8828125 0.0390625 0.0390625
0 0.26171875 0.90234375 0.0390625 0.0390625
0 0.26171875 0.90625 0.0390625 0.0390625
0 0.3125 0.9453125 0.0390625 0.0390625
0 0.31640625 0.9453125 0.0390625 0.0390625
0 0.3125 0.94921875 0.0390625 0.0390625
0 0.31640625 0.94921875 0.0390625 0.0390625
0 0.265625 0.96484375 0.0390625 0.0390625
0 0.265625 0.96875 0.0390625 0.0390625
0 0.18359375 0.97265625 0.0390625 0.0390625
