0 0.8679245283018868 0.0 0.06289308176100629 0.0390625
0 0.9056603773584906 0.0 0.06289308176100629 0.0390625
0 0.3018867924528302 0.0390625 0.06289308176100629 0.0390625
0 0.3081761006289308 0.0390625 0.06289308176100629 0.0390625
0 0.3018867924528302 0.04296875 0.06289308176100629 0.0390625
0 0.3081761006289308 0.04296875 0.06289308176100629 0.0390625
0 0.2578616352201258 0.046875 0.06289308176100629 0.0390625
0 0.2641509433962264 0.046875 0.06289308176100629 0.0390625
0 0.8616352201257862 0.046875 0.06289308176100629 0.0390625
0 0.9371069182389937 0.046875 0.06289308176100629 0.0390625
0 0.9433962264150944 0.046875 0.06289308176100629 0.0390625
0 0.8616352201257862 0.05078125 0.06289308176100629 0.0390625
0 0.89937106918239 0.0546875 0.06289308176100629 0.0390625
0 0.9056603773584906 0.0546875 0.06289308176100629 0.0390625
0 0.9622641509433962 0.1171875 0.06289308176100629 0.0390625
0 0.6918238993710691 0.296875 0.06289308176100629 0.0390625
0 0.6981132075471698 0.296875 0.06289308176100629 0.0390625
0 0.8742138364779874 0.34765625 0.06289308176100629 0.0390625
0 0.3836477987421384 0.3671875 0.06289308176100629 0.0390625
0 0.389937106918239 0.3671875 0.06289308176100629 0.0390625
0 0.9433962264150944 0.37109375 0.06289308176100629 0.0390625
0 0.9433962264150944 0.44921875 0.06289308176100629 0.0390625
0 0.949685534591195 0.44921875 0.06289308176100629 0.0390625
0 0.9874213836477987 0.44921875 0.06289308176100629 0.0390625
0 0.9433962264150944 0.453125 0.06289308176100629 0.0390625
0 0.949685534591195 0.453125 0.06289308176100629 0.0390625
0 0.9874213836477987 0.453125 0.06289308176100629 0.0390625
0 0.8679245283018868 0.4921875 0.06289308176100629 0.0390625
0 0.9433962264150944 0.5078125 0.06289308176100629 0.0390625
0 0.9433962264150944 0.51171875 0.06289308176100629 0.0390625
0 0.29559748427672955 0.515625 0.06289308176100629 0.0390625
0 0.9748427672955975 0.515625 0.06289308176100629 0.0390625
0 0.13836477987421383 0.52734375 0.06289308176100629 0.0390625
0 0.14465408805031446 0.52734375 0.06289308176100629 0.0390625
0 0.13836477987421383 0.53125 0.06289308176100629 0.0390625
0 0.14465408805031446 0.53125 0.06289308176100629 0.0390625
0 0.1320754716981132 0.578125 0.06289308176100629 0.0390625
0 0.9811320754716981 0.58203125 0.06289308176100629 0.0390625
0 0.1949685534591195 0.671875 0.06289308176100629 0.0390625
0 0.2893081761006289 0.671875 0.06289308176100629 0.0390625
0 0.3270440251572327 0.671875 0.06289308176100629 0.0390625
0 0.5408805031446541 0.671875 0.06289308176100629 0.0390625
0 0.2893081761006289 0.67578125 0.06289308176100629 0.0390625
0 0.36477987421383645 0.67578125 0.06289308176100629 0.0390625
0 0.5408805031446541 0.67578125 0.06289308176100629 0.0390625
0 0.0880503144654088 0.6796875 0.06289308176100629 0.0390625
0 0.11949685534591195 0.6796875 0.06289308176100629 0.0390625
0 0.15723270440251572 0.6796875 0.06289308176100629 0.0390625
0 0.36477987421383645 0.6796875 0.06289308176100629 0.0390625
0 0.39622641509433965 0.6796875 0.06289308176100629 0.0390625
0 0.9811320754716981 0.6953125 0.06289308176100629 0.0390625
0 0.018867924528301886 0.765625 0.06289308176100629 0.0390625
0 0.018867924528301886 0.76953125 0.06289308176100629 0.0390625
0 0.29559748427672955 0.9765625 0.06289308176100629 0.0390625
0 0.3018867924528302 0.9765625 0.06289308176100629 0.0390625
0 0.22641509433962265 0.98046875 0.06289308176100629 0.0390625
0 0.3333333333333333 0.98046875 0.06289308176100629 0.0390625
0 0.22641509433962265 0.984375 0.06289308176100629 0.0390625
0 0.2641509433962264 0.984375 0.06289308176100629 0.0390625
