0 0.1015625 0.00390625 0.0390625 0.0390625
0 0.10546875 0.00390625 0.0390625 0.0390625
0 0.12890625 0.0078125 0.0390625 0.0390625
0 0.15625 0.0078125 0.0390625 0.0390625
0 0.046875 0.02734375 0.0390625 0.0390625
0 0.10546875 0.078125 0.0390625 0.0390625
0 0.109375 0.078125 0.0390625 0.0390625
0 0.20703125 0.09765625 0.0390625 0.0390625
0 0.1015625 0.13671875 0.0390625 0.0390625
0 0.10546875 0.13671875 0.0390625 0.0390625
0 0.203125 0.13671875 0.0390625 0.0390625
0 0.04296875 0.16796875 0.0390625 0.0390625
0 0.6015625 0.1796875 0.0390625 0.0390625
0 0.203125 0.18359375 0.0390625 0.0390625
0 0.203125 0.1875 0.0390625 0.0390625
0 0.15625 0.1953125 0.0390625 0.0390625
0 0.07421875 0.23046875 0.0390625 0.0390625
0 0.54296875 0.23046875 0.0390625 0.0390625
0 0.56640625 0.234375 0.0390625 0.0390625
0 0.5703125 0.234375 0.0390625 0.0390625
0 0.56640625 0.23828125 0.0390625 0.0390625
0 0.5703125 0.23828125 0.0390625 0.0390625
0 0.1015625 0.265625 0.0390625 0.0390625
0 0.10546875 0.265625 0.0390625 0.0390625
0 0.203125 0.30078125 0.0390625 0.0390625
0 0.203125 0.3046875 0.0390625 0.0390625
0 0.04296875 0.30859375 0.0390625 0.0390625
0 0.12890625 0.33984375 0.0390625 0.0390625
0 0.67578125 0.33984375 0.0390625 0.0390625
0 0.67578125 0.34375 0.0390625 0.0390625
0 0.203125 0.35546875 0.0390625 0.0390625
0 0.15234375 0.37109375 0.0390625 0.0390625
0 0.67578125 0.390625 0.0390625 0.0390625
0 0.203125 0.3984375 0.0390625 0.0390625
0 0.0703125 0.50390625 0.0390625 0.0390625
0 0.12109375 0.5078125 0.0390625 0.0390625
0 0.125 0.5078125 0.0390625 0.0390625
0 0.79296875 0.5703125 0.0390625 0.0390625
0 0.84375 0.5703125 0.0390625 0.0390625
0 0.91796875 0.57421875 0.0390625 0.0390625
0 0.6171875 0.578125 0.0390625 0.0390625
0 0.9140625 0.65234375 0.0390625 0.0390625
0 0.96875 0.65234375 0.0390625 0.0390625
0 0.6953125 0.65625 0.0390625 0.0390625
0 0.9140625 0.65625 0.0390625 0.0390625
0 0.1484375 0.69921875 0.0390625 0.0390625
0 0.15234375 0.69921875 0.0390625 0.0390625
0 0.9140625 0.71875 0.0390625 0.0390625
0 0.91796875 0.71875 0.0390625 0.0390625
0 0.125 0.72265625 0.0390625 0.0390625
0 0.9140625 0.72265625 0.0390625 0.0390625
0 0.91796875 0.72265625 0.0390625 0.0390625
0 0.93359375 0.72265625 0.0390625 0.0390625
0 0.95703125 0.72265625 0.0390625 0.0390625
0 0.98828125 0.7265625 0.0390625 0.0390625
0 0.9921875 0.7265625 0.0390625 0.0390625
0 0.0703125 0.75390625 0.0390625 0.0390625
0 0.0703125 0.7578125 0.0390625 0.0390625
0 0.1484375 0.7890625 0.0390625 0.0390625
0 0.96875 0.8203125 0.0390625 0.0390625
0 0.91015625 0.82421875 0.0390625 0.0390625
0 0.88671875 0.8671875 0.0390625 0.0390625
0 0.88671875 0.87109375 0.0390625 0.0390625
0 0.94140625 0.87109375 0.0390625 0.0390625
0 0.9453125 0.87109375 0.0390625 0.0390625
0 0.94140625 0.875 0.0390625 0.0390625
0 0.9453125 0.875 0.0390625 0.0390625
0 0.5546875 0.90234375 0.0390625 0.0390625
0 0.0 0.96875 0.0390625 0.0390625
0 0.00390625 0.96875 0.0390625 0.0390625
