0 0.35546875 0.006289308176100629 0.0390625 0.06289308176100629
0 0.39453125 0.006289308176100629 0.0390625 0.06289308176100629
0 0.35546875 0.012578616352201259 0.0390625 0.06289308176100629
0 0.39453125 0.012578616352201259 0.0390625 0.06289308176100629
0 0.83984375 0.018867924528301886 0.0390625 0.06289308176100629
0 0.84375 0.018867924528301886 0.0390625 0.06289308176100629
0 0.8828125 0.018867924528301886 0.0390625 0.06289308176100629
0 0.984375 0.018867924528301886 0.0390625 0.06289308176100629
0 0.98828125 0.018867924528301886 0.0390625 0.06289308176100629
0 0.984375 0.025157232704402517 0.0390625 0.06289308176100629
0 0.98828125 0.025157232704402517 0.0390625 0.06289308176100629
0 0.62890625 0.0880503144654088 0.0390625 0.06289308176100629
0 0.59765625 0.09433962264150944 0.0390625 0.06289308176100629
0 0.6640625 0.09433962264150944 0.0390625 0.06289308176100629
0 0.69140625 0.09433962264150944 0.0390625 0.06289308176100629
0 0.6953125 0.09433962264150944 0.0390625 0.06289308176100629
0 0.5234375 0.25157232704402516 0.0390625 0.06289308176100629
0 0.52734375 0.25157232704402516 0.0390625 0.06289308176100629
0 0.5234375 0.2578616352201258 0.0390625 0.06289308176100629
0 0.52734375 0.2578616352201258 0.0390625 0.06289308176100629
0 0.53125 0.41509433962264153 0.0390625 0.06289308176100629
0 0.52734375 0.49056603773584906 0.0390625 0.06289308176100629
0 0.5234375 0.6163522012578616 0.0390625 0.06289308176100629
0 0.5234375 0.6226415094339622 0.0390625 0.06289308176100629
0 0.30078125 0.6981132075471698 0.0390625 0.06289308176100629
0 0.296875 0.7295597484276729 0.0390625 0.06289308176100629
0 0.30078125 0.7295597484276729 0.0390625 0.06289308176100629
0 0.56640625 0.7735849056603774 0.0390625 0.06289308176100629
0 0.2890625 0.7987421383647799 0.0390625 0.06289308176100629
0 0.04296875 0.8050314465408805 0.0390625 0.06289308176100629
0 0.046875 0.8050314465408805 0.0390625 0.06289308176100629
0 0.2890625 0.8050314465408805 0.0390625 0.06289308176100629
0 0.58203125 0.8490566037735849 0.0390625 0.06289308176100629
0 0.43359375 0.8553459119496856 0.0390625 0.06289308176100629
0 0.453125 0.8553459119496856 0.0390625 0.06289308176100629
0 0.4765625 0.8553459119496856 0.0390625 0.06289308176100629
0 0.48046875 0.8553459119496856 0.0390625 0.06289308176100629
0 0.58203125 0.8553459119496856 0.0390625 0.06289308176100629
0 0.4140625 0.8616352201257862 0.0390625 0.06289308176100629
0 0.41796875 0.8616352201257862 0.0390625 0.06289308176100629
0 0.43359375 0.8616352201257862 0.0390625 0.06289308176100629
0 0.4140625 0.8679245283018868 0.0390625 0.06289308176100629
0 0.41796875 0.8679245283018868 0.0390625 0.06289308176100629
0 0.46484375 0.9622641509433962 0.0390625 0.06289308176100629
0 0.46484375 0.9685534591194969 0.0390625 0.06289308176100629
