0 0.8828125 0.0234375 0.0390625 0.0390625
0 0.88671875 0.0234375 0.0390625 0.0390625
0 0.31640625 0.06640625 0.0390625 0.0390625
0 0.453125 0.09375 0.0390625 0.0390625
0 0.4765625 0.09375 0.0390625 0.0390625
0 0.49609375 0.09765625 0.0390625 0.0390625
0 0.5 0.09765625 0.0390625 0.0390625
0 0.51953125 0.09765625 0.0390625 0.0390625
0 0.5234375 0.09765625 0.0390625 0.0390625
0 0.51953125 0.1015625 0.0390625 0.0390625
0 0.5234375 0.1015625 0.0390625 0.0390625
0 0.58203125 0.1015625 0.0390625 0.0390625
0 0.61328125 0.1015625 0.0390625 0.0390625
0 0.640625 0.1015625 0.0390625 0.0390625
0 0.6953125 0.1015625 0.0390625 0.0390625
0 0.71875 0.1015625 0.0390625 0.0390625
0 0.72265625 0.1015625 0.0390625 0.0390625
0 0.75 0.1015625 0.0390625 0.0390625
0 0.6640625 0.10546875 0.0390625 0.0390625
0 0.71875 0.10546875 0.0390625 0.0390625
0 0.72265625 0.10546875 0.0390625 0.0390625
0 0.75 0.10546875 0.0390625 0.0390625
0 0.7734375 0.10546875 0.0390625 0.0390625
0 0.80078125 0.10546875 0.0390625 0.0390625
0 0.33984375 0.12109375 0.0390625 0.0390625
0 0.34375 0.12109375 0.0390625 0.0390625
0 0.359375 0.1484375 0.0390625 0.0390625
0 0.36328125 0.1484375 0.0390625 0.0390625
0 0.6796875 0.1953125 0.0390625 0.0390625
0 0.4453125 0.203125 0.0390625 0.0390625
0 0.50390625 0.2109375 0.0390625 0.0390625
0 0.5078125 0.2109375 0.0390625 0.0390625
0 0.30078125 0.21484375 0.0390625 0.0390625
0 0.3046875 0.21484375 0.0390625 0.0390625
0 0.328125 0.21484375 0.0390625 0.0390625
0 0.3515625 0.21484375 0.0390625 0.0390625
0 0.91796875 0.21484375 0.0390625 0.0390625
0 0.91796875 0.3046875 0.0390625 0.0390625
0 0.9140625 0.35546875 0.0390625 0.0390625
0 0.9140625 0.359375 0.0390625 0.0390625
0 0.91015625 0.453125 0.0390625 0.0390625
0 0.63671875 0.58203125 0.0390625 0.0390625
0 0.63671875 0.5859375 0.0390625 0.0390625
0 0.296875 0.609375 0.0390625 0.0390625
0 0.30078125 0.609375 0.0390625 0.0390625
0 0.296875 0.61328125 0.0390625 0.0390625
0 0.30078125 0.61328125 0.0390625 0.0390625
0 0.515625 0.6171875 0.0390625 0.0390625
0 0.51953125 0.6171875 0.0390625 0.0390625
0 0.07421875 0.6484375 0.0390625 0.0390625
0 0.015625 0.65625 0.0390625 0.0390625
0 0.01953125 0.65625 0.0390625 0.0390625
0 0.4296875 0.66015625 0.0390625 0.0390625
0 0.48046875 0.6640625 0.0390625 0.0390625
0 0.484375 0.6640625 0.0390625 0.0390625
0 0.48046875 0.66796875 0.0390625 0.0390625
0 0.484375 0.66796875 0.0390625 0.0390625
0 0.52734375 0.66796875 0.0390625 0.0390625
0 0.0390625 0.70703125 0.0390625 0.0390625
0 0.0390625 0.7109375 0.0390625 0.0390625
0 0.90625 0.796875 0.0390625 0.0390625
0 0.90625 0.80078125 0.0390625 0.0390625
0 0.12890625 0.8125 0.0390625 0.0390625
0 0.1328125 0.8125 0.0390625 0.0390625
0 0.12890625 0.81640625 0.0390625 0.0390625
0 0.1328125 0.81640625 0.0390625 0.0390625
0 0.01171875 0.8203125 0.0390625 0.0390625
0 0.01171875 0.82421875 0.0390625 0.0390625
0 0.2265625 0.83203125 0.0390625 0.0390625
0 0.1640625 0.83984375 0.0390625 0.0390625
0 0.16796875 0.83984375 0.0390625 0.0390625
0 0.90625 0.84375 0.0390625 0.0390625
0 0.90625 0.84765625 0.0390625 0.0390625
0 0.9609375 0.86328125 0.0390625 0.0390625
0 0.08984375 0.8671875 0.0390625 0.0390625
0 0.1953125 0.93359375 0.0390625 0.0390625
0 0.12109375 0.96484375 0.0390625 0.0390625
