0 0.25157232704402516 0.015625 0.06289308176100629 0.0390625
0 0.1949685534591195 0.046875 0.06289308176100629 0.0390625
0 0.20125786163522014 0.046875 0.06289308176100629 0.0390625
0 0.8364779874213837 0.109375 0.06289308176100629 0.0390625
0 0.8427672955974843 0.109375 0.06289308176100629 0.0390625
0 0.3584905660377358 0.12109375 0.06289308176100629 0.0390625
0 0.36477987421383645 0.12109375 0.06289308176100629 0.0390625
0 0.8616352201257862 0.14453125 0.06289308176100629 0.0390625
0 0.8679245283018868 0.14453125 0.06289308176100629 0.0390625
0 0.18867924528301888 0.15625 0.06289308176100629 0.0390625
0 0.18238993710691823 0.19921875 0.06289308176100629 0.0390625
0 0.18867924528301888 0.19921875 0.06289308176100629 0.0390625
0 0.3522012578616352 0.21484375 0.06289308176100629 0.0390625
0 0.3522012578616352 0.21875 0.06289308176100629 0.0390625
0 0.18867924528301888 0.25390625 0.06289308176100629 0.0390625
0 0.18867924528301888 0.2578125 0.06289308176100629 0.0390625
0 0.89937106918239 0.265625 0.06289308176100629 0.0390625
0 0.18238993710691823 0.30078125 0.06289308176100629 0.0390625
0 0.3522012578616352 0.36328125 0.06289308176100629 0.0390625
0 0.24528301886792453 0.41796875 0.06289308176100629 0.0390625
0 0.07547169811320754 0.7109375 0.06289308176100629 0.0390625
0 0.08176100628930817 0.7109375 0.06289308176100629 0.0390625
0 0.9748427672955975 0.7265625 0.06289308176100629 0.0390625
0 0.8113207547169812 0.7890625 0.06289308176100629 0.0390625
0 0.18238993710691823 0.890625 0.06289308176100629 0.0390625
0 0.18238993710691823 0.89453125 0.06289308176100629 0.0390625
0 0.7861635220125787 0.94921875 0.06289308176100629 0.0390625
