0 0.65234375 0.0703125 0.0390625 0.0390625
0 0.96875 0.109375 0.0390625 0.0390625
0 0.96875 0.12890625 0.0390625 0.0390625
0 0.96875 0.1328125 0.0390625 0.0390625
0 0.6484375 0.26953125 0.0390625 0.0390625
0 0.64453125 0.3828125 0.0390625 0.0390625
0 0.6484375 0.3828125 0.0390625 0.0390625
0 0.34765625 0.421875 0.0390625 0.0390625
0 0.28125 0.42578125 0.0390625 0.0390625
0 0.34765625 0.42578125 0.0390625 0.0390625
0 0.3125 0.4296875 0.0390625 0.0390625
0 0.31640625 0.4296875 0.0390625 0.0390625
0 0.99609375 0.44140625 0.0390625 0.0390625
0 0.99609375 0.4453125 0.0390625 0.0390625
0 0.99609375 0.46875 0.0390625 0.0390625
0 0.6484375 0.4765625 0.0390625 0.0390625
0 0.6484375 0.5234375 0.0390625 0.0390625
0 0.6484375 0.52734375 0.0390625 0.0390625
0 0.9921875 0.5703125 0.0390625 0.0390625
0 0.9921875 0.59765625 0.0390625 0.0390625
0 0.29296875 0.62109375 0.0390625 0.0390625
0 0.29296875 0.625 0.0390625 0.0390625
0 0.3125 0.625 0.0390625 0.0390625
0 0.3359375 0.625 0.0390625 0.0390625
0 0.36328125 0.625 0.0390625 0.0390625
0 0.3671875 0.625 0.0390625 0.0390625
0 0.36328125 0.62890625 0.0390625 0.0390625
0 0.3671875 0.62890625 0.0390625 0.0390625
0 0.98828125 0.640625 0.0390625 0.0390625
0 0.41015625 0.64453125 0.0390625 0.0390625
0 0.4140625 0.64453125 0.0390625 0.0390625
0 0.41015625 0.6484375 0.0390625 0.0390625
0 0.4140625 0.6484375 0.0390625 0.0390625
0 0.18359375 0.7578125 0.0390625 0.0390625
0 0.1875 0.7578125 0.0390625 0.0390625
0 0.2109375 0.7578125 0.0390625 0.0390625
0 0.75390625 0.77734375 0.0390625 0.0390625
0 0.83984375 0.77734375 0.0390625 0.0390625
0 0.84375 0.77734375 0.0390625 0.0390625
0 0.86328125 0.77734375 0.0390625 0.0390625
0 0.9453125 0.77734375 0.0390625 0.0390625
0 0.25390625 0.78125 0.0390625 0.0390625
0 0.2578125 0.78125 0.0390625 0.0390625
0 0.75390625 0.78125 0.0390625 0.0390625
0 0.88671875 0.78125 0.0390625 0.0390625
0 0.9453125 0.78125 0.0390625 0.0390625
0 0.97265625 0.78125 0.0390625 0.0390625
0 0.9765625 0.78125 0.0390625 0.0390625
0 0.97265625 0.78515625 0.0390625 0.0390625
0 0.9765625 0.78515625 0.0390625 0.0390625
0 0.2578125 0.8046875 0.0390625 0.0390625
0 0.25390625 0.8671875 0.0390625 0.0390625
0 0.2578125 0.8671875 0.0390625 0.0390625
0 0.8203125 0.87109375 0.0390625 0.0390625
0 0.34765625 0.875 0.0390625 0.0390625
0 0.3515625 0.875 0.0390625 0.0390625
0 0.64453125 0.875 0.0390625 0.0390625
0 0.64453125 0.87890625 0.0390625 0.0390625
0 0.49609375 0.8828125 0.0390625 0.0390625
0 0.5 0.8828125 0.0390625 0.0390625
0 0.25390625 0.89453125 0.0390625 0.0390625
0 0.82421875 0.91796875 0.0390625 0.0390625
0 0.25 0.9296875 0.0390625 0.0390625
0 0.35546875 0.95703125 0.0390625 0.0390625
0 0.359375 0.95703125 0.0390625 0.0390625
0 0.4921875 0.95703125 0.0390625 0.0390625
0 0.49609375 0.95703125 0.0390625 0.0390625
0 0.35546875 0.9765625 0.0390625 0.0390625
0 0.640625 0.984375 0.0390625 0.0390625
