0 0.76953125 0.046875 0.0390625 0.0390625
0 0.1015625 0.1171875 0.0390625 0.0390625
0 0.97265625 0.140625 0.0390625 0.0390625
0 0.9765625 0.1640625 0.0390625 0.0390625
0 0.6171875 0.2578125 0.0390625 0.0390625
0 0.21875 0.28515625 0.0390625 0.0390625
0 0.22265625 0.28515625 0.0390625 0.0390625
0 0.08984375 0.2890625 0.0390625 0.0390625
0 0.43359375 0.3046875 0.0390625 0.0390625
0 0.43359375 0.30859375 0.0390625 0.0390625
0 0.00390625 0.33203125 0.0390625 0.0390625
0 0.33984375 0.3359375 0.0390625 0.0390625
0 0.86328125 0.37890625 0.0390625 0.0390625
0 0.8515625 0.47265625 0.0390625 0.0390625
0 0.85546875 0.47265625 0.0390625 0.0390625
0 0.85546875 0.5234375 0.0390625 0.0390625
0 0.859375 0.5234375 0.0390625 0.0390625
0 0.71484375 0.53515625 0.0390625 0.0390625
0 0.71484375 0.59765625 0.0390625 0.0390625
0 0.71484375 0.625 0.0390625 0.0390625
0 0.7109375 0.65625 0.0390625 0.0390625
0 0.71484375 0.65625 0.0390625 0.0390625
0 0.7109375 0.66015625 0.0390625 0.0390625
0 0.71484375 0.66015625 0.0390625 0.0390625
0 0.9921875 0.67578125 0.0390625 0.0390625
0 0.93359375 0.6796875 0.0390625 0.0390625
0 0.71875 0.71484375 0.0390625 0.0390625
0 0.890625 0.7578125 0.0390625 0.0390625
0 0.88671875 0.85546875 0.0390625 0.0390625
0 0.88671875 0.859375 0.0390625 0.0390625
0 0.7109375 0.9453125 0.0390625 0.0390625
