0 0.71875 0.00390625 0.0390625 0.0390625
0 0.72265625 0.00390625 0.0390625 0.0390625
0 0.96875 0.04296875 0.0390625 0.0390625
0 0.8359375 0.10546875 0.0390625 0.0390625
0 0.8359375 0.109375 0.0390625 0.0390625
0 0.04296875 0.578125 0.0390625 0.0390625
0 0.046875 0.578125 0.0390625 0.0390625
0 0.21875 0.578125 0.0390625 0.0390625
0 0.36328125 0.578125 0.0390625 0.0390625
0 0.41796875 0.578125 0.0390625 0.0390625
0 0.4921875 0.578125 0.0390625 0.0390625
0 0.36328125 0.58203125 0.0390625 0.0390625
0 0.41796875 0.58203125 0.0390625 0.0390625
0 0.4921875 0.58203125 0.0390625 0.0390625
0 0.1640625 0.625 0.0390625 0.0390625
0 0.875 0.625 0.0390625 0.0390625
0 0.87890625 0.625 0.0390625 0.0390625
0 0.37890625 0.66015625 0.0390625 0.0390625
0 0.37890625 0.6640625 0.0390625 0.0390625
0 0.984375 0.94921875 0.0390625 0.0390625
0 0.46484375 0.953125 0.0390625 0.0390625
0 0.46484375 0.97265625 0.0390625 0.0390625
0 0.7734375 0.98046875 0.0390625 0.0390625
0 0.77734375 0.98046875 0.0390625 0.0390625
0 0.46484375 0.9921875 0.0390625 0.0390625
0 0.46484375 0.99609375 0.0390625 0.0390625
0 0.98046875 0.99609375 0.0390625 0.0390625
0 0.984375 0.99609375 0.0390625 0.0390625
