0 0.2109375 0.1796875 0.0390625 0.0390625
0 0.26953125 0.1796875 0.0390625 0.0390625
0 0.40625 0.1796875 0.0390625 0.0390625
0 0.44921875 0.1796875 0.0390625 0.0390625
0 0.453125 0.1796875 0.0390625 0.0390625
0 0.26953125 0.18359375 0.0390625 0.0390625
0 0.40625 0.18359375 0.0390625 0.0390625
0 0.44921875 0.18359375 0.0390625 0.0390625
0 0.453125 0.18359375 0.0390625 0.0390625
0 0.65625 0.18359375 0.0390625 0.0390625
0 0.66015625 0.18359375 0.0390625 0.0390625
0 0.703125 0.18359375 0.0390625 0.0390625
0 0.75 0.18359375 0.0390625 0.0390625
0 0.75390625 0.18359375 0.0390625 0.0390625
0 0.85546875 0.18359375 0.0390625 0.0390625
0 0.79296875 0.1875 0.0390625 0.0390625
0 0.79296875 0.19140625 0.0390625 0.0390625
0 0.30078125 0.2578125 0.0390625 0.0390625
0 0.34765625 0.2578125 0.0390625 0.0390625
0 0.203125 0.26171875 0.0390625 0.0390625
0 0.25 0.26171875 0.0390625 0.0390625
0 0.34765625 0.26171875 0.0390625 0.0390625
0 0.24609375 0.3359375 0.0390625 0.0390625
0 0.265625 0.3359375 0.0390625 0.0390625
0 0.26953125 0.3359375 0.0390625 0.0390625
0 0.328125 0.3359375 0.0390625 0.0390625
0 0.37109375 0.3359375 0.0390625 0.0390625
0 0.3984375 0.33984375 0.0390625 0.0390625
0 0.3984375 0.34375 0.0390625 0.0390625
0 0.203125 0.34765625 0.0390625 0.0390625
0 0.5078125 0.41796875 0.0390625 0.0390625
0 0.51171875 0.41796875 0.0390625 0.0390625
0 0.5078125 0.44140625 0.0390625 0.0390625
0 0.51171875 0.44140625 0.0390625 0.0390625
0 0.5234375 0.69921875 0.0390625 0.0390625
0 0.53515625 0.72265625 0.0390625 0.0390625
0 0.51953125 0.765625 0.0390625 0.0390625
0 0.5234375 0.765625 0.0390625 0.0390625
0 0.51171875 0.96875 0.0390625 0.0390625
0 0.51171875 0.9921875 0.0390625 0.0390625
0 0.515625 0.9921875 0.0390625 0.0390625
