0 0.42578125 0.1953125 0.0390625 0.0390625
0 0.27734375 0.203125 0.0390625 0.0390625
0 0.28125 0.203125 0.0390625 0.0390625
0 0.30078125 0.203125 0.0390625 0.0390625
0 0.3046875 0.203125 0.0390625 0.0390625
0 0.34375 0.203125 0.0390625 0.0390625
0 0.36328125 0.203125 0.0390625 0.0390625
0 0.140625 0.2109375 0.0390625 0.0390625
0 0.29296875 0.2421875 0.0390625 0.0390625
0 0.296875 0.2421875 0.0390625 0.0390625
0 0.40625 0.25390625 0.0390625 0.0390625
0 0.5390625 0.25390625 0.0390625 0.0390625
0 0.578125 0.25390625 0.0390625 0.0390625
0 0.58203125 0.25390625 0.0390625 0.0390625
0 0.47265625 0.2578125 0.0390625 0.0390625
0 0.4921875 0.2578125 0.0390625 0.0390625
0 0.49609375 0.2578125 0.0390625 0.0390625
0 0.515625 0.2578125 0.0390625 0.0390625
0 0.5390625 0.2578125 0.0390625 0.0390625
0 0.55859375 0.2578125 0.0390625 0.0390625
0 0.5625 0.2578125 0.0390625 0.0390625
0 0.6015625 0.2578125 0.0390625 0.0390625
0 0.60546875 0.2578125 0.0390625 0.0390625
0 0.625 0.2578125 0.0390625 0.0390625
0 0.47265625 0.26171875 0.0390625 0.0390625
0 0.6015625 0.26171875 0.0390625 0.0390625
0 0.60546875 0.26171875 0.0390625 0.0390625
0 0.66796875 0.26171875 0.0390625 0.0390625
0 0.3046875 0.265625 0.0390625 0.0390625
0 0.29296875 0.28515625 0.0390625 0.0390625
0 0.296875 0.28515625 0.0390625 0.0390625
0 0.359375 0.2890625 0.0390625 0.0390625
0 0.29296875 0.3046875 0.0390625 0.0390625
0 0.296875 0.3046875 0.0390625 0.0390625
0 0.35546875 0.30859375 0.0390625 0.0390625
0 0.359375 0.30859375 0.0390625 0.0390625
0 0.10546875 0.3203125 0.0390625 0.0390625
0 0.109375 0.3203125 0.0390625 0.0390625
0 0.12890625 0.32421875 0.0390625 0.0390625
0 0.15234375 0.32421875 0.0390625 0.0390625
0 0.15625 0.32421875 0.0390625 0.0390625
0 0.17578125 0.32421875 0.0390625 0.0390625
0 0.19921875 0.32421875 0.0390625 0.0390625
0 0.17578125 0.328125 0.0390625 0.0390625
0 0.29296875 0.328125 0.0390625 0.0390625
0 0.35546875 0.328125 0.0390625 0.0390625
0 0.359375 0.328125 0.0390625 0.0390625
0 0.5625 0.328125 0.0390625 0.0390625
0 0.60546875 0.328125 0.0390625 0.0390625
0 0.48046875 0.33203125 0.0390625 0.0390625
0 0.60546875 0.33203125 0.0390625 0.0390625
0 0.2890625 0.34765625 0.0390625 0.0390625
0 0.48046875 0.34765625 0.0390625 0.0390625
0 0.5625 0.34765625 0.0390625 0.0390625
0 0.48046875 0.3515625 0.0390625 0.0390625
0 0.609375 0.3515625 0.0390625 0.0390625
0 0.703125 0.35546875 0.0390625 0.0390625
0 0.109375 0.36328125 0.0390625 0.0390625
0 0.109375 0.3671875 0.0390625 0.0390625
0 0.17578125 0.3671875 0.0390625 0.0390625
0 0.1796875 0.3671875 0.0390625 0.0390625
0 0.60546875 0.3671875 0.0390625 0.0390625
0 0.17578125 0.37109375 0.0390625 0.0390625
0 0.1796875 0.37109375 0.0390625 0.0390625
0 0.2890625 0.37109375 0.0390625 0.0390625
0 0.29296875 0.37109375 0.0390625 0.0390625
0 0.56640625 0.37109375 0.0390625 0.0390625
0 0.60546875 0.37109375 0.0390625 0.0390625
0 0.48046875 0.375 0.0390625 0.0390625
0 0.703125 0.3828125 0.0390625 0.0390625
0 0.29296875 0.390625 0.0390625 0.0390625
0 0.47265625 0.390625 0.0390625 0.0390625
0 0.43359375 0.39453125 0.0390625 0.0390625
0 0.47265625 0.39453125 0.0390625 0.0390625
0 0.6015625 0.39453125 0.0390625 0.0390625
0 0.69921875 0.3984375 0.0390625 0.0390625
0 0.28515625 0.41015625 0.0390625 0.0390625
0 0.2890625 0.41015625 0.0390625 0.0390625
0 0.28515625 0.4140625 0.0390625 0.0390625
0 0.2890625 0.4140625 0.0390625 0.0390625
0 0.47265625 0.4140625 0.0390625 0.0390625
0 0.4765625 0.4140625 0.0390625 0.0390625
0 0.6015625 0.4140625 0.0390625 0.0390625
0 0.60546875 0.4140625 0.0390625 0.0390625
0 0.55859375 0.41796875 0.0390625 0.0390625
0 0.5625 0.41796875 0.0390625 0.0390625
0 0.69921875 0.421875 0.0390625 0.0390625
0 0.43359375 0.43359375 0.0390625 0.0390625
0 0.47265625 0.43359375 0.0390625 0.0390625
0 0.5625 0.43359375 0.0390625 0.0390625
0 0.6015625 0.43359375 0.0390625 0.0390625
0 0.2890625 0.4375 0.0390625 0.0390625
0 0.29296875 0.4375 0.0390625 0.0390625
0 0.5625 0.4375 0.0390625 0.0390625
0 0.6953125 0.4453125 0.0390625 0.0390625
0 0.69921875 0.4453125 0.0390625 0.0390625
0 0.43359375 0.453125 0.0390625 0.0390625
0 0.47265625 0.453125 0.0390625 0.0390625
0 0.4765625 0.453125 0.0390625 0.0390625
0 0.56640625 0.453125 0.0390625 0.0390625
0 0.60546875 0.453125 0.0390625 0.0390625
0 0.2890625 0.45703125 0.0390625 0.0390625
0 0.60546875 0.45703125 0.0390625 0.0390625
0 0.69921875 0.46484375 0.0390625 0.0390625
0 0.43359375 0.4765625 0.0390625 0.0390625
0 0.47265625 0.4765625 0.0390625 0.0390625
0 0.5625 0.4765625 0.0390625 0.0390625
0 0.56640625 0.4765625 0.0390625 0.0390625
0 0.609375 0.4765625 0.0390625 0.0390625
0 0.69921875 0.48828125 0.0390625 0.0390625
0 0.5625 0.4921875 0.0390625 0.0390625
0 0.60546875 0.4921875 0.0390625 0.0390625
0 0.609375 0.4921875 0.0390625 0.0390625
0 0.3515625 0.49609375 0.0390625 0.0390625
0 0.47265625 0.49609375 0.0390625 0.0390625
0 0.5625 0.49609375 0.0390625 0.0390625
0 0.17578125 0.5078125 0.0390625 0.0390625
0 0.05859375 0.515625 0.0390625 0.0390625
0 0.0625 0.515625 0.0390625 0.0390625
0 0.05859375 0.51953125 0.0390625 0.0390625
0 0.0625 0.51953125 0.0390625 0.0390625
0 0.08203125 0.5234375 0.0390625 0.0390625
0 0.0859375 0.5234375 0.0390625 0.0390625
0 0.34375 0.54296875 0.0390625 0.0390625
0 0.640625 0.578125 0.0390625 0.0390625
0 0.46875 0.58203125 0.0390625 0.0390625
0 0.48828125 0.58203125 0.0390625 0.0390625
0 0.4921875 0.58203125 0.0390625 0.0390625
0 0.51171875 0.58203125 0.0390625 0.0390625
0 0.53125 0.58203125 0.0390625 0.0390625
0 0.5546875 0.58203125 0.0390625 0.0390625
0 0.6171875 0.58203125 0.0390625 0.0390625
0 0.62109375 0.58203125 0.0390625 0.0390625
0 0.640625 0.58203125 0.0390625 0.0390625
0 0.6640625 0.58203125 0.0390625 0.0390625
0 0.421875 0.5859375 0.0390625 0.0390625
0 0.42578125 0.5859375 0.0390625 0.0390625
0 0.46875 0.5859375 0.0390625 0.0390625
0 0.51171875 0.5859375 0.0390625 0.0390625
0 0.5546875 0.5859375 0.0390625 0.0390625
0 0.59375 0.5859375 0.0390625 0.0390625
0 0.6171875 0.5859375 0.0390625 0.0390625
0 0.62109375 0.5859375 0.0390625 0.0390625
0 0.6640625 0.5859375 0.0390625 0.0390625
0 0.68359375 0.5859375 0.0390625 0.0390625
0 0.8828125 0.60546875 0.0390625 0.0390625
0 0.8828125 0.609375 0.0390625 0.0390625
0 0.20703125 0.65625 0.0390625 0.0390625
0 0.08203125 0.66015625 0.0390625 0.0390625
0 0.0859375 0.66015625 0.0390625 0.0390625
0 0.3359375 0.66015625 0.0390625 0.0390625
0 0.39453125 0.66015625 0.0390625 0.0390625
0 0.44921875 0.66015625 0.0390625 0.0390625
0 0.51171875 0.66015625 0.0390625 0.0390625
0 0.56640625 0.66015625 0.0390625 0.0390625
0 0.5703125 0.66015625 0.0390625 0.0390625
0 0.08203125 0.6640625 0.0390625 0.0390625
0 0.0859375 0.6640625 0.0390625 0.0390625
0 0.26953125 0.6640625 0.0390625 0.0390625
0 0.3359375 0.6640625 0.0390625 0.0390625
0 0.39453125 0.6640625 0.0390625 0.0390625
0 0.44921875 0.6640625 0.0390625 0.0390625
0 0.6328125 0.66796875 0.0390625 0.0390625
0 0.88671875 0.734375 0.0390625 0.0390625
0 0.35546875 0.74609375 0.0390625 0.0390625
0 0.43359375 0.74609375 0.0390625 0.0390625
0 0.35546875 0.75 0.0390625 0.0390625
0 0.43359375 0.75 0.0390625 0.0390625
0 0.46484375 0.75 0.0390625 0.0390625
0 0.46875 0.75 0.0390625 0.0390625
0 0.50390625 0.75 0.0390625 0.0390625
0 0.54296875 0.75 0.0390625 0.0390625
0 0.828125 0.75 0.0390625 0.0390625
0 0.3125 0.75390625 0.0390625 0.0390625
0 0.390625 0.75390625 0.0390625 0.0390625
0 0.46484375 0.75390625 0.0390625 0.0390625
0 0.46875 0.75390625 0.0390625 0.0390625
0 0.54296875 0.75390625 0.0390625 0.0390625
0 0.19921875 0.7890625 0.0390625 0.0390625
0 0.45703125 0.7890625 0.0390625 0.0390625
0 0.609375 0.7890625 0.0390625 0.0390625
0 0.19921875 0.79296875 0.0390625 0.0390625
0 0.22265625 0.79296875 0.0390625 0.0390625
0 0.43359375 0.79296875 0.0390625 0.0390625
0 0.4375 0.79296875 0.0390625 0.0390625
0 0.45703125 0.79296875 0.0390625 0.0390625
0 0.5 0.79296875 0.0390625 0.0390625
0 0.51953125 0.79296875 0.0390625 0.0390625
0 0.5234375 0.79296875 0.0390625 0.0390625
0 0.609375 0.79296875 0.0390625 0.0390625
0 0.62890625 0.79296875 0.0390625 0.0390625
0 0.140625 0.796875 0.0390625 0.0390625
0 0.17578125 0.796875 0.0390625 0.0390625
0 0.1796875 0.796875 0.0390625 0.0390625
0 0.265625 0.796875 0.0390625 0.0390625
0 0.3046875 0.796875 0.0390625 0.0390625
0 0.34765625 0.796875 0.0390625 0.0390625
0 0.39453125 0.796875 0.0390625 0.0390625
0 0.5 0.796875 0.0390625 0.0390625
0 0.5859375 0.796875 0.0390625 0.0390625
0 0.17578125 0.80078125 0.0390625 0.0390625
0 0.1796875 0.80078125 0.0390625 0.0390625
0 0.56640625 0.80078125 0.0390625 0.0390625
0 0.5859375 0.80078125 0.0390625 0.0390625
0 0.56640625 0.8046875 0.0390625 0.0390625
0 0.87890625 0.8203125 0.0390625 0.0390625
0 0.17578125 0.87890625 0.0390625 0.0390625
0 0.22265625 0.87890625 0.0390625 0.0390625
0 0.67578125 0.87890625 0.0390625 0.0390625
0 0.87890625 0.87890625 0.0390625 0.0390625
0 0.1328125 0.8828125 0.0390625 0.0390625
0 0.15234375 0.8828125 0.0390625 0.0390625
0 0.22265625 0.8828125 0.0390625 0.0390625
0 0.26171875 0.8828125 0.0390625 0.0390625
0 0.67578125 0.8828125 0.0390625 0.0390625
0 0.87890625 0.8828125 0.0390625 0.0390625
0 0.08984375 0.88671875 0.0390625 0.0390625
0 0.23828125 0.88671875 0.0390625 0.0390625
0 0.2421875 0.88671875 0.0390625 0.0390625
0 0.26171875 0.88671875 0.0390625 0.0390625
0 0.28515625 0.88671875 0.0390625 0.0390625
0 0.3046875 0.88671875 0.0390625 0.0390625
0 0.328125 0.890625 0.0390625 0.0390625
0 0.328125 0.89453125 0.0390625 0.0390625
0 0.34765625 0.89453125 0.0390625 0.0390625
0 0.3671875 0.89453125 0.0390625 0.0390625
0 0.37109375 0.89453125 0.0390625 0.0390625
0 0.34765625 0.8984375 0.0390625 0.0390625
0 0.3671875 0.8984375 0.0390625 0.0390625
0 0.37109375 0.8984375 0.0390625 0.0390625
0 0.390625 0.8984375 0.0390625 0.0390625
0 0.39453125 0.8984375 0.0390625 0.0390625
0 0.4140625 0.8984375 0.0390625 0.0390625
0 0.41796875 0.8984375 0.0390625 0.0390625
0 0.4765625 0.8984375 0.0390625 0.0390625
0 0.4921875 0.8984375 0.0390625 0.0390625
0 0.49609375 0.8984375 0.0390625 0.0390625
0 0.5859375 0.8984375 0.0390625 0.0390625
0 0.58984375 0.8984375 0.0390625 0.0390625
0 0.45703125 0.90234375 0.0390625 0.0390625
0 0.4765625 0.90234375 0.0390625 0.0390625
0 0.51953125 0.90234375 0.0390625 0.0390625
0 0.5390625 0.90234375 0.0390625 0.0390625
0 0.5625 0.90234375 0.0390625 0.0390625
0 0.67578125 0.90234375 0.0390625 0.0390625
0 0.45703125 0.90625 0.0390625 0.0390625
0 0.19921875 0.91796875 0.0390625 0.0390625
0 0.06640625 0.921875 0.0390625 0.0390625
0 0.11328125 0.921875 0.0390625 0.0390625
0 0.1171875 0.921875 0.0390625 0.0390625
0 0.1328125 0.921875 0.0390625 0.0390625
0 0.15234375 0.921875 0.0390625 0.0390625
0 0.15625 0.921875 0.0390625 0.0390625
0 0.21875 0.921875 0.0390625 0.0390625
0 0.68359375 0.921875 0.0390625 0.0390625
0 0.26171875 0.92578125 0.0390625 0.0390625
0 0.3046875 0.92578125 0.0390625 0.0390625
0 0.26171875 0.9296875 0.0390625 0.0390625
0 0.28125 0.9296875 0.0390625 0.0390625
0 0.3046875 0.9296875 0.0390625 0.0390625
0 0.32421875 0.9296875 0.0390625 0.0390625
0 0.328125 0.9296875 0.0390625 0.0390625
0 0.34765625 0.93359375 0.0390625 0.0390625
0 0.3671875 0.93359375 0.0390625 0.0390625
0 0.37109375 0.93359375 0.0390625 0.0390625
0 0.51953125 0.9375 0.0390625 0.0390625
0 0.5859375 0.9375 0.0390625 0.0390625
0 0.390625 0.94140625 0.0390625 0.0390625
0 0.4140625 0.94140625 0.0390625 0.0390625
0 0.4765625 0.94140625 0.0390625 0.0390625
0 0.49609375 0.94140625 0.0390625 0.0390625
0 0.5625 0.94140625 0.0390625 0.0390625
0 0.5859375 0.94140625 0.0390625 0.0390625
0 0.43359375 0.9453125 0.0390625 0.0390625
0 0.453125 0.9453125 0.0390625 0.0390625
0 0.4765625 0.9453125 0.0390625 0.0390625
0 0.54296875 0.9453125 0.0390625 0.0390625
0 0.6796875 0.9453125 0.0390625 0.0390625
0 0.67578125 0.96875 0.0390625 0.0390625
0 0.6796875 0.96875 0.0390625 0.0390625
0 0.6796875 0.98828125 0.0390625 0.0390625
0 0.109375 0.99609375 0.0390625 0.0390625
