0 0.94921875 0.0234375 0.0390625 0.0390625
0 0.9453125 0.06640625 0.0390625 0.0390625
0 0.94921875 0.06640625 0.0390625 0.0390625
0 0.94921875 0.10546875 0.0390625 0.0390625
0 0.94921875 0.125 0.0390625 0.0390625
0 0.94921875 0.12890625 0.0390625 0.0390625
0 0.9453125 0.1484375 0.0390625 0.0390625
0 0.94921875 0.1640625 0.0390625 0.0390625
0 0.94921875 0.1875 0.0390625 0.0390625
0 0.9453125 0.20703125 0.0390625 0.0390625
0 0.9453125 0.2109375 0.0390625 0.0390625
0 0.9453125 0.23046875 0.0390625 0.0390625
0 0.9453125 0.3125 0.0390625 0.0390625
0 0.9453125 0.3515625 0.0390625 0.0390625
0 0.9453125 0.35546875 0.0390625 0.0390625
0 0.984375 0.41015625 0.0390625 0.0390625
0 0.984375 0.4140625 0.0390625 0.0390625
0 0.9453125 0.859375 0.0390625 0.0390625
0 0.9453125 0.86328125 0.0390625 0.0390625
0 0.00390625 0.93359375 0.0390625 0.0390625
0 0.0078125 0.93359375 0.0390625 0.0390625
0 0.02734375 0.93359375 0.0390625 0.0390625
0 0.05078125 0.93359375 0.0390625 0.0390625
0 0.08984375 0.93359375 0.0390625 0.0390625
0 0.07421875 0.9375 0.0390625 0.0390625
