0 0.44921875 0.05078125 0.0390625 0.0390625
0 0.453125 0.05078125 0.0390625 0.0390625
0 0.44921875 0.0546875 0.0390625 0.0390625
0 0.453125 0.0546875 0.0390625 0.0390625
0 0.09375 0.13671875 0.0390625 0.0390625
0 0.76953125 0.140625 0.0390625 0.0390625
0 0.796875 0.140625 0.0390625 0.0390625
0 0.82421875 0.140625 0.0390625 0.0390625
0 0.84765625 0.140625 0.0390625 0.0390625
0 0.8515625 0.140625 0.0390625 0.0390625
0 0.8828125 0.140625 0.0390625 0.0390625
0 0.91015625 0.140625 0.0390625 0.0390625
0 0.9453125 0.140625 0.0390625 0.0390625
0 0.97265625 0.140625 0.0390625 0.0390625
0 0.54296875 0.16796875 0.0390625 0.0390625
0 0.54296875 0.171875 0.0390625 0.0390625
0 0.69140625 0.18359375 0.0390625 0.0390625
0 0.8671875 0.18359375 0.0390625 0.0390625
0 0.74609375 0.1875 0.0390625 0.0390625
0 0.75 0.1875 0.0390625 0.0390625
0 0.80078125 0.1875 0.0390625 0.0390625
0 0.8671875 0.1875 0.0390625 0.0390625
0 0.93359375 0.1875 0.0390625 0.0390625
0 0.9375 0.1875 0.0390625 0.0390625
0 0.99609375 0.1875 0.0390625 0.0390625
0 0.68359375 0.2109375 0.0390625 0.0390625
0 0.2421875 0.27734375 0.0390625 0.0390625
0 0.24609375 0.27734375 0.0390625 0.0390625
0 0.3046875 0.28125 0.0390625 0.0390625
0 0.0703125 0.3125 0.0390625 0.0390625
0 0.0703125 0.31640625 0.0390625 0.0390625
0 0.19140625 0.31640625 0.0390625 0.0390625
0 0.1953125 0.31640625 0.0390625 0.0390625
0 0.04296875 0.3203125 0.0390625 0.0390625
0 0.140625 0.32421875 0.0390625 0.0390625
0 0.8984375 0.32421875 0.0390625 0.0390625
0 0.90234375 0.32421875 0.0390625 0.0390625
0 0.8203125 0.328125 0.0390625 0.0390625
0 0.84375 0.328125 0.0390625 0.0390625
0 0.8984375 0.328125 0.0390625 0.0390625
0 0.90234375 0.328125 0.0390625 0.0390625
0 0.7578125 0.33203125 0.0390625 0.0390625
0 0.76171875 0.33203125 0.0390625 0.0390625
0 0.79296875 0.33203125 0.0390625 0.0390625
0 0.84375 0.33203125 0.0390625 0.0390625
0 0.875 0.33203125 0.0390625 0.0390625
0 0.5859375 0.3359375 0.0390625 0.0390625
0 0.375 0.44140625 0.0390625 0.0390625
0 0.50390625 0.46875 0.0390625 0.0390625
0 0.5078125 0.46875 0.0390625 0.0390625
0 0.375 0.50390625 0.0390625 0.0390625
0 0.5625 0.50390625 0.0390625 0.0390625
0 0.5625 0.5078125 0.0390625 0.0390625
0 0.375 0.546875 0.0390625 0.0390625
0 0.37890625 0.546875 0.0390625 0.0390625
0 0.375 0.59765625 0.0390625 0.0390625
0 0.375 0.64453125 0.0390625 0.0390625
0 0.375 0.6484375 0.0390625 0.0390625
0 0.37109375 0.6953125 0.0390625 0.0390625
0 0.375 0.6953125 0.0390625 0.0390625
0 0.55859375 0.703125 0.0390625 0.0390625
0 0.4609375 0.71875 0.0390625 0.0390625
0 0.46484375 0.71875 0.0390625 0.0390625
0 0.5234375 0.75390625 0.0390625 0.0390625
0 0.58203125 0.76171875 0.0390625 0.0390625
0 0.37109375 0.76953125 0.0390625 0.0390625
0 0.375 0.76953125 0.0390625 0.0390625
0 0.61328125 0.78125 0.0390625 0.0390625
0 0.94140625 0.8125 0.0390625 0.0390625
0 0.375 0.82421875 0.0390625 0.0390625
0 0.61328125 0.83203125 0.0390625 0.0390625
0 0.46484375 0.84375 0.0390625 0.0390625
0 0.61328125 0.875 0.0390625 0.0390625
0 0.37109375 0.87890625 0.0390625 0.0390625
0 0.375 0.87890625 0.0390625 0.0390625
0 0.546875 0.890625 0.0390625 0.0390625
0 0.55078125 0.890625 0.0390625 0.0390625
0 0.546875 0.89453125 0.0390625 0.0390625
0 0.55078125 0.89453125 0.0390625 0.0390625
0 0.61328125 0.92578125 0.0390625 0.0390625
0 0.45703125 0.94921875 0.0390625 0.0390625
0 0.4609375 0.94921875 0.0390625 0.0390625
0 0.37109375 0.953125 0.0390625 0.0390625
0 0.58203125 0.97265625 0.0390625 0.0390625
0 0.609375 0.97265625 0.0390625 0.0390625
0 0.609375 0.9765625 0.0390625 0.0390625
