0 0.69921875 0.09765625 0.0390625 0.0390625
0 0.703125 0.09765625 0.0390625 0.0390625
0 0.69921875 0.1015625 0.0390625 0.0390625
0 0.703125 0.1015625 0.0390625 0.0390625
0 0.09765625 0.14453125 0.0390625 0.0390625
0 0.37109375 0.21875 0.0390625 0.0390625
0 0.41015625 0.23828125 0.0390625 0.0390625
0 0.359375 0.2421875 0.0390625 0.0390625
0 0.46875 0.2421875 0.0390625 0.0390625
0 0.47265625 0.2421875 0.0390625 0.0390625
0 0.54296875 0.2421875 0.0390625 0.0390625
0 0.546875 0.2421875 0.0390625 0.0390625
0 0.59375 0.2421875 0.0390625 0.0390625
0 0.46875 0.24609375 0.0390625 0.0390625
0 0.47265625 0.24609375 0.0390625 0.0390625
0 0.54296875 0.24609375 0.0390625 0.0390625
0 0.546875 0.24609375 0.0390625 0.0390625
0 0.59375 0.24609375 0.0390625 0.0390625
0 0.66015625 0.24609375 0.0390625 0.0390625
0 0.359375 0.2890625 0.0390625 0.0390625
0 0.609375 0.33984375 0.0390625 0.0390625
0 0.61328125 0.33984375 0.0390625 0.0390625
0 0.8984375 0.375 0.0390625 0.0390625
0 0.40625 0.37890625 0.0390625 0.0390625
0 0.46484375 0.37890625 0.0390625 0.0390625
0 0.46875 0.37890625 0.0390625 0.0390625
0 0.49609375 0.37890625 0.0390625 0.0390625
0 0.5 0.37890625 0.0390625 0.0390625
0 0.3515625 0.3828125 0.0390625 0.0390625
0 0.35546875 0.3828125 0.0390625 0.0390625
0 0.46484375 0.3828125 0.0390625 0.0390625
0 0.46875 0.3828125 0.0390625 0.0390625
0 0.49609375 0.3828125 0.0390625 0.0390625
0 0.5 0.3828125 0.0390625 0.0390625
0 0.52734375 0.3828125 0.0390625 0.0390625
0 0.53125 0.3828125 0.0390625 0.0390625
0 0.5625 0.3828125 0.0390625 0.0390625
0 0.3515625 0.38671875 0.0390625 0.0390625
0 0.35546875 0.38671875 0.0390625 0.0390625
0 0.7890625 0.390625 0.0390625 0.0390625
0 0.6640625 0.484375 0.0390625 0.0390625
0 0.6640625 0.5390625 0.0390625 0.0390625
0 0.0703125 0.5703125 0.0390625 0.0390625
0 0.81640625 0.59765625 0.0390625 0.0390625
0 0.8203125 0.59765625 0.0390625 0.0390625
0 0.83984375 0.59765625 0.0390625 0.0390625
0 0.84375 0.59765625 0.0390625 0.0390625
0 0.88671875 0.59765625 0.0390625 0.0390625
0 0.90234375 0.59765625 0.0390625 0.0390625
0 0.90625 0.59765625 0.0390625 0.0390625
0 0.92578125 0.59765625 0.0390625 0.0390625
0 0.9453125 0.59765625 0.0390625 0.0390625
0 0.984375 0.59765625 0.0390625 0.0390625
0 0.8671875 0.6015625 0.0390625 0.0390625
0 0.984375 0.6015625 0.0390625 0.0390625
0 0.77734375 0.6328125 0.0390625 0.0390625
0 0.78125 0.6328125 0.0390625 0.0390625
0 0.78125 0.65625 0.0390625 0.0390625
0 0.78125 0.66015625 0.0390625 0.0390625
0 0.82421875 0.6875 0.0390625 0.0390625
0 0.9140625 0.6875 0.0390625 0.0390625
0 0.9609375 0.6875 0.0390625 0.0390625
0 0.9140625 0.69140625 0.0390625 0.0390625
0 0.9609375 0.70703125 0.0390625 0.0390625
0 0.96484375 0.70703125 0.0390625 0.0390625
0 0.8203125 0.7109375 0.0390625 0.0390625
0 0.9140625 0.7109375 0.0390625 0.0390625
0 0.9609375 0.7109375 0.0390625 0.0390625
0 0.96484375 0.7109375 0.0390625 0.0390625
0 0.9140625 0.71484375 0.0390625 0.0390625
0 0.671875 0.71875 0.0390625 0.0390625
0 0.671875 0.72265625 0.0390625 0.0390625
0 0.9609375 0.72265625 0.0390625 0.0390625
0 0.8203125 0.7265625 0.0390625 0.0390625
0 0.82421875 0.7265625 0.0390625 0.0390625
0 0.91796875 0.7265625 0.0390625 0.0390625
0 0.921875 0.7265625 0.0390625 0.0390625
0 0.9609375 0.7265625 0.0390625 0.0390625
0 0.8203125 0.73046875 0.0390625 0.0390625
0 0.82421875 0.73046875 0.0390625 0.0390625
0 0.91796875 0.73046875 0.0390625 0.0390625
0 0.921875 0.73046875 0.0390625 0.0390625
0 0.82421875 0.75 0.0390625 0.0390625
0 0.828125 0.75 0.0390625 0.0390625
0 0.91796875 0.75 0.0390625 0.0390625
0 0.95703125 0.75 0.0390625 0.0390625
0 0.0703125 0.75390625 0.0390625 0.0390625
0 0.0703125 0.7578125 0.0390625 0.0390625
0 0.9140625 0.76953125 0.0390625 0.0390625
0 0.9609375 0.76953125 0.0390625 0.0390625
0 0.96484375 0.76953125 0.0390625 0.0390625
0 0.82421875 0.7734375 0.0390625 0.0390625
0 0.9609375 0.7734375 0.0390625 0.0390625
0 0.96484375 0.7734375 0.0390625 0.0390625
0 0.6640625 0.77734375 0.0390625 0.0390625
0 0.82421875 0.78515625 0.0390625 0.0390625
0 0.828125 0.78515625 0.0390625 0.0390625
0 0.82421875 0.7890625 0.0390625 0.0390625
0 0.828125 0.7890625 0.0390625 0.0390625
0 0.95703125 0.7890625 0.0390625 0.0390625
0 0.9609375 0.7890625 0.0390625 0.0390625
0 0.91796875 0.79296875 0.0390625 0.0390625
0 0.66796875 0.796875 0.0390625 0.0390625
0 0.66796875 0.80078125 0.0390625 0.0390625
0 0.0703125 0.80859375 0.0390625 0.0390625
0 0.9140625 0.80859375 0.0390625 0.0390625
0 0.8203125 0.8125 0.0390625 0.0390625
0 0.95703125 0.8125 0.0390625 0.0390625
0 0.9140625 0.828125 0.0390625 0.0390625
0 0.91796875 0.828125 0.0390625 0.0390625
0 0.81640625 0.83203125 0.0390625 0.0390625
0 0.8203125 0.83203125 0.0390625 0.0390625
0 0.96484375 0.83203125 0.0390625 0.0390625
0 0.25390625 0.84375 0.0390625 0.0390625
0 0.765625 0.84375 0.0390625 0.0390625
0 0.8203125 0.8515625 0.0390625 0.0390625
0 0.82421875 0.8515625 0.0390625 0.0390625
0 0.9140625 0.8515625 0.0390625 0.0390625
0 0.91796875 0.8515625 0.0390625 0.0390625
0 0.67578125 0.86328125 0.0390625 0.0390625
0 0.6796875 0.86328125 0.0390625 0.0390625
0 0.67578125 0.8671875 0.0390625 0.0390625
0 0.6796875 0.8671875 0.0390625 0.0390625
0 0.76171875 0.8671875 0.0390625 0.0390625
0 0.765625 0.8671875 0.0390625 0.0390625
0 0.8203125 0.87109375 0.0390625 0.0390625
0 0.82421875 0.87109375 0.0390625 0.0390625
0 0.9609375 0.87109375 0.0390625 0.0390625
0 0.91796875 0.875 0.0390625 0.0390625
0 0.9609375 0.875 0.0390625 0.0390625
0 0.76171875 0.88671875 0.0390625 0.0390625
0 0.25 0.890625 0.0390625 0.0390625
0 0.25390625 0.890625 0.0390625 0.0390625
0 0.68359375 0.890625 0.0390625 0.0390625
0 0.6875 0.890625 0.0390625 0.0390625
0 0.8203125 0.890625 0.0390625 0.0390625
0 0.91796875 0.890625 0.0390625 0.0390625
0 0.91796875 0.89453125 0.0390625 0.0390625
0 0.96484375 0.89453125 0.0390625 0.0390625
0 0.81640625 0.9140625 0.0390625 0.0390625
0 0.91015625 0.9140625 0.0390625 0.0390625
0 0.9140625 0.9140625 0.0390625 0.0390625
0 0.96484375 0.9140625 0.0390625 0.0390625
0 0.96484375 0.91796875 0.0390625 0.0390625
0 0.8203125 0.9296875 0.0390625 0.0390625
0 0.9140625 0.9296875 0.0390625 0.0390625
0 0.8203125 0.93359375 0.0390625 0.0390625
0 0.9140625 0.93359375 0.0390625 0.0390625
0 0.9609375 0.93359375 0.0390625 0.0390625
0 0.96484375 0.93359375 0.0390625 0.0390625
0 0.8203125 0.953125 0.0390625 0.0390625
0 0.9140625 0.953125 0.0390625 0.0390625
0 0.9609375 0.953125 0.0390625 0.0390625
0 0.67578125 0.9609375 0.0390625 0.0390625
0 0.67578125 0.96484375 0.0390625 0.0390625
0 0.9609375 0.96875 0.0390625 0.0390625
0 0.8203125 0.97265625 0.0390625 0.0390625
0 0.91015625 0.97265625 0.0390625 0.0390625
0 0.9609375 0.97265625 0.0390625 0.0390625
0 0.91015625 0.9765625 0.0390625 0.0390625
0 0.8125 0.9921875 0.0390625 0.0390625
0 0.81640625 0.9921875 0.0390625 0.0390625
0 0.96484375 0.9921875 0.0390625 0.0390625
0 0.8125 0.99609375 0.0390625 0.0390625
0 0.81640625 0.99609375 0.0390625 0.0390625
0 0.91015625 0.99609375 0.0390625 0.0390625
0 0.96484375 0.99609375 0.0390625 0.0390625
