0 0.70703125 0.046875 0.0390625 0.0390625
0 0.7109375 0.046875 0.0390625 0.0390625
0 0.70703125 0.05078125 0.0390625 0.0390625
0 0.7109375 0.05078125 0.0390625 0.0390625
0 0.7421875 0.08203125 0.0390625 0.0390625
0 0.74609375 0.08203125 0.0390625 0.0390625
0 0.25 0.171875 0.0390625 0.0390625
0 0.25390625 0.171875 0.0390625 0.0390625
0 0.2578125 0.23046875 0.0390625 0.0390625
0 0.26171875 0.23046875 0.0390625 0.0390625
0 0.25 0.2578125 0.0390625 0.0390625
0 0.25390625 0.2578125 0.0390625 0.0390625
0 0.7265625 0.421875 0.0390625 0.0390625
0 0.75 0.42578125 0.0390625 0.0390625
0 0.01953125 0.50390625 0.0390625 0.0390625
0 0.0546875 0.50390625 0.0390625 0.0390625
0 0.05859375 0.50390625 0.0390625 0.0390625
0 0.01953125 0.5078125 0.0390625 0.0390625
0 0.0546875 0.5078125 0.0390625 0.0390625
0 0.05859375 0.5078125 0.0390625 0.0390625
0 0.38671875 0.54296875 0.0390625 0.0390625
0 0.38671875 0.546875 0.0390625 0.0390625
0 0.03125 0.66015625 0.0390625 0.0390625
0 0.03125 0.6640625 0.0390625 0.0390625
0 0.19140625 0.6640625 0.0390625 0.0390625
0 0.63671875 0.66796875 0.0390625 0.0390625
0 0.63671875 0.671875 0.0390625 0.0390625
0 0.98828125 0.67578125 0.0390625 0.0390625
0 0.98828125 0.6796875 0.0390625 0.0390625
0 0.01953125 0.703125 0.0390625 0.0390625
0 0.51171875 0.703125 0.0390625 0.0390625
0 0.71875 0.703125 0.0390625 0.0390625
0 0.72265625 0.703125 0.0390625 0.0390625
0 0.71875 0.70703125 0.0390625 0.0390625
0 0.72265625 0.70703125 0.0390625 0.0390625
0 0.78125 0.70703125 0.0390625 0.0390625
0 0.78515625 0.70703125 0.0390625 0.0390625
0 0.78125 0.7109375 0.0390625 0.0390625
0 0.78515625 0.7109375 0.0390625 0.0390625
0 0.23046875 0.83203125 0.0390625 0.0390625
0 0.234375 0.83203125 0.0390625 0.0390625
