0 0.96484375 0.01171875 0.0390625 0.0390625
0 0.359375 0.203125 0.0390625 0.0390625
0 0.36328125 0.203125 0.0390625 0.0390625
0 0.359375 0.20703125 0.0390625 0.0390625
0 0.36328125 0.20703125 0.0390625 0.0390625
0 0.37109375 0.359375 0.0390625 0.0390625
0 0.10546875 0.38671875 0.0390625 0.0390625
0 0.19921875 0.38671875 0.0390625 0.0390625
0 0.2265625 0.38671875 0.0390625 0.0390625
0 0.23046875 0.38671875 0.0390625 0.0390625
0 0.26171875 0.38671875 0.0390625 0.0390625
0 0.29296875 0.38671875 0.0390625 0.0390625
0 0.3203125 0.38671875 0.0390625 0.0390625
0 0.32421875 0.38671875 0.0390625 0.0390625
0 0.2265625 0.390625 0.0390625 0.0390625
0 0.23046875 0.390625 0.0390625 0.0390625
0 0.26171875 0.390625 0.0390625 0.0390625
0 0.29296875 0.390625 0.0390625 0.0390625
0 0.3203125 0.390625 0.0390625 0.0390625
0 0.32421875 0.390625 0.0390625 0.0390625
0 0.48046875 0.390625 0.0390625 0.0390625
0 0.6015625 0.39453125 0.0390625 0.0390625
0 0.6328125 0.39453125 0.0390625 0.0390625
0 0.57421875 0.3984375 0.0390625 0.0390625
0 0.578125 0.3984375 0.0390625 0.0390625
0 0.6015625 0.3984375 0.0390625 0.0390625
0 0.66796875 0.3984375 0.0390625 0.0390625
0 0.99609375 0.44140625 0.0390625 0.0390625
0 0.984375 0.5625 0.0390625 0.0390625
0 0.00390625 0.59765625 0.0390625 0.0390625
0 0.0078125 0.59765625 0.0390625 0.0390625
0 0.03125 0.59765625 0.0390625 0.0390625
0 0.05859375 0.625 0.0390625 0.0390625
0 0.05859375 0.6484375 0.0390625 0.0390625
0 0.05859375 0.66796875 0.0390625 0.0390625
0 0.05859375 0.6875 0.0390625 0.0390625
0 0.0625 0.6875 0.0390625 0.0390625
0 0.05859375 0.69140625 0.0390625 0.0390625
0 0.0625 0.69140625 0.0390625 0.0390625
0 0.05078125 0.7109375 0.0390625 0.0390625
0 0.0546875 0.7109375 0.0390625 0.0390625
0 0.05078125 0.71484375 0.0390625 0.0390625
0 0.0546875 0.71484375 0.0390625 0.0390625
0 0.0546875 0.7265625 0.0390625 0.0390625
0 0.05859375 0.7265625 0.0390625 0.0390625
0 0.0546875 0.73046875 0.0390625 0.0390625
0 0.05859375 0.73046875 0.0390625 0.0390625
0 0.0546875 0.75390625 0.0390625 0.0390625
0 0.05859375 0.76953125 0.0390625 0.0390625
0 0.05859375 0.79296875 0.0390625 0.0390625
0 0.05859375 0.8125 0.0390625 0.0390625
0 0.0546875 0.8359375 0.0390625 0.0390625
0 0.05859375 0.8359375 0.0390625 0.0390625
0 0.0546875 0.8671875 0.0390625 0.0390625
0 0.0546875 0.87109375 0.0390625 0.0390625
0 0.05078125 0.890625 0.0390625 0.0390625
0 0.0546875 0.890625 0.0390625 0.0390625
0 0.0546875 0.9140625 0.0390625 0.0390625
0 0.05859375 0.93359375 0.0390625 0.0390625
0 0.0546875 0.95703125 0.0390625 0.0390625
0 0.05859375 0.98046875 0.0390625 0.0390625
0 0.453125 0.98046875 0.0390625 0.0390625
0 0.45703125 0.98046875 0.0390625 0.0390625
0 0.0546875 0.99609375 0.0390625 0.0390625
