0 0.0078125 0.03125 0.0390625 0.0390625
0 0.01171875 0.03125 0.0390625 0.0390625
0 0.0078125 0.03515625 0.0390625 0.0390625
0 0.01171875 0.03515625 0.0390625 0.0390625
0 0.03515625 0.05859375 0.0390625 0.0390625
0 0.01171875 0.10546875 0.0390625 0.0390625
0 0.05859375 0.109375 0.0390625 0.0390625
0 0.0625 0.109375 0.0390625 0.0390625
0 0.1328125 0.1171875 0.0390625 0.0390625
0 0.03125 0.12109375 0.0390625 0.0390625
0 0.03515625 0.12109375 0.0390625 0.0390625
0 0.1328125 0.12109375 0.0390625 0.0390625
0 0.8828125 0.16015625 0.0390625 0.0390625
0 0.359375 0.20703125 0.0390625 0.0390625
0 0.51953125 0.20703125 0.0390625 0.0390625
0 0.6875 0.20703125 0.0390625 0.0390625
0 0.69140625 0.20703125 0.0390625 0.0390625
0 0.75 0.2109375 0.0390625 0.0390625
0 0.69921875 0.23046875 0.0390625 0.0390625
0 0.8515625 0.24609375 0.0390625 0.0390625
0 0.6640625 0.26171875 0.0390625 0.0390625
0 0.421875 0.29296875 0.0390625 0.0390625
0 0.42578125 0.29296875 0.0390625 0.0390625
0 0.1328125 0.3046875 0.0390625 0.0390625
0 0.13671875 0.3046875 0.0390625 0.0390625
0 0.2109375 0.3046875 0.0390625 0.0390625
0 0.30859375 0.3046875 0.0390625 0.0390625
0 0.3125 0.3046875 0.0390625 0.0390625
0 0.1328125 0.30859375 0.0390625 0.0390625
0 0.13671875 0.30859375 0.0390625 0.0390625
0 0.2109375 0.30859375 0.0390625 0.0390625
0 0.52734375 0.31640625 0.0390625 0.0390625
0 0.64453125 0.31640625 0.0390625 0.0390625
0 0.671875 0.31640625 0.0390625 0.0390625
0 0.55078125 0.3203125 0.0390625 0.0390625
0 0.609375 0.3203125 0.0390625 0.0390625
0 0.61328125 0.3203125 0.0390625 0.0390625
0 0.671875 0.3203125 0.0390625 0.0390625
0 0.73046875 0.32421875 0.0390625 0.0390625
0 0.76171875 0.32421875 0.0390625 0.0390625
0 0.04296875 0.328125 0.0390625 0.0390625
0 0.046875 0.328125 0.0390625 0.0390625
0 0.390625 0.3984375 0.0390625 0.0390625
0 0.39453125 0.3984375 0.0390625 0.0390625
0 0.421875 0.3984375 0.0390625 0.0390625
0 0.65234375 0.40234375 0.0390625 0.0390625
0 0.67578125 0.40234375 0.0390625 0.0390625
0 0.7421875 0.40234375 0.0390625 0.0390625
0 0.28125 0.40625 0.0390625 0.0390625
0 0.28515625 0.40625 0.0390625 0.0390625
0 0.67578125 0.40625 0.0390625 0.0390625
0 0.7421875 0.40625 0.0390625 0.0390625
0 0.8046875 0.41015625 0.0390625 0.0390625
0 0.0 0.44140625 0.0390625 0.0390625
0 0.08203125 0.48828125 0.0390625 0.0390625
0 0.12890625 0.4921875 0.0390625 0.0390625
0 0.1328125 0.4921875 0.0390625 0.0390625
0 0.0546875 0.51171875 0.0390625 0.0390625
0 0.05859375 0.51171875 0.0390625 0.0390625
0 0.42578125 0.515625 0.0390625 0.0390625
0 0.4296875 0.515625 0.0390625 0.0390625
0 0.42578125 0.51953125 0.0390625 0.0390625
0 0.4296875 0.51953125 0.0390625 0.0390625
0 0.1015625 0.5390625 0.0390625 0.0390625
0 0.10546875 0.5390625 0.0390625 0.0390625
0 0.1328125 0.5390625 0.0390625 0.0390625
0 0.13671875 0.5390625 0.0390625 0.0390625
0 0.4296875 0.5390625 0.0390625 0.0390625
0 0.43359375 0.5390625 0.0390625 0.0390625
0 0.078125 0.54296875 0.0390625 0.0390625
0 0.08203125 0.54296875 0.0390625 0.0390625
0 0.0546875 0.5625 0.0390625 0.0390625
0 0.4296875 0.5625 0.0390625 0.0390625
0 0.43359375 0.5625 0.0390625 0.0390625
0 0.4296875 0.56640625 0.0390625 0.0390625
0 0.43359375 0.56640625 0.0390625 0.0390625
0 0.4375 0.5859375 0.0390625 0.0390625
0 0.55859375 0.58984375 0.0390625 0.0390625
0 0.08203125 0.6015625 0.0390625 0.0390625
0 0.1328125 0.60546875 0.0390625 0.0390625
0 0.49609375 0.6171875 0.0390625 0.0390625
0 0.4296875 0.63671875 0.0390625 0.0390625
0 0.4296875 0.640625 0.0390625 0.0390625
0 0.1015625 0.66015625 0.0390625 0.0390625
0 0.1328125 0.66015625 0.0390625 0.0390625
0 0.13671875 0.66015625 0.0390625 0.0390625
0 0.078125 0.671875 0.0390625 0.0390625
0 0.08203125 0.671875 0.0390625 0.0390625
0 0.078125 0.67578125 0.0390625 0.0390625
0 0.08203125 0.67578125 0.0390625 0.0390625
0 0.49609375 0.71484375 0.0390625 0.0390625
0 0.234375 0.80078125 0.0390625 0.0390625
0 0.23828125 0.80078125 0.0390625 0.0390625
0 0.078125 0.80859375 0.0390625 0.0390625
0 0.078125 0.8125 0.0390625 0.0390625
0 0.41796875 0.83203125 0.0390625 0.0390625
0 0.421875 0.83203125 0.0390625 0.0390625
0 0.41796875 0.8359375 0.0390625 0.0390625
0 0.421875 0.8359375 0.0390625 0.0390625
0 0.44140625 0.8359375 0.0390625 0.0390625
0 0.46484375 0.83984375 0.0390625 0.0390625
0 0.50390625 0.83984375 0.0390625 0.0390625
0 0.0703125 0.90625 0.0390625 0.0390625
0 0.07421875 0.90625 0.0390625 0.0390625
0 0.0703125 0.91015625 0.0390625 0.0390625
0 0.07421875 0.91015625 0.0390625 0.0390625
0 0.48828125 0.93359375 0.0390625 0.0390625
0 0.4609375 0.9375 0.0390625 0.0390625
0 0.46484375 0.9375 0.0390625 0.0390625
