0 0.68359375 0.03515625 0.0390625 0.0390625
0 0.6796875 0.05078125 0.0390625 0.0390625
0 0.68359375 0.05078125 0.0390625 0.0390625
0 0.6796875 0.09375 0.0390625 0.0390625
0 0.68359375 0.09375 0.0390625 0.0390625
0 0.7890625 0.11328125 0.0390625 0.0390625
0 0.79296875 0.11328125 0.0390625 0.0390625
0 0.6796875 0.1171875 0.0390625 0.0390625
0 0.30078125 0.12109375 0.0390625 0.0390625
0 0.6796875 0.12109375 0.0390625 0.0390625
0 0.30078125 0.14453125 0.0390625 0.0390625
0 0.02734375 0.17578125 0.0390625 0.0390625
0 0.02734375 0.1796875 0.0390625 0.0390625
0 0.38671875 0.1796875 0.0390625 0.0390625
0 0.6796875 0.2265625 0.0390625 0.0390625
0 0.68359375 0.2265625 0.0390625 0.0390625
0 0.98828125 0.23046875 0.0390625 0.0390625
0 0.78515625 0.234375 0.0390625 0.0390625
0 0.7890625 0.234375 0.0390625 0.0390625
0 0.6796875 0.24609375 0.0390625 0.0390625
0 0.67578125 0.29296875 0.0390625 0.0390625
0 0.6796875 0.29296875 0.0390625 0.0390625
0 0.1875 0.296875 0.0390625 0.0390625
0 0.19140625 0.296875 0.0390625 0.0390625
0 0.67578125 0.296875 0.0390625 0.0390625
0 0.6796875 0.296875 0.0390625 0.0390625
0 0.1875 0.30078125 0.0390625 0.0390625
0 0.19140625 0.30078125 0.0390625 0.0390625
0 0.2734375 0.30078125 0.0390625 0.0390625
0 0.78125 0.31640625 0.0390625 0.0390625
0 0.78515625 0.31640625 0.0390625 0.0390625
0 0.36328125 0.3203125 0.0390625 0.0390625
0 0.36328125 0.32421875 0.0390625 0.0390625
0 0.33984375 0.34375 0.0390625 0.0390625
0 0.6796875 0.35546875 0.0390625 0.0390625
0 0.68359375 0.35546875 0.0390625 0.0390625
0 0.78125 0.35546875 0.0390625 0.0390625
0 0.78515625 0.35546875 0.0390625 0.0390625
0 0.6796875 0.359375 0.0390625 0.0390625
0 0.68359375 0.359375 0.0390625 0.0390625
0 0.93359375 0.375 0.0390625 0.0390625
0 0.68359375 0.37890625 0.0390625 0.0390625
0 0.93359375 0.37890625 0.0390625 0.0390625
0 0.78515625 0.38671875 0.0390625 0.0390625
0 0.84765625 0.4140625 0.0390625 0.0390625
0 0.8515625 0.4140625 0.0390625 0.0390625
0 0.6796875 0.421875 0.0390625 0.0390625
0 0.7890625 0.4296875 0.0390625 0.0390625
0 0.7890625 0.43359375 0.0390625 0.0390625
0 0.859375 0.4375 0.0390625 0.0390625
0 0.1875 0.453125 0.0390625 0.0390625
0 0.359375 0.453125 0.0390625 0.0390625
0 0.36328125 0.453125 0.0390625 0.0390625
0 0.77734375 0.453125 0.0390625 0.0390625
0 0.1875 0.45703125 0.0390625 0.0390625
0 0.359375 0.45703125 0.0390625 0.0390625
0 0.36328125 0.45703125 0.0390625 0.0390625
0 0.85546875 0.4609375 0.0390625 0.0390625
0 0.67578125 0.46484375 0.0390625 0.0390625
0 0.6796875 0.46484375 0.0390625 0.0390625
0 0.71875 0.46484375 0.0390625 0.0390625
0 0.71875 0.46875 0.0390625 0.0390625
0 0.78125 0.48046875 0.0390625 0.0390625
0 0.68359375 0.48828125 0.0390625 0.0390625
0 0.2265625 0.4921875 0.0390625 0.0390625
0 0.3125 0.49609375 0.0390625 0.0390625
0 0.31640625 0.49609375 0.0390625 0.0390625
0 0.78125 0.51953125 0.0390625 0.0390625
0 0.78515625 0.51953125 0.0390625 0.0390625
0 0.78125 0.5234375 0.0390625 0.0390625
0 0.78515625 0.5234375 0.0390625 0.0390625
0 0.0625 0.5625 0.0390625 0.0390625
0 0.06640625 0.5625 0.0390625 0.0390625
0 0.00390625 0.60546875 0.0390625 0.0390625
0 0.0078125 0.60546875 0.0390625 0.0390625
0 0.26171875 0.61328125 0.0390625 0.0390625
0 0.265625 0.61328125 0.0390625 0.0390625
0 0.34765625 0.6171875 0.0390625 0.0390625
0 0.3515625 0.6171875 0.0390625 0.0390625
0 0.0625 0.6484375 0.0390625 0.0390625
0 0.0 0.65234375 0.0390625 0.0390625
0 0.00390625 0.65234375 0.0390625 0.0390625
0 0.0078125 0.6953125 0.0390625 0.0390625
0 0.0546875 0.73046875 0.0390625 0.0390625
0 0.6796875 0.73046875 0.0390625 0.0390625
0 0.0546875 0.734375 0.0390625 0.0390625
0 0.6796875 0.734375 0.0390625 0.0390625
0 0.00390625 0.74609375 0.0390625 0.0390625
0 0.0078125 0.74609375 0.0390625 0.0390625
0 0.0546875 0.75390625 0.0390625 0.0390625
0 0.67578125 0.77734375 0.0390625 0.0390625
0 0.05859375 0.796875 0.0390625 0.0390625
0 0.05859375 0.80078125 0.0390625 0.0390625
0 0.67578125 0.8125 0.0390625 0.0390625
0 0.6796875 0.8125 0.0390625 0.0390625
0 0.78125 0.8125 0.0390625 0.0390625
0 0.00390625 0.81640625 0.0390625 0.0390625
0 0.67578125 0.81640625 0.0390625 0.0390625
0 0.6796875 0.81640625 0.0390625 0.0390625
0 0.00390625 0.8203125 0.0390625 0.0390625
0 0.30078125 0.90625 0.0390625 0.0390625
