0 0.11328125 0.0078125 0.0390625 0.0390625
0 0.2578125 0.015625 0.0390625 0.0390625
0 0.2578125 0.01953125 0.0390625 0.0390625
0 0.89453125 0.03125 0.0390625 0.0390625
0 0.9140625 0.03125 0.0390625 0.0390625
0 0.25390625 0.03515625 0.0390625 0.0390625
0 0.2578125 0.03515625 0.0390625 0.0390625
0 0.25390625 0.0390625 0.0390625 0.0390625
0 0.2578125 0.0390625 0.0390625 0.0390625
0 0.25390625 0.05859375 0.0390625 0.0390625
0 0.2578125 0.05859375 0.0390625 0.0390625
0 0.25390625 0.0625 0.0390625 0.0390625
0 0.2578125 0.0625 0.0390625 0.0390625
0 0.1015625 0.07421875 0.0390625 0.0390625
0 0.15234375 0.09375 0.0390625 0.0390625
0 0.15625 0.09375 0.0390625 0.0390625
0 0.25390625 0.1015625 0.0390625 0.0390625
0 0.2578125 0.1015625 0.0390625 0.0390625
0 0.25390625 0.10546875 0.0390625 0.0390625
0 0.2578125 0.10546875 0.0390625 0.0390625
0 0.14453125 0.11328125 0.0390625 0.0390625
0 0.14453125 0.1796875 0.0390625 0.0390625
0 0.14453125 0.18359375 0.0390625 0.0390625
0 0.25390625 0.2734375 0.0390625 0.0390625
0 0.2578125 0.2734375 0.0390625 0.0390625
0 0.25390625 0.2890625 0.0390625 0.0390625
0 0.25390625 0.29296875 0.0390625 0.0390625
0 0.25 0.375 0.0390625 0.0390625
0 0.25 0.37890625 0.0390625 0.0390625
0 0.25 0.41796875 0.0390625 0.0390625
0 0.25390625 0.4453125 0.0390625 0.0390625
0 0.2578125 0.4453125 0.0390625 0.0390625
0 0.3828125 0.4453125 0.0390625 0.0390625
0 0.25390625 0.46484375 0.0390625 0.0390625
0 0.828125 0.58203125 0.0390625 0.0390625
0 0.91796875 0.58203125 0.0390625 0.0390625
0 0.9375 0.58203125 0.0390625 0.0390625
0 0.984375 0.58203125 0.0390625 0.0390625
0 0.8984375 0.5859375 0.0390625 0.0390625
0 0.90234375 0.5859375 0.0390625 0.0390625
0 0.984375 0.5859375 0.0390625 0.0390625
0 0.8984375 0.58984375 0.0390625 0.0390625
0 0.90234375 0.58984375 0.0390625 0.0390625
0 0.4296875 0.59765625 0.0390625 0.0390625
0 0.4296875 0.6015625 0.0390625 0.0390625
0 0.13671875 0.66015625 0.0390625 0.0390625
0 0.25390625 0.66015625 0.0390625 0.0390625
0 0.13671875 0.6640625 0.0390625 0.0390625
0 0.25390625 0.6640625 0.0390625 0.0390625
0 0.25 0.68359375 0.0390625 0.0390625
0 0.25390625 0.703125 0.0390625 0.0390625
0 0.25390625 0.70703125 0.0390625 0.0390625
0 0.13671875 0.72265625 0.0390625 0.0390625
0 0.24609375 0.7265625 0.0390625 0.0390625
0 0.25 0.7265625 0.0390625 0.0390625
0 0.24609375 0.74609375 0.0390625 0.0390625
0 0.25 0.74609375 0.0390625 0.0390625
0 0.13671875 0.76171875 0.0390625 0.0390625
0 0.13671875 0.765625 0.0390625 0.0390625
0 0.2421875 0.76953125 0.0390625 0.0390625
0 0.24609375 0.76953125 0.0390625 0.0390625
0 0.13671875 0.78125 0.0390625 0.0390625
0 0.140625 0.78125 0.0390625 0.0390625
0 0.2421875 0.7890625 0.0390625 0.0390625
0 0.2421875 0.79296875 0.0390625 0.0390625
0 0.140625 0.80078125 0.0390625 0.0390625
0 0.24609375 0.8125 0.0390625 0.0390625
0 0.140625 0.82421875 0.0390625 0.0390625
0 0.13671875 0.84375 0.0390625 0.0390625
0 0.13671875 0.84765625 0.0390625 0.0390625
0 0.13671875 0.86328125 0.0390625 0.0390625
0 0.140625 0.86328125 0.0390625 0.0390625
0 0.13671875 0.8671875 0.0390625 0.0390625
0 0.140625 0.8671875 0.0390625 0.0390625
0 0.09375 0.8828125 0.0390625 0.0390625
0 0.13671875 0.8828125 0.0390625 0.0390625
0 0.140625 0.8828125 0.0390625 0.0390625
0 0.09375 0.88671875 0.0390625 0.0390625
0 0.13671875 0.88671875 0.0390625 0.0390625
0 0.140625 0.88671875 0.0390625 0.0390625
0 0.2421875 0.89453125 0.0390625 0.0390625
0 0.24609375 0.89453125 0.0390625 0.0390625
0 0.14453125 0.90625 0.0390625 0.0390625
0 0.24609375 0.9140625 0.0390625 0.0390625
0 0.25 0.9140625 0.0390625 0.0390625
0 0.13671875 0.92578125 0.0390625 0.0390625
0 0.24609375 0.9375 0.0390625 0.0390625
0 0.25 0.9375 0.0390625 0.0390625
0 0.09375 0.9453125 0.0390625 0.0390625
0 0.09765625 0.9453125 0.0390625 0.0390625
0 0.13671875 0.9453125 0.0390625 0.0390625
0 0.24609375 0.95703125 0.0390625 0.0390625
0 0.25 0.95703125 0.0390625 0.0390625
0 0.37890625 0.9609375 0.0390625 0.0390625
0 0.09375 0.96484375 0.0390625 0.0390625
0 0.09375 0.96875 0.0390625 0.0390625
0 0.24609375 0.9765625 0.0390625 0.0390625
0 0.25 0.9765625 0.0390625 0.0390625
0 0.140625 0.984375 0.0390625 0.0390625
0 0.24609375 0.9921875 0.0390625 0.0390625
0 0.25 0.9921875 0.0390625 0.0390625
