0 0.39453125 0.03515625 0.0390625 0.0390625
0 0.3984375 0.03515625 0.0390625 0.0390625
0 0.421875 0.03515625 0.0390625 0.0390625
0 0.42578125 0.03515625 0.0390625 0.0390625
0 0.52734375 0.03515625 0.0390625 0.0390625
0 0.578125 0.03515625 0.0390625 0.0390625
0 0.39453125 0.0390625 0.0390625 0.0390625
0 0.3984375 0.0390625 0.0390625 0.0390625
0 0.4609375 0.0390625 0.0390625 0.0390625
0 0.578125 0.0390625 0.0390625 0.0390625
0 0.62109375 0.0390625 0.0390625 0.0390625
0 0.625 0.0390625 0.0390625 0.0390625
0 0.4609375 0.04296875 0.0390625 0.0390625
0 0.64453125 0.04296875 0.0390625 0.0390625
0 0.66796875 0.04296875 0.0390625 0.0390625
0 0.92578125 0.10546875 0.0390625 0.0390625
0 0.890625 0.15625 0.0390625 0.0390625
0 0.89453125 0.15625 0.0390625 0.0390625
0 0.92578125 0.2421875 0.0390625 0.0390625
0 0.890625 0.28515625 0.0390625 0.0390625
0 0.14453125 0.3515625 0.0390625 0.0390625
0 0.1484375 0.3515625 0.0390625 0.0390625
0 0.4609375 0.3515625 0.0390625 0.0390625
0 0.46484375 0.3515625 0.0390625 0.0390625
0 0.88671875 0.43359375 0.0390625 0.0390625
0 0.890625 0.43359375 0.0390625 0.0390625
0 0.28125 0.57421875 0.0390625 0.0390625
0 0.28515625 0.57421875 0.0390625 0.0390625
0 0.88671875 0.58984375 0.0390625 0.0390625
0 0.88671875 0.59375 0.0390625 0.0390625
0 0.20703125 0.65234375 0.0390625 0.0390625
0 0.20703125 0.65625 0.0390625 0.0390625
0 0.921875 0.6796875 0.0390625 0.0390625
0 0.046875 0.69921875 0.0390625 0.0390625
0 0.078125 0.69921875 0.0390625 0.0390625
0 0.08203125 0.69921875 0.0390625 0.0390625
0 0.20703125 0.69921875 0.0390625 0.0390625
0 0.765625 0.703125 0.0390625 0.0390625
0 0.76953125 0.703125 0.0390625 0.0390625
0 0.046875 0.71875 0.0390625 0.0390625
0 0.2109375 0.71875 0.0390625 0.0390625
0 0.046875 0.72265625 0.0390625 0.0390625
0 0.08984375 0.72265625 0.0390625 0.0390625
0 0.921875 0.73046875 0.0390625 0.0390625
0 0.92578125 0.73046875 0.0390625 0.0390625
0 0.0390625 0.7421875 0.0390625 0.0390625
0 0.203125 0.7421875 0.0390625 0.0390625
0 0.20703125 0.7421875 0.0390625 0.0390625
0 0.03515625 0.76171875 0.0390625 0.0390625
0 0.0390625 0.76171875 0.0390625 0.0390625
0 0.0859375 0.76171875 0.0390625 0.0390625
0 0.08984375 0.76171875 0.0390625 0.0390625
0 0.203125 0.765625 0.0390625 0.0390625
0 0.1953125 0.80859375 0.0390625 0.0390625
0 0.88671875 0.82421875 0.0390625 0.0390625
0 0.03515625 0.87109375 0.0390625 0.0390625
0 0.08203125 0.87109375 0.0390625 0.0390625
0 0.12109375 0.87109375 0.0390625 0.0390625
0 0.125 0.87109375 0.0390625 0.0390625
0 0.01171875 0.875 0.0390625 0.0390625
0 0.0546875 0.875 0.0390625 0.0390625
0 0.1015625 0.875 0.0390625 0.0390625
0 0.10546875 0.875 0.0390625 0.0390625
0 0.14453125 0.875 0.0390625 0.0390625
0 0.1484375 0.875 0.0390625 0.0390625
0 0.765625 0.88671875 0.0390625 0.0390625
0 0.83203125 0.90625 0.0390625 0.0390625
0 0.88671875 0.91015625 0.0390625 0.0390625
0 0.88671875 0.9140625 0.0390625 0.0390625
0 0.19140625 0.921875 0.0390625 0.0390625
0 0.1953125 0.921875 0.0390625 0.0390625
0 0.91796875 0.92578125 0.0390625 0.0390625
0 0.1953125 0.9453125 0.0390625 0.0390625
0 0.83203125 0.9453125 0.0390625 0.0390625
0 0.8359375 0.9453125 0.0390625 0.0390625
0 0.765625 0.9609375 0.0390625 0.0390625
0 0.91796875 0.9609375 0.0390625 0.0390625
0 0.046875 0.96484375 0.0390625 0.0390625
0 0.19140625 0.96484375 0.0390625 0.0390625
0 0.19140625 0.96875 0.0390625 0.0390625
0 0.83203125 0.9765625 0.0390625 0.0390625
0 0.046875 0.984375 0.0390625 0.0390625
0 0.09375 0.984375 0.0390625 0.0390625
0 0.09375 0.98828125 0.0390625 0.0390625
0 0.19140625 0.98828125 0.0390625 0.0390625
