0 0.1328125 0.0 0.0390625 0.0390625
0 0.13671875 0.0 0.0390625 0.0390625
0 0.16015625 0.0 0.0390625 0.0390625
0 0.1796875 0.0 0.0390625 0.0390625
0 0.18359375 0.0 0.0390625 0.0390625
0 0.26953125 0.0 0.0390625 0.0390625
0 0.16015625 0.00390625 0.0390625 0.0390625
0 0.22265625 0.00390625 0.0390625 0.0390625
0 0.2265625 0.00390625 0.0390625 0.0390625
0 0.2421875 0.00390625 0.0390625 0.0390625
0 0.26953125 0.00390625 0.0390625 0.0390625
0 0.2890625 0.00390625 0.0390625 0.0390625
0 0.29296875 0.00390625 0.0390625 0.0390625
0 0.2421875 0.0078125 0.0390625 0.0390625
0 0.0234375 0.015625 0.0390625 0.0390625
0 0.3828125 0.03125 0.0390625 0.0390625
0 0.0234375 0.03515625 0.0390625 0.0390625
0 0.1171875 0.04296875 0.0390625 0.0390625
0 0.13671875 0.04296875 0.0390625 0.0390625
0 0.140625 0.04296875 0.0390625 0.0390625
0 0.16015625 0.04296875 0.0390625 0.0390625
0 0.1796875 0.04296875 0.0390625 0.0390625
0 0.203125 0.04296875 0.0390625 0.0390625
0 0.22265625 0.04296875 0.0390625 0.0390625
0 0.2421875 0.04296875 0.0390625 0.0390625
0 0.265625 0.04296875 0.0390625 0.0390625
0 0.2421875 0.046875 0.0390625 0.0390625
0 0.2890625 0.046875 0.0390625 0.0390625
0 0.29296875 0.046875 0.0390625 0.0390625
0 0.421875 0.046875 0.0390625 0.0390625
0 0.4453125 0.046875 0.0390625 0.0390625
0 0.48046875 0.046875 0.0390625 0.0390625
0 0.37890625 0.05078125 0.0390625 0.0390625
0 0.0234375 0.05859375 0.0390625 0.0390625
0 0.3828125 0.0703125 0.0390625 0.0390625
0 0.0234375 0.078125 0.0390625 0.0390625
0 0.0234375 0.08203125 0.0390625 0.0390625
0 0.37890625 0.08984375 0.0390625 0.0390625
0 0.3828125 0.08984375 0.0390625 0.0390625
0 0.02734375 0.1015625 0.0390625 0.0390625
0 0.03125 0.1015625 0.0390625 0.0390625
0 0.02734375 0.10546875 0.0390625 0.0390625
0 0.03125 0.10546875 0.0390625 0.0390625
0 0.3828125 0.109375 0.0390625 0.0390625
0 0.01953125 0.125 0.0390625 0.0390625
0 0.0234375 0.125 0.0390625 0.0390625
0 0.08203125 0.1484375 0.0390625 0.0390625
0 0.1015625 0.1484375 0.0390625 0.0390625
0 0.12109375 0.1484375 0.0390625 0.0390625
0 0.14453125 0.1484375 0.0390625 0.0390625
0 0.16796875 0.1484375 0.0390625 0.0390625
0 0.2109375 0.1484375 0.0390625 0.0390625
0 0.015625 0.15234375 0.0390625 0.0390625
0 0.05859375 0.15234375 0.0390625 0.0390625
0 0.16796875 0.15234375 0.0390625 0.0390625
0 0.1875 0.15234375 0.0390625 0.0390625
0 0.2109375 0.15234375 0.0390625 0.0390625
0 0.23046875 0.15234375 0.0390625 0.0390625
0 0.25390625 0.15234375 0.0390625 0.0390625
0 0.29296875 0.15234375 0.0390625 0.0390625
0 0.31640625 0.15234375 0.0390625 0.0390625
0 0.3203125 0.15234375 0.0390625 0.0390625
0 0.3359375 0.15234375 0.0390625 0.0390625
0 0.33984375 0.15234375 0.0390625 0.0390625
0 0.015625 0.15625 0.0390625 0.0390625
0 0.23046875 0.15625 0.0390625 0.0390625
0 0.25390625 0.15625 0.0390625 0.0390625
0 0.2734375 0.15625 0.0390625 0.0390625
0 0.29296875 0.15625 0.0390625 0.0390625
0 0.31640625 0.15625 0.0390625 0.0390625
0 0.3203125 0.15625 0.0390625 0.0390625
0 0.3359375 0.15625 0.0390625 0.0390625
0 0.33984375 0.15625 0.0390625 0.0390625
0 0.48046875 0.15625 0.0390625 0.0390625
0 0.375 0.16015625 0.0390625 0.0390625
0 0.37890625 0.16015625 0.0390625 0.0390625
0 0.45703125 0.16015625 0.0390625 0.0390625
0 0.4609375 0.16015625 0.0390625 0.0390625
0 0.375 0.1640625 0.0390625 0.0390625
0 0.37890625 0.1640625 0.0390625 0.0390625
0 0.40234375 0.1640625 0.0390625 0.0390625
0 0.4375 0.1640625 0.0390625 0.0390625
0 0.45703125 0.1640625 0.0390625 0.0390625
0 0.4609375 0.1640625 0.0390625 0.0390625
0 0.4375 0.16796875 0.0390625 0.0390625
0 0.17578125 0.23046875 0.0390625 0.0390625
0 0.28125 0.25390625 0.0390625 0.0390625
0 0.28515625 0.25390625 0.0390625 0.0390625
0 0.17578125 0.2734375 0.0390625 0.0390625
0 0.28125 0.27734375 0.0390625 0.0390625
0 0.28515625 0.27734375 0.0390625 0.0390625
0 0.28125 0.28125 0.0390625 0.0390625
0 0.28515625 0.28125 0.0390625 0.0390625
0 0.28125 0.296875 0.0390625 0.0390625
0 0.28515625 0.3203125 0.0390625 0.0390625
0 0.171875 0.35546875 0.0390625 0.0390625
0 0.00390625 0.37109375 0.0390625 0.0390625
0 0.00390625 0.375 0.0390625 0.0390625
0 0.28515625 0.375 0.0390625 0.0390625
0 0.125 0.3828125 0.0390625 0.0390625
0 0.12890625 0.3828125 0.0390625 0.0390625
0 0.28125 0.39453125 0.0390625 0.0390625
0 0.28515625 0.39453125 0.0390625 0.0390625
0 0.28125 0.4609375 0.0390625 0.0390625
0 0.1953125 0.515625 0.0390625 0.0390625
0 0.21484375 0.515625 0.0390625 0.0390625
0 0.23828125 0.515625 0.0390625 0.0390625
0 0.17578125 0.51953125 0.0390625 0.0390625
0 0.2578125 0.51953125 0.0390625 0.0390625
0 0.26171875 0.51953125 0.0390625 0.0390625
0 0.01171875 0.54296875 0.0390625 0.0390625
0 0.21875 0.6171875 0.0390625 0.0390625
0 0.2421875 0.6171875 0.0390625 0.0390625
0 0.17578125 0.62109375 0.0390625 0.0390625
0 0.21875 0.62109375 0.0390625 0.0390625
0 0.11328125 0.6484375 0.0390625 0.0390625
0 0.1171875 0.6484375 0.0390625 0.0390625
0 0.11328125 0.65234375 0.0390625 0.0390625
0 0.1171875 0.65234375 0.0390625 0.0390625
0 0.2890625 0.6796875 0.0390625 0.0390625
0 0.29296875 0.6796875 0.0390625 0.0390625
0 0.19140625 0.71875 0.0390625 0.0390625
0 0.2890625 0.73046875 0.0390625 0.0390625
0 0.2890625 0.75 0.0390625 0.0390625
0 0.19140625 0.7578125 0.0390625 0.0390625
0 0.19140625 0.76171875 0.0390625 0.0390625
0 0.19140625 0.78125 0.0390625 0.0390625
0 0.1875 0.84765625 0.0390625 0.0390625
0 0.1875 0.8671875 0.0390625 0.0390625
0 0.1875 0.87109375 0.0390625 0.0390625
