0 0.03773584905660377 0.02734375 0.06289308176100629 0.0390625
0 0.03773584905660377 0.03125 0.06289308176100629 0.0390625
0 0.7987421383647799 0.03125 0.06289308176100629 0.0390625
0 0.8050314465408805 0.03125 0.06289308176100629 0.0390625
0 0.6855345911949685 0.03515625 0.06289308176100629 0.0390625
0 0.6918238993710691 0.03515625 0.06289308176100629 0.0390625
0 0.11949685534591195 0.29296875 0.06289308176100629 0.0390625
0 0.12578616352201258 0.29296875 0.06289308176100629 0.0390625
0 0.3018867924528302 0.29296875 0.06289308176100629 0.0390625
0 0.11949685534591195 0.296875 0.06289308176100629 0.0390625
0 0.12578616352201258 0.296875 0.06289308176100629 0.0390625
0 0.3018867924528302 0.296875 0.06289308176100629 0.0390625
0 0.3836477987421384 0.296875 0.06289308176100629 0.0390625
0 0.6540880503144654 0.375 0.06289308176100629 0.0390625
0 0.660377358490566 0.375 0.06289308176100629 0.0390625
0 0.6540880503144654 0.37890625 0.06289308176100629 0.0390625
0 0.660377358490566 0.37890625 0.06289308176100629 0.0390625
0 0.9308176100628931 0.4375 0.06289308176100629 0.0390625
0 0.9308176100628931 0.44140625 0.06289308176100629 0.0390625
0 0.41509433962264153 0.7109375 0.06289308176100629 0.0390625
0 0.42138364779874216 0.7109375 0.06289308176100629 0.0390625
0 0.41509433962264153 0.71484375 0.06289308176100629 0.0390625
0 0.42138364779874216 0.71484375 0.06289308176100629 0.0390625
0 0.11320754716981132 0.7265625 0.06289308176100629 0.0390625
0 0.11949685534591195 0.7265625 0.06289308176100629 0.0390625
0 0.11320754716981132 0.7421875 0.06289308176100629 0.0390625
0 0.11949685534591195 0.7421875 0.06289308176100629 0.0390625
0 0.11320754716981132 0.76171875 0.06289308176100629 0.0390625
0 0.11949685534591195 0.76171875 0.06289308176100629 0.0390625
0 0.11320754716981132 0.765625 0.06289308176100629 0.0390625
0 0.11949685534591195 0.765625 0.06289308176100629 0.0390625
0 0.39622641509433965 0.78125 0.06289308176100629 0.0390625
0 0.39622641509433965 0.78515625 0.06289308176100629 0.0390625
0 0.3333333333333333 0.7890625 0.06289308176100629 0.0390625
0 0.012578616352201259 0.80859375 0.06289308176100629 0.0390625
0 0.018867924528301886 0.80859375 0.06289308176100629 0.0390625
0 0.37735849056603776 0.8203125 0.06289308176100629 0.0390625
0 0.3710691823899371 0.8359375 0.06289308176100629 0.0390625
0 0.11320754716981132 0.84375 0.06289308176100629 0.0390625
0 0.11320754716981132 0.859375 0.06289308176100629 0.0390625
0 0.389937106918239 0.859375 0.06289308176100629 0.0390625
0 0.389937106918239 0.875 0.06289308176100629 0.0390625
0 0.27672955974842767 0.890625 0.06289308176100629 0.0390625
0 0.3081761006289308 0.890625 0.06289308176100629 0.0390625
0 0.31446540880503143 0.890625 0.06289308176100629 0.0390625
0 0.27672955974842767 0.89453125 0.06289308176100629 0.0390625
0 0.11320754716981132 0.8984375 0.06289308176100629 0.0390625
0 0.389937106918239 0.8984375 0.06289308176100629 0.0390625
0 0.11320754716981132 0.90234375 0.06289308176100629 0.0390625
