0 0.796875 0.06640625 0.0390625 0.0390625
0 0.28515625 0.078125 0.0390625 0.0390625
0 0.234375 0.09375 0.0390625 0.0390625
0 0.79296875 0.109375 0.0390625 0.0390625
0 0.796875 0.109375 0.0390625 0.0390625
0 0.79296875 0.11328125 0.0390625 0.0390625
0 0.796875 0.11328125 0.0390625 0.0390625
0 0.796875 0.1484375 0.0390625 0.0390625
0 0.796875 0.15234375 0.0390625 0.0390625
0 0.74609375 0.1953125 0.0390625 0.0390625
0 0.75 0.1953125 0.0390625 0.0390625
0 0.40234375 0.2265625 0.0390625 0.0390625
0 0.40625 0.2265625 0.0390625 0.0390625
0 0.66796875 0.29296875 0.0390625 0.0390625
0 0.66796875 0.296875 0.0390625 0.0390625
0 0.7265625 0.32421875 0.0390625 0.0390625
0 0.7265625 0.328125 0.0390625 0.0390625
0 0.04296875 0.3984375 0.0390625 0.0390625
0 0.69140625 0.421875 0.0390625 0.0390625
0 0.6953125 0.421875 0.0390625 0.0390625
0 0.26953125 0.43359375 0.0390625 0.0390625
0 0.46484375 0.43359375 0.0390625 0.0390625
0 0.46875 0.43359375 0.0390625 0.0390625
0 0.66796875 0.45703125 0.0390625 0.0390625
0 0.671875 0.45703125 0.0390625 0.0390625
0 0.66796875 0.4609375 0.0390625 0.0390625
0 0.671875 0.4609375 0.0390625 0.0390625
0 0.93359375 0.46875 0.0390625 0.0390625
0 0.95703125 0.46875 0.0390625 0.0390625
0 0.95703125 0.47265625 0.0390625 0.0390625
0 0.8125 0.72265625 0.0390625 0.0390625
0 0.81640625 0.72265625 0.0390625 0.0390625
0 0.2109375 0.73046875 0.0390625 0.0390625
0 0.21484375 0.73046875 0.0390625 0.0390625
0 0.23046875 0.73046875 0.0390625 0.0390625
0 0.25390625 0.73046875 0.0390625 0.0390625
0 0.29296875 0.73046875 0.0390625 0.0390625
0 0.32421875 0.8828125 0.0390625 0.0390625
0 0.32421875 0.88671875 0.0390625 0.0390625
0 0.890625 0.8984375 0.0390625 0.0390625
0 0.9453125 0.8984375 0.0390625 0.0390625
0 0.890625 0.90234375 0.0390625 0.0390625
0 0.91796875 0.90234375 0.0390625 0.0390625
0 0.9453125 0.90234375 0.0390625 0.0390625
0 0.91796875 0.90625 0.0390625 0.0390625
0 0.99609375 0.97265625 0.0390625 0.0390625
0 0.51171875 0.98828125 0.0390625 0.0390625
0 0.51171875 0.9921875 0.0390625 0.0390625
