0 0.953125 0.00390625 0.0390625 0.0390625
0 0.2109375 0.078125 0.0390625 0.0390625
0 0.67578125 0.078125 0.0390625 0.0390625
0 0.6796875 0.078125 0.0390625 0.0390625
0 0.67578125 0.08203125 0.0390625 0.0390625
0 0.6796875 0.08203125 0.0390625 0.0390625
0 0.875 0.08203125 0.0390625 0.0390625
0 0.00390625 0.37109375 0.0390625 0.0390625
0 0.0078125 0.37109375 0.0390625 0.0390625
0 0.0703125 0.375 0.0390625 0.0390625
0 0.07421875 0.375 0.0390625 0.0390625
0 0.16015625 0.375 0.0390625 0.0390625
0 0.1796875 0.375 0.0390625 0.0390625
0 0.41015625 0.37890625 0.0390625 0.0390625
0 0.47265625 0.38671875 0.0390625 0.0390625
0 0.1953125 0.48046875 0.0390625 0.0390625
0 0.1953125 0.484375 0.0390625 0.0390625
0 0.30078125 0.48828125 0.0390625 0.0390625
0 0.515625 0.48828125 0.0390625 0.0390625
0 0.3203125 0.4921875 0.0390625 0.0390625
0 0.32421875 0.4921875 0.0390625 0.0390625
0 0.47265625 0.4921875 0.0390625 0.0390625
0 0.515625 0.4921875 0.0390625 0.0390625
0 0.47265625 0.49609375 0.0390625 0.0390625
0 0.41796875 0.59765625 0.0390625 0.0390625
0 0.421875 0.59765625 0.0390625 0.0390625
0 0.44140625 0.59765625 0.0390625 0.0390625
0 0.4609375 0.59765625 0.0390625 0.0390625
0 0.46484375 0.59765625 0.0390625 0.0390625
0 0.40234375 0.6015625 0.0390625 0.0390625
0 0.52734375 0.60546875 0.0390625 0.0390625
0 0.52734375 0.609375 0.0390625 0.0390625
0 0.83203125 0.6953125 0.0390625 0.0390625
0 0.80859375 0.69921875 0.0390625 0.0390625
0 0.91796875 0.69921875 0.0390625 0.0390625
0 0.921875 0.69921875 0.0390625 0.0390625
0 0.39453125 0.703125 0.0390625 0.0390625
0 0.3984375 0.703125 0.0390625 0.0390625
0 0.9375 0.703125 0.0390625 0.0390625
0 0.94140625 0.703125 0.0390625 0.0390625
0 0.39453125 0.70703125 0.0390625 0.0390625
0 0.3984375 0.70703125 0.0390625 0.0390625
0 0.421875 0.70703125 0.0390625 0.0390625
0 0.42578125 0.75 0.0390625 0.0390625
0 0.3984375 0.75390625 0.0390625 0.0390625
0 0.4609375 0.75390625 0.0390625 0.0390625
0 0.46484375 0.75390625 0.0390625 0.0390625
0 0.48046875 0.7578125 0.0390625 0.0390625
0 0.484375 0.7578125 0.0390625 0.0390625
0 0.50390625 0.7578125 0.0390625 0.0390625
0 0.5703125 0.7578125 0.0390625 0.0390625
0 0.48046875 0.76171875 0.0390625 0.0390625
0 0.484375 0.76171875 0.0390625 0.0390625
0 0.96484375 0.80859375 0.0390625 0.0390625
0 0.90234375 0.81640625 0.0390625 0.0390625
0 0.41796875 0.8671875 0.0390625 0.0390625
0 0.01171875 0.94140625 0.0390625 0.0390625
