0 0.078125 0.015625 0.0390625 0.0390625
0 0.0625 0.01953125 0.0390625 0.0390625
0 0.078125 0.01953125 0.0390625 0.0390625
0 0.12109375 0.01953125 0.0390625 0.0390625
0 0.125 0.01953125 0.0390625 0.0390625
0 0.140625 0.01953125 0.0390625 0.0390625
0 0.19921875 0.01953125 0.0390625 0.0390625
0 0.203125 0.01953125 0.0390625 0.0390625
0 0.3203125 0.01953125 0.0390625 0.0390625
0 0.32421875 0.01953125 0.0390625 0.0390625
0 0.79296875 0.01953125 0.0390625 0.0390625
0 0.796875 0.01953125 0.0390625 0.0390625
0 0.04296875 0.0234375 0.0390625 0.0390625
0 0.140625 0.0234375 0.0390625 0.0390625
0 0.16015625 0.0234375 0.0390625 0.0390625
0 0.1796875 0.0234375 0.0390625 0.0390625
0 0.18359375 0.0234375 0.0390625 0.0390625
0 0.23046875 0.0234375 0.0390625 0.0390625
0 0.32421875 0.04296875 0.0390625 0.0390625
0 0.9921875 0.04296875 0.0390625 0.0390625
0 0.9921875 0.046875 0.0390625 0.0390625
0 0.1796875 0.0625 0.0390625 0.0390625
0 0.203125 0.06640625 0.0390625 0.0390625
0 0.828125 0.08203125 0.0390625 0.0390625
0 0.83203125 0.08203125 0.0390625 0.0390625
0 0.328125 0.0859375 0.0390625 0.0390625
0 0.828125 0.0859375 0.0390625 0.0390625
0 0.83203125 0.0859375 0.0390625 0.0390625
0 0.328125 0.1015625 0.0390625 0.0390625
0 0.59765625 0.109375 0.0390625 0.0390625
0 0.6015625 0.109375 0.0390625 0.0390625
0 0.1875 0.16015625 0.0390625 0.0390625
0 0.19140625 0.16015625 0.0390625 0.0390625
0 0.1875 0.1640625 0.0390625 0.0390625
0 0.19140625 0.1640625 0.0390625 0.0390625
0 0.23046875 0.1640625 0.0390625 0.0390625
0 0.23046875 0.16796875 0.0390625 0.0390625
0 0.1484375 0.19921875 0.0390625 0.0390625
0 0.1484375 0.203125 0.0390625 0.0390625
0 0.59765625 0.21875 0.0390625 0.0390625
0 0.31640625 0.23828125 0.0390625 0.0390625
0 0.31640625 0.2421875 0.0390625 0.0390625
0 0.69140625 0.24609375 0.0390625 0.0390625
0 0.69140625 0.25 0.0390625 0.0390625
0 0.5390625 0.296875 0.0390625 0.0390625
0 0.54296875 0.296875 0.0390625 0.0390625
0 0.5390625 0.30078125 0.0390625 0.0390625
0 0.54296875 0.30078125 0.0390625 0.0390625
0 0.03125 0.3046875 0.0390625 0.0390625
0 0.03125 0.30859375 0.0390625 0.0390625
0 0.078125 0.30859375 0.0390625 0.0390625
0 0.30859375 0.3125 0.0390625 0.0390625
0 0.3125 0.3125 0.0390625 0.0390625
0 0.171875 0.31640625 0.0390625 0.0390625
0 0.21484375 0.31640625 0.0390625 0.0390625
0 0.2578125 0.31640625 0.0390625 0.0390625
0 0.5703125 0.34375 0.0390625 0.0390625
0 0.9296875 0.3515625 0.0390625 0.0390625
0 0.93359375 0.3515625 0.0390625 0.0390625
0 0.9296875 0.35546875 0.0390625 0.0390625
0 0.93359375 0.35546875 0.0390625 0.0390625
0 0.6015625 0.359375 0.0390625 0.0390625
0 0.60546875 0.359375 0.0390625 0.0390625
0 0.94140625 0.375 0.0390625 0.0390625
0 0.91796875 0.3984375 0.0390625 0.0390625
0 0.1484375 0.42578125 0.0390625 0.0390625
0 0.171875 0.42578125 0.0390625 0.0390625
0 0.3515625 0.4296875 0.0390625 0.0390625
0 0.6796875 0.47265625 0.0390625 0.0390625
0 0.28125 0.49609375 0.0390625 0.0390625
0 0.28515625 0.49609375 0.0390625 0.0390625
0 0.87109375 0.5078125 0.0390625 0.0390625
0 0.046875 0.51953125 0.0390625 0.0390625
0 0.1484375 0.51953125 0.0390625 0.0390625
0 0.21484375 0.51953125 0.0390625 0.0390625
0 0.046875 0.5234375 0.0390625 0.0390625
0 0.12890625 0.5234375 0.0390625 0.0390625
0 0.1484375 0.5234375 0.0390625 0.0390625
0 0.16796875 0.5234375 0.0390625 0.0390625
0 0.171875 0.5234375 0.0390625 0.0390625
0 0.19140625 0.5234375 0.0390625 0.0390625
0 0.30859375 0.5234375 0.0390625 0.0390625
0 0.21484375 0.55859375 0.0390625 0.0390625
0 0.125 0.5625 0.0390625 0.0390625
0 0.12890625 0.5625 0.0390625 0.0390625
0 0.1484375 0.5625 0.0390625 0.0390625
0 0.16796875 0.5625 0.0390625 0.0390625
0 0.19140625 0.5625 0.0390625 0.0390625
0 0.28125 0.5625 0.0390625 0.0390625
0 0.1484375 0.56640625 0.0390625 0.0390625
0 0.28125 0.56640625 0.0390625 0.0390625
0 0.328125 0.56640625 0.0390625 0.0390625
0 0.59765625 0.62890625 0.0390625 0.0390625
0 0.4453125 0.984375 0.0390625 0.0390625
