0 0.51171875 0.15625 0.0390625 0.0390625
0 0.515625 0.15625 0.0390625 0.0390625
0 0.94921875 0.19921875 0.0390625 0.0390625
0 0.953125 0.19921875 0.0390625 0.0390625
0 0.97265625 0.19921875 0.0390625 0.0390625
0 0.97265625 0.203125 0.0390625 0.0390625
0 0.9921875 0.203125 0.0390625 0.0390625
0 0.4140625 0.2421875 0.0390625 0.0390625
0 0.828125 0.2421875 0.0390625 0.0390625
0 0.72265625 0.2578125 0.0390625 0.0390625
0 0.41796875 0.26171875 0.0390625 0.0390625
0 0.8203125 0.30078125 0.0390625 0.0390625
0 0.9921875 0.3125 0.0390625 0.0390625
0 0.90234375 0.31640625 0.0390625 0.0390625
0 0.9296875 0.31640625 0.0390625 0.0390625
0 0.94921875 0.31640625 0.0390625 0.0390625
0 0.953125 0.31640625 0.0390625 0.0390625
0 0.97265625 0.31640625 0.0390625 0.0390625
0 0.97265625 0.3203125 0.0390625 0.0390625
0 0.82421875 0.32421875 0.0390625 0.0390625
0 0.82421875 0.34765625 0.0390625 0.0390625
0 0.96875 0.3515625 0.0390625 0.0390625
0 0.97265625 0.3515625 0.0390625 0.0390625
0 0.90234375 0.35546875 0.0390625 0.0390625
0 0.90625 0.35546875 0.0390625 0.0390625
0 0.9296875 0.35546875 0.0390625 0.0390625
0 0.9453125 0.35546875 0.0390625 0.0390625
0 0.96875 0.35546875 0.0390625 0.0390625
0 0.97265625 0.35546875 0.0390625 0.0390625
0 0.9921875 0.35546875 0.0390625 0.0390625
0 0.90234375 0.359375 0.0390625 0.0390625
0 0.90625 0.359375 0.0390625 0.0390625
0 0.9296875 0.359375 0.0390625 0.0390625
0 0.9453125 0.359375 0.0390625 0.0390625
0 0.9921875 0.359375 0.0390625 0.0390625
0 0.82421875 0.36328125 0.0390625 0.0390625
0 0.82421875 0.3671875 0.0390625 0.0390625
0 0.82421875 0.3828125 0.0390625 0.0390625
0 0.82421875 0.38671875 0.0390625 0.0390625
0 0.81640625 0.40234375 0.0390625 0.0390625
0 0.9453125 0.46484375 0.0390625 0.0390625
0 0.94921875 0.46484375 0.0390625 0.0390625
0 0.92578125 0.46875 0.0390625 0.0390625
0 0.9453125 0.46875 0.0390625 0.0390625
0 0.94921875 0.46875 0.0390625 0.0390625
0 0.96875 0.46875 0.0390625 0.0390625
0 0.97265625 0.46875 0.0390625 0.0390625
0 0.9921875 0.46875 0.0390625 0.0390625
0 0.87890625 0.47265625 0.0390625 0.0390625
0 0.8828125 0.47265625 0.0390625 0.0390625
0 0.90234375 0.47265625 0.0390625 0.0390625
0 0.90625 0.47265625 0.0390625 0.0390625
0 0.38671875 0.58984375 0.0390625 0.0390625
0 0.4609375 0.59375 0.0390625 0.0390625
0 0.46484375 0.59375 0.0390625 0.0390625
0 0.8203125 0.59375 0.0390625 0.0390625
0 0.8203125 0.59765625 0.0390625 0.0390625
0 0.95703125 0.59765625 0.0390625 0.0390625
0 0.53515625 0.63671875 0.0390625 0.0390625
0 0.2265625 0.671875 0.0390625 0.0390625
0 0.40234375 0.671875 0.0390625 0.0390625
0 0.40625 0.671875 0.0390625 0.0390625
0 0.47265625 0.671875 0.0390625 0.0390625
0 0.3203125 0.9453125 0.0390625 0.0390625
0 0.85546875 0.94921875 0.0390625 0.0390625
0 0.125 0.953125 0.0390625 0.0390625
0 0.12890625 0.953125 0.0390625 0.0390625
0 0.859375 0.96484375 0.0390625 0.0390625
0 0.86328125 0.96484375 0.0390625 0.0390625
0 0.859375 0.96875 0.0390625 0.0390625
0 0.86328125 0.96875 0.0390625 0.0390625
0 0.859375 0.98828125 0.0390625 0.0390625
