0 0.80078125 0.03125 0.0390625 0.0390625
0 0.84375 0.03125 0.0390625 0.0390625
0 0.8671875 0.03125 0.0390625 0.0390625
0 0.87109375 0.03125 0.0390625 0.0390625
0 0.71484375 0.03515625 0.0390625 0.0390625
0 0.94921875 0.03515625 0.0390625 0.0390625
0 0.76171875 0.0390625 0.0390625 0.0390625
0 0.78125 0.0390625 0.0390625 0.0390625
0 0.78125 0.06640625 0.0390625 0.0390625
0 0.8828125 0.06640625 0.0390625 0.0390625
0 0.921875 0.06640625 0.0390625 0.0390625
0 0.9765625 0.1484375 0.0390625 0.0390625
0 0.703125 0.15234375 0.0390625 0.0390625
0 0.70703125 0.15234375 0.0390625 0.0390625
0 0.74609375 0.15234375 0.0390625 0.0390625
0 0.75 0.15234375 0.0390625 0.0390625
0 0.80859375 0.15234375 0.0390625 0.0390625
0 0.8125 0.15234375 0.0390625 0.0390625
0 0.9375 0.15234375 0.0390625 0.0390625
0 0.94140625 0.15234375 0.0390625 0.0390625
0 0.9765625 0.15234375 0.0390625 0.0390625
0 0.99609375 0.15234375 0.0390625 0.0390625
0 0.6796875 0.15625 0.0390625 0.0390625
0 0.7265625 0.15625 0.0390625 0.0390625
0 0.74609375 0.15625 0.0390625 0.0390625
0 0.75 0.15625 0.0390625 0.0390625
0 0.76953125 0.15625 0.0390625 0.0390625
0 0.83203125 0.15625 0.0390625 0.0390625
0 0.8515625 0.15625 0.0390625 0.0390625
0 0.875 0.15625 0.0390625 0.0390625
0 0.8984375 0.15625 0.0390625 0.0390625
0 0.91796875 0.15625 0.0390625 0.0390625
0 0.875 0.16015625 0.0390625 0.0390625
0 0.8984375 0.16015625 0.0390625 0.0390625
0 0.90625 0.375 0.0390625 0.0390625
0 0.93359375 0.37890625 0.0390625 0.0390625
0 0.95703125 0.37890625 0.0390625 0.0390625
0 0.88671875 0.3828125 0.0390625 0.0390625
0 0.890625 0.3828125 0.0390625 0.0390625
0 0.859375 0.38671875 0.0390625 0.0390625
0 0.86328125 0.38671875 0.0390625 0.0390625
0 0.72265625 0.68359375 0.0390625 0.0390625
0 0.9765625 0.68359375 0.0390625 0.0390625
0 0.72265625 0.6875 0.0390625 0.0390625
0 0.97265625 0.703125 0.0390625 0.0390625
0 0.97265625 0.70703125 0.0390625 0.0390625
0 0.91796875 0.875 0.0390625 0.0390625
0 0.91796875 0.87890625 0.0390625 0.0390625
