0 0.328125 0.08984375 0.0390625 0.0390625
0 0.828125 0.2890625 0.0390625 0.0390625
0 0.83203125 0.2890625 0.0390625 0.0390625
0 0.88671875 0.2890625 0.0390625 0.0390625
0 0.890625 0.2890625 0.0390625 0.0390625
0 0.9765625 0.2890625 0.0390625 0.0390625
0 0.98046875 0.2890625 0.0390625 0.0390625
0 0.828125 0.29296875 0.0390625 0.0390625
0 0.83203125 0.29296875 0.0390625 0.0390625
0 0.88671875 0.29296875 0.0390625 0.0390625
0 0.890625 0.29296875 0.0390625 0.0390625
0 0.61328125 0.328125 0.0390625 0.0390625
0 0.6171875 0.328125 0.0390625 0.0390625
0 0.47265625 0.33203125 0.0390625 0.0390625
0 0.55859375 0.33203125 0.0390625 0.0390625
0 0.76953125 0.33203125 0.0390625 0.0390625
0 0.83203125 0.33203125 0.0390625 0.0390625
0 0.953125 0.33203125 0.0390625 0.0390625
0 0.55859375 0.3359375 0.0390625 0.0390625
0 0.83203125 0.3359375 0.0390625 0.0390625
0 0.46484375 0.359375 0.0390625 0.0390625
0 0.67578125 0.359375 0.0390625 0.0390625
0 0.6796875 0.359375 0.0390625 0.0390625
0 0.67578125 0.36328125 0.0390625 0.0390625
0 0.6796875 0.36328125 0.0390625 0.0390625
0 0.48046875 0.3828125 0.0390625 0.0390625
0 0.48046875 0.38671875 0.0390625 0.0390625
0 0.53515625 0.38671875 0.0390625 0.0390625
0 0.0546875 0.40234375 0.0390625 0.0390625
0 0.11328125 0.41015625 0.0390625 0.0390625
0 0.1171875 0.41015625 0.0390625 0.0390625
0 0.109375 0.43359375 0.0390625 0.0390625
0 0.109375 0.4375 0.0390625 0.0390625
0 0.51171875 0.4453125 0.0390625 0.0390625
0 0.8359375 0.48828125 0.0390625 0.0390625
0 0.83984375 0.48828125 0.0390625 0.0390625
0 0.37109375 0.59765625 0.0390625 0.0390625
0 0.31640625 0.640625 0.0390625 0.0390625
0 0.31640625 0.64453125 0.0390625 0.0390625
0 0.3671875 0.6796875 0.0390625 0.0390625
0 0.3671875 0.68359375 0.0390625 0.0390625
0 0.34375 0.7265625 0.0390625 0.0390625
0 0.39453125 0.73046875 0.0390625 0.0390625
0 0.39453125 0.78125 0.0390625 0.0390625
0 0.39453125 0.828125 0.0390625 0.0390625
0 0.51171875 0.9296875 0.0390625 0.0390625
0 0.515625 0.9296875 0.0390625 0.0390625
0 0.51171875 0.93359375 0.0390625 0.0390625
0 0.515625 0.93359375 0.0390625 0.0390625
0 0.05859375 0.96484375 0.0390625 0.0390625
0 0.0625 0.96484375 0.0390625 0.0390625
