0 0.82421875 0.05859375 0.0390625 0.0390625
0 0.828125 0.05859375 0.0390625 0.0390625
0 0.87890625 0.25390625 0.0390625 0.0390625
0 0.8828125 0.25390625 0.0390625 0.0390625
0 0.234375 0.2578125 0.0390625 0.0390625
0 0.87890625 0.2578125 0.0390625 0.0390625
0 0.8828125 0.2578125 0.0390625 0.0390625
0 0.2265625 0.296875 0.0390625 0.0390625
0 0.23046875 0.296875 0.0390625 0.0390625
0 0.2265625 0.30078125 0.0390625 0.0390625
0 0.23046875 0.30078125 0.0390625 0.0390625
0 0.2265625 0.3359375 0.0390625 0.0390625
0 0.23046875 0.3359375 0.0390625 0.0390625
0 0.77734375 0.359375 0.0390625 0.0390625
0 0.4453125 0.3828125 0.0390625 0.0390625
0 0.36328125 0.38671875 0.0390625 0.0390625
0 0.3671875 0.38671875 0.0390625 0.0390625
0 0.42578125 0.38671875 0.0390625 0.0390625
0 0.36328125 0.390625 0.0390625 0.0390625
0 0.3671875 0.390625 0.0390625 0.0390625
0 0.40625 0.390625 0.0390625 0.0390625
0 0.28125 0.3984375 0.0390625 0.0390625
0 0.8515625 0.3984375 0.0390625 0.0390625
0 0.85546875 0.3984375 0.0390625 0.0390625
0 0.8515625 0.40234375 0.0390625 0.0390625
0 0.85546875 0.40234375 0.0390625 0.0390625
0 0.73828125 0.703125 0.0390625 0.0390625
