0 0.078125 0.01953125 0.0390625 0.0390625
0 0.08203125 0.01953125 0.0390625 0.0390625
0 0.078125 0.0234375 0.0390625 0.0390625
0 0.08203125 0.0234375 0.0390625 0.0390625
0 0.05859375 0.03125 0.0390625 0.0390625
0 0.1328125 0.03125 0.0390625 0.0390625
0 0.15625 0.03125 0.0390625 0.0390625
0 0.1796875 0.03125 0.0390625 0.0390625
0 0.18359375 0.03125 0.0390625 0.0390625
0 0.203125 0.03125 0.0390625 0.0390625
0 0.20703125 0.03125 0.0390625 0.0390625
0 0.0078125 0.03515625 0.0390625 0.0390625
0 0.01171875 0.03515625 0.0390625 0.0390625
0 0.03125 0.03515625 0.0390625 0.0390625
0 0.1796875 0.03515625 0.0390625 0.0390625
0 0.18359375 0.03515625 0.0390625 0.0390625
0 0.203125 0.03515625 0.0390625 0.0390625
0 0.20703125 0.03515625 0.0390625 0.0390625
0 0.03125 0.0390625 0.0390625 0.0390625
0 0.703125 0.53125 0.0390625 0.0390625
0 0.70703125 0.53125 0.0390625 0.0390625
0 0.23828125 0.85546875 0.0390625 0.0390625
0 0.41796875 0.98828125 0.0390625 0.0390625
0 0.421875 0.98828125 0.0390625 0.0390625
0 0.234375 0.99609375 0.0390625 0.0390625
0 0.23828125 0.99609375 0.0390625 0.0390625
