0 0.94140625 0.00390625 0.0390625 0.0390625
0 0.93359375 0.0234375 0.0390625 0.0390625
0 0.9375 0.0234375 0.0390625 0.0390625
0 0.93359375 0.04296875 0.0390625 0.0390625
0 0.36328125 0.046875 0.0390625 0.0390625
0 0.9375 0.06640625 0.0390625 0.0390625
0 0.46875 0.07421875 0.0390625 0.0390625
0 0.359375 0.08984375 0.0390625 0.0390625
0 0.36328125 0.08984375 0.0390625 0.0390625
0 0.9375 0.08984375 0.0390625 0.0390625
0 0.359375 0.09375 0.0390625 0.0390625
0 0.36328125 0.09375 0.0390625 0.0390625
0 0.9375 0.10546875 0.0390625 0.0390625
0 0.36328125 0.109375 0.0390625 0.0390625
0 0.3671875 0.109375 0.0390625 0.0390625
0 0.9375 0.109375 0.0390625 0.0390625
0 0.36328125 0.11328125 0.0390625 0.0390625
0 0.3671875 0.11328125 0.0390625 0.0390625
0 0.47265625 0.11328125 0.0390625 0.0390625
0 0.4765625 0.11328125 0.0390625 0.0390625
0 0.9375 0.12890625 0.0390625 0.0390625
0 0.36328125 0.13671875 0.0390625 0.0390625
0 0.9375 0.15234375 0.0390625 0.0390625
0 0.3671875 0.15625 0.0390625 0.0390625
0 0.93359375 0.17578125 0.0390625 0.0390625
0 0.234375 0.1796875 0.0390625 0.0390625
0 0.23828125 0.1796875 0.0390625 0.0390625
0 0.35546875 0.18359375 0.0390625 0.0390625
0 0.9375 0.22265625 0.0390625 0.0390625
0 0.15625 0.41015625 0.0390625 0.0390625
0 0.21875 0.41015625 0.0390625 0.0390625
0 0.22265625 0.41015625 0.0390625 0.0390625
0 0.41015625 0.41015625 0.0390625 0.0390625
0 0.21875 0.4140625 0.0390625 0.0390625
0 0.22265625 0.4140625 0.0390625 0.0390625
0 0.41015625 0.4140625 0.0390625 0.0390625
0 0.59375 0.4453125 0.0390625 0.0390625
0 0.4765625 0.44921875 0.0390625 0.0390625
0 0.51953125 0.46484375 0.0390625 0.0390625
0 0.6953125 0.46484375 0.0390625 0.0390625
0 0.7265625 0.46875 0.0390625 0.0390625
0 0.54296875 0.47265625 0.0390625 0.0390625
0 0.7265625 0.47265625 0.0390625 0.0390625
0 0.82421875 0.4765625 0.0390625 0.0390625
0 0.82421875 0.48046875 0.0390625 0.0390625
0 0.1171875 0.49609375 0.0390625 0.0390625
0 0.8984375 0.515625 0.0390625 0.0390625
0 0.90234375 0.515625 0.0390625 0.0390625
0 0.8203125 0.51953125 0.0390625 0.0390625
0 0.92578125 0.51953125 0.0390625 0.0390625
0 0.12890625 0.55078125 0.0390625 0.0390625
0 0.2109375 0.5546875 0.0390625 0.0390625
0 0.3046875 0.5546875 0.0390625 0.0390625
0 0.3203125 0.5546875 0.0390625 0.0390625
0 0.32421875 0.5546875 0.0390625 0.0390625
0 0.34375 0.5546875 0.0390625 0.0390625
0 0.41796875 0.5546875 0.0390625 0.0390625
0 0.421875 0.5546875 0.0390625 0.0390625
0 0.4375 0.5546875 0.0390625 0.0390625
0 0.45703125 0.5546875 0.0390625 0.0390625
0 0.49609375 0.5546875 0.0390625 0.0390625
0 0.53515625 0.5546875 0.0390625 0.0390625
0 0.7265625 0.5546875 0.0390625 0.0390625
0 0.15234375 0.55859375 0.0390625 0.0390625
0 0.15625 0.55859375 0.0390625 0.0390625
0 0.265625 0.55859375 0.0390625 0.0390625
0 0.26953125 0.55859375 0.0390625 0.0390625
0 0.3984375 0.55859375 0.0390625 0.0390625
0 0.40234375 0.55859375 0.0390625 0.0390625
0 0.4375 0.55859375 0.0390625 0.0390625
0 0.45703125 0.55859375 0.0390625 0.0390625
0 0.49609375 0.55859375 0.0390625 0.0390625
0 0.59375 0.55859375 0.0390625 0.0390625
0 0.68359375 0.55859375 0.0390625 0.0390625
0 0.6875 0.55859375 0.0390625 0.0390625
0 0.7265625 0.55859375 0.0390625 0.0390625
0 0.765625 0.55859375 0.0390625 0.0390625
0 0.765625 0.5625 0.0390625 0.0390625
0 0.99609375 0.65625 0.0390625 0.0390625
0 0.4921875 0.71875 0.0390625 0.0390625
0 0.8984375 0.7578125 0.0390625 0.0390625
0 0.90234375 0.7578125 0.0390625 0.0390625
0 0.93359375 0.7578125 0.0390625 0.0390625
0 0.9375 0.7578125 0.0390625 0.0390625
0 0.8984375 0.76171875 0.0390625 0.0390625
0 0.90234375 0.76171875 0.0390625 0.0390625
0 0.93359375 0.76171875 0.0390625 0.0390625
0 0.9375 0.76171875 0.0390625 0.0390625
0 0.3125 0.796875 0.0390625 0.0390625
0 0.3359375 0.796875 0.0390625 0.0390625
0 0.3515625 0.796875 0.0390625 0.0390625
0 0.35546875 0.796875 0.0390625 0.0390625
0 0.4375 0.796875 0.0390625 0.0390625
0 0.44140625 0.796875 0.0390625 0.0390625
0 0.3125 0.80078125 0.0390625 0.0390625
0 0.3359375 0.80078125 0.0390625 0.0390625
0 0.3515625 0.80078125 0.0390625 0.0390625
0 0.35546875 0.80078125 0.0390625 0.0390625
0 0.3984375 0.80078125 0.0390625 0.0390625
0 0.4375 0.80078125 0.0390625 0.0390625
0 0.44140625 0.80078125 0.0390625 0.0390625
0 0.26953125 0.8046875 0.0390625 0.0390625
0 0.41796875 0.8046875 0.0390625 0.0390625
0 0.421875 0.8046875 0.0390625 0.0390625
0 0.41796875 0.80859375 0.0390625 0.0390625
0 0.421875 0.80859375 0.0390625 0.0390625
0 0.61328125 0.8125 0.0390625 0.0390625
0 0.63671875 0.8125 0.0390625 0.0390625
0 0.65625 0.8125 0.0390625 0.0390625
0 0.66015625 0.8125 0.0390625 0.0390625
0 0.72265625 0.81640625 0.0390625 0.0390625
0 0.28515625 0.89453125 0.0390625 0.0390625
0 0.3046875 0.89453125 0.0390625 0.0390625
0 0.4296875 0.89453125 0.0390625 0.0390625
0 0.3046875 0.8984375 0.0390625 0.0390625
0 0.3203125 0.8984375 0.0390625 0.0390625
0 0.32421875 0.8984375 0.0390625 0.0390625
0 0.34765625 0.8984375 0.0390625 0.0390625
0 0.3671875 0.8984375 0.0390625 0.0390625
0 0.13671875 0.90234375 0.0390625 0.0390625
0 0.19140625 0.90234375 0.0390625 0.0390625
0 0.23828125 0.90234375 0.0390625 0.0390625
0 0.2421875 0.90234375 0.0390625 0.0390625
0 0.38671875 0.90234375 0.0390625 0.0390625
0 0.13671875 0.90625 0.0390625 0.0390625
0 0.9765625 0.90625 0.0390625 0.0390625
0 0.703125 0.9296875 0.0390625 0.0390625
0 0.140625 0.9375 0.0390625 0.0390625
0 0.1640625 0.9375 0.0390625 0.0390625
0 0.16796875 0.9375 0.0390625 0.0390625
0 0.18359375 0.9375 0.0390625 0.0390625
0 0.1875 0.9375 0.0390625 0.0390625
0 0.25 0.9375 0.0390625 0.0390625
0 0.3125 0.9375 0.0390625 0.0390625
0 0.33203125 0.9375 0.0390625 0.0390625
0 0.35546875 0.9375 0.0390625 0.0390625
0 0.39453125 0.9375 0.0390625 0.0390625
0 0.41796875 0.9375 0.0390625 0.0390625
0 0.421875 0.9375 0.0390625 0.0390625
0 0.44140625 0.9375 0.0390625 0.0390625
0 0.20703125 0.94140625 0.0390625 0.0390625
0 0.2265625 0.94140625 0.0390625 0.0390625
0 0.26953125 0.94140625 0.0390625 0.0390625
0 0.2734375 0.94140625 0.0390625 0.0390625
0 0.29296875 0.94140625 0.0390625 0.0390625
0 0.296875 0.94140625 0.0390625 0.0390625
0 0.375 0.94140625 0.0390625 0.0390625
0 0.37890625 0.94140625 0.0390625 0.0390625
0 0.39453125 0.94140625 0.0390625 0.0390625
0 0.8203125 0.94140625 0.0390625 0.0390625
0 0.82421875 0.94140625 0.0390625 0.0390625
0 0.70703125 0.9609375 0.0390625 0.0390625
0 0.5625 0.96875 0.0390625 0.0390625
0 0.609375 0.97265625 0.0390625 0.0390625
