0 0.6875 0.01171875 0.0390625 0.0390625
0 0.0 0.0546875 0.0390625 0.0390625
0 0.00390625 0.0546875 0.0390625 0.0390625
0 0.046875 0.0546875 0.0390625 0.0390625
0 0.0 0.05859375 0.0390625 0.0390625
0 0.00390625 0.05859375 0.0390625 0.0390625
0 0.046875 0.05859375 0.0390625 0.0390625
0 0.68359375 0.0625 0.0390625 0.0390625
0 0.00390625 0.07421875 0.0390625 0.0390625
0 0.00390625 0.078125 0.0390625 0.0390625
0 0.83203125 0.1015625 0.0390625 0.0390625
0 0.8359375 0.1015625 0.0390625 0.0390625
0 0.6796875 0.109375 0.0390625 0.0390625
0 0.68359375 0.109375 0.0390625 0.0390625
0 0.0 0.12109375 0.0390625 0.0390625
0 0.046875 0.12109375 0.0390625 0.0390625
0 0.046875 0.125 0.0390625 0.0390625
0 0.046875 0.140625 0.0390625 0.0390625
0 0.0 0.14453125 0.0390625 0.0390625
0 0.83203125 0.14453125 0.0390625 0.0390625
0 0.8359375 0.14453125 0.0390625 0.0390625
0 0.83203125 0.1484375 0.0390625 0.0390625
0 0.8359375 0.1484375 0.0390625 0.0390625
0 0.6796875 0.15625 0.0390625 0.0390625
0 0.8359375 0.19921875 0.0390625 0.0390625
0 0.6796875 0.20703125 0.0390625 0.0390625
0 0.83203125 0.24609375 0.0390625 0.0390625
0 0.6796875 0.25390625 0.0390625 0.0390625
0 0.83203125 0.296875 0.0390625 0.0390625
0 0.67578125 0.30078125 0.0390625 0.0390625
0 0.6796875 0.30078125 0.0390625 0.0390625
0 0.83203125 0.30078125 0.0390625 0.0390625
0 0.83203125 0.3515625 0.0390625 0.0390625
0 0.83203125 0.35546875 0.0390625 0.0390625
0 0.828125 0.3984375 0.0390625 0.0390625
0 0.83203125 0.3984375 0.0390625 0.0390625
0 0.06640625 0.4921875 0.0390625 0.0390625
0 0.0703125 0.4921875 0.0390625 0.0390625
0 0.12890625 0.4921875 0.0390625 0.0390625
0 0.1796875 0.4921875 0.0390625 0.0390625
0 0.02734375 0.49609375 0.0390625 0.0390625
0 0.06640625 0.49609375 0.0390625 0.0390625
0 0.0703125 0.49609375 0.0390625 0.0390625
0 0.1796875 0.49609375 0.0390625 0.0390625
0 0.23046875 0.49609375 0.0390625 0.0390625
0 0.28125 0.49609375 0.0390625 0.0390625
0 0.28125 0.5 0.0390625 0.0390625
0 0.80078125 0.50390625 0.0390625 0.0390625
0 0.94921875 0.55078125 0.0390625 0.0390625
0 0.94921875 0.5546875 0.0390625 0.0390625
0 0.9296875 0.578125 0.0390625 0.0390625
0 0.50390625 0.62109375 0.0390625 0.0390625
0 0.03515625 0.66796875 0.0390625 0.0390625
0 0.0390625 0.66796875 0.0390625 0.0390625
0 0.03515625 0.671875 0.0390625 0.0390625
0 0.0390625 0.671875 0.0390625 0.0390625
0 0.828125 0.83984375 0.0390625 0.0390625
0 0.7265625 0.87890625 0.0390625 0.0390625
0 0.828125 0.8828125 0.0390625 0.0390625
0 0.80078125 0.88671875 0.0390625 0.0390625
0 0.8046875 0.88671875 0.0390625 0.0390625
0 0.67578125 0.92578125 0.0390625 0.0390625
0 0.67578125 0.9296875 0.0390625 0.0390625
0 0.828125 0.9296875 0.0390625 0.0390625
0 0.83203125 0.9296875 0.0390625 0.0390625
0 0.28515625 0.9609375 0.0390625 0.0390625
0 0.3046875 0.9609375 0.0390625 0.0390625
0 0.33203125 0.9609375 0.0390625 0.0390625
0 0.28515625 0.96484375 0.0390625 0.0390625
0 0.33203125 0.96484375 0.0390625 0.0390625
0 0.265625 0.96875 0.0390625 0.0390625
0 0.82421875 0.96875 0.0390625 0.0390625
