0 0.0880503144654088 0.0390625 0.06289308176100629 0.0390625
0 0.09433962264150944 0.0390625 0.06289308176100629 0.0390625
0 0.32075471698113206 0.0390625 0.06289308176100629 0.0390625
0 0.5660377358490566 0.0390625 0.06289308176100629 0.0390625
0 0.5723270440251572 0.0390625 0.06289308176100629 0.0390625
0 0.18867924528301888 0.04296875 0.06289308176100629 0.0390625
0 0.22012578616352202 0.04296875 0.06289308176100629 0.0390625
0 0.22641509433962265 0.04296875 0.06289308176100629 0.0390625
0 0.2893081761006289 0.04296875 0.06289308176100629 0.0390625
0 0.32075471698113206 0.04296875 0.06289308176100629 0.0390625
0 0.3584905660377358 0.04296875 0.06289308176100629 0.0390625
0 0.389937106918239 0.04296875 0.06289308176100629 0.0390625
0 0.39622641509433965 0.04296875 0.06289308176100629 0.0390625
0 0.4276729559748428 0.04296875 0.06289308176100629 0.0390625
0 0.4591194968553459 0.04296875 0.06289308176100629 0.0390625
0 0.46540880503144655 0.04296875 0.06289308176100629 0.0390625
0 0.5283018867924528 0.04296875 0.06289308176100629 0.0390625
0 0.5345911949685535 0.04296875 0.06289308176100629 0.0390625
0 0.22012578616352202 0.046875 0.06289308176100629 0.0390625
0 0.22641509433962265 0.046875 0.06289308176100629 0.0390625
0 0.25157232704402516 0.046875 0.06289308176100629 0.0390625
0 0.2578616352201258 0.046875 0.06289308176100629 0.0390625
0 0.3584905660377358 0.046875 0.06289308176100629 0.0390625
0 0.389937106918239 0.046875 0.06289308176100629 0.0390625
0 0.39622641509433965 0.046875 0.06289308176100629 0.0390625
0 0.4276729559748428 0.046875 0.06289308176100629 0.0390625
0 0.8176100628930818 0.15234375 0.06289308176100629 0.0390625
0 0.8238993710691824 0.15234375 0.06289308176100629 0.0390625
0 0.1320754716981132 0.15625 0.06289308176100629 0.0390625
0 0.2641509433962264 0.15625 0.06289308176100629 0.0390625
0 0.3018867924528302 0.15625 0.06289308176100629 0.0390625
0 0.39622641509433965 0.15625 0.06289308176100629 0.0390625
0 0.1320754716981132 0.16015625 0.06289308176100629 0.0390625
0 0.5660377358490566 0.16015625 0.06289308176100629 0.0390625
0 0.8176100628930818 0.19140625 0.06289308176100629 0.0390625
0 0.8176100628930818 0.2421875 0.06289308176100629 0.0390625
0 0.8176100628930818 0.29296875 0.06289308176100629 0.0390625
0 0.8238993710691824 0.29296875 0.06289308176100629 0.0390625
0 0.8176100628930818 0.33203125 0.06289308176100629 0.0390625
0 0.8176100628930818 0.390625 0.06289308176100629 0.0390625
0 0.8176100628930818 0.55859375 0.06289308176100629 0.0390625
0 0.4779874213836478 0.625 0.06289308176100629 0.0390625
0 0.48427672955974843 0.625 0.06289308176100629 0.0390625
0 0.5220125786163522 0.625 0.06289308176100629 0.0390625
0 0.5786163522012578 0.625 0.06289308176100629 0.0390625
0 0.1320754716981132 0.64453125 0.06289308176100629 0.0390625
0 0.13836477987421383 0.64453125 0.06289308176100629 0.0390625
0 0.1320754716981132 0.6484375 0.06289308176100629 0.0390625
0 0.13836477987421383 0.6484375 0.06289308176100629 0.0390625
0 0.14465408805031446 0.69140625 0.06289308176100629 0.0390625
0 0.14465408805031446 0.6953125 0.06289308176100629 0.0390625
0 0.09433962264150944 0.73046875 0.06289308176100629 0.0390625
0 0.09433962264150944 0.734375 0.06289308176100629 0.0390625
0 0.1509433962264151 0.83984375 0.06289308176100629 0.0390625
0 0.13836477987421383 0.86328125 0.06289308176100629 0.0390625
0 0.14465408805031446 0.86328125 0.06289308176100629 0.0390625
0 0.14465408805031446 0.88671875 0.06289308176100629 0.0390625
0 0.5974842767295597 0.90234375 0.06289308176100629 0.0390625
0 0.14465408805031446 0.90625 0.06289308176100629 0.0390625
0 0.5974842767295597 0.90625 0.06289308176100629 0.0390625
