0 0.15234375 0.28515625 0.0390625 0.0390625
0 0.99609375 0.34765625 0.0390625 0.0390625
0 0.29296875 0.3984375 0.0390625 0.0390625
0 0.296875 0.3984375 0.0390625 0.0390625
0 0.55859375 0.40234375 0.0390625 0.0390625
0 0.5625 0.40234375 0.0390625 0.0390625
0 0.41015625 0.42578125 0.0390625 0.0390625
0 0.4140625 0.42578125 0.0390625 0.0390625
0 0.3671875 0.58203125 0.0390625 0.0390625
0 0.37109375 0.58203125 0.0390625 0.0390625
0 0.515625 0.59765625 0.0390625 0.0390625
0 0.609375 0.6171875 0.0390625 0.0390625
0 0.61328125 0.6171875 0.0390625 0.0390625
0 0.51953125 0.6328125 0.0390625 0.0390625
0 0.3671875 0.65234375 0.0390625 0.0390625
0 0.3671875 0.66796875 0.0390625 0.0390625
0 0.515625 0.67578125 0.0390625 0.0390625
0 0.515625 0.6796875 0.0390625 0.0390625
0 0.6171875 0.6953125 0.0390625 0.0390625
0 0.37890625 0.7109375 0.0390625 0.0390625
0 0.37109375 0.73046875 0.0390625 0.0390625
0 0.375 0.73046875 0.0390625 0.0390625
0 0.51953125 0.734375 0.0390625 0.0390625
0 0.61328125 0.734375 0.0390625 0.0390625
0 0.61328125 0.73828125 0.0390625 0.0390625
0 0.375 0.75390625 0.0390625 0.0390625
0 0.515625 0.7578125 0.0390625 0.0390625
0 0.609375 0.7734375 0.0390625 0.0390625
0 0.26953125 0.78515625 0.0390625 0.0390625
0 0.36328125 0.7890625 0.0390625 0.0390625
0 0.515625 0.79296875 0.0390625 0.0390625
0 0.515625 0.796875 0.0390625 0.0390625
0 0.61328125 0.8125 0.0390625 0.0390625
0 0.6171875 0.8125 0.0390625 0.0390625
0 0.36328125 0.828125 0.0390625 0.0390625
0 0.4609375 0.828125 0.0390625 0.0390625
0 0.61328125 0.828125 0.0390625 0.0390625
0 0.26171875 0.83203125 0.0390625 0.0390625
0 0.265625 0.83203125 0.0390625 0.0390625
0 0.36328125 0.83203125 0.0390625 0.0390625
0 0.4609375 0.83203125 0.0390625 0.0390625
0 0.61328125 0.83203125 0.0390625 0.0390625
0 0.26171875 0.8359375 0.0390625 0.0390625
0 0.265625 0.8359375 0.0390625 0.0390625
0 0.4609375 0.84765625 0.0390625 0.0390625
0 0.46484375 0.84765625 0.0390625 0.0390625
0 0.4609375 0.8515625 0.0390625 0.0390625
0 0.46484375 0.8515625 0.0390625 0.0390625
0 0.515625 0.8515625 0.0390625 0.0390625
0 0.51953125 0.8515625 0.0390625 0.0390625
0 0.63671875 0.859375 0.0390625 0.0390625
0 0.640625 0.859375 0.0390625 0.0390625
0 0.6875 0.859375 0.0390625 0.0390625
0 0.36328125 0.86328125 0.0390625 0.0390625
0 0.66796875 0.86328125 0.0390625 0.0390625
0 0.6875 0.86328125 0.0390625 0.0390625
0 0.36328125 0.8671875 0.0390625 0.0390625
0 0.66796875 0.8671875 0.0390625 0.0390625
0 0.734375 0.8671875 0.0390625 0.0390625
0 0.46875 0.87109375 0.0390625 0.0390625
0 0.26953125 0.875 0.0390625 0.0390625
0 0.26953125 0.87890625 0.0390625 0.0390625
0 0.26953125 0.90234375 0.0390625 0.0390625
0 0.26953125 0.90625 0.0390625 0.0390625
0 0.4609375 0.91015625 0.0390625 0.0390625
0 0.46484375 0.91015625 0.0390625 0.0390625
0 0.890625 0.9609375 0.0390625 0.0390625
0 0.1953125 0.96484375 0.0390625 0.0390625
0 0.99609375 0.96484375 0.0390625 0.0390625
0 0.1953125 0.984375 0.0390625 0.0390625
0 0.12109375 0.98828125 0.0390625 0.0390625
0 0.09765625 0.99609375 0.0390625 0.0390625
