0 0.67578125 0.03515625 0.0390625 0.0390625
0 0.8359375 0.06640625 0.0390625 0.0390625
0 0.8359375 0.0703125 0.0390625 0.0390625
0 0.6328125 0.10546875 0.0390625 0.0390625
0 0.68359375 0.1640625 0.0390625 0.0390625
0 0.68359375 0.16796875 0.0390625 0.0390625
0 0.77734375 0.19140625 0.0390625 0.0390625
0 0.109375 0.20703125 0.0390625 0.0390625
0 0.109375 0.2109375 0.0390625 0.0390625
0 0.6328125 0.25390625 0.0390625 0.0390625
0 0.63671875 0.25390625 0.0390625 0.0390625
0 0.75390625 0.3046875 0.0390625 0.0390625
0 0.7578125 0.3046875 0.0390625 0.0390625
0 0.62890625 0.421875 0.0390625 0.0390625
0 0.0546875 0.48046875 0.0390625 0.0390625
0 0.05859375 0.48046875 0.0390625 0.0390625
0 0.0078125 0.484375 0.0390625 0.0390625
0 0.6328125 0.50390625 0.0390625 0.0390625
0 0.6328125 0.54296875 0.0390625 0.0390625
0 0.1328125 0.5625 0.0390625 0.0390625
0 0.546875 0.61328125 0.0390625 0.0390625
0 0.55078125 0.61328125 0.0390625 0.0390625
0 0.546875 0.62890625 0.0390625 0.0390625
0 0.55078125 0.62890625 0.0390625 0.0390625
0 0.68359375 0.671875 0.0390625 0.0390625
0 0.6796875 0.6953125 0.0390625 0.0390625
0 0.62890625 0.73828125 0.0390625 0.0390625
0 0.62890625 0.7421875 0.0390625 0.0390625
0 0.42578125 0.75390625 0.0390625 0.0390625
0 0.4296875 0.75390625 0.0390625 0.0390625
0 0.203125 0.84375 0.0390625 0.0390625
0 0.203125 0.84765625 0.0390625 0.0390625
0 0.265625 0.94140625 0.0390625 0.0390625
0 0.26953125 0.94140625 0.0390625 0.0390625
0 0.484375 0.94140625 0.0390625 0.0390625
0 0.484375 0.9453125 0.0390625 0.0390625
0 0.79296875 0.9453125 0.0390625 0.0390625
0 0.61328125 0.9765625 0.0390625 0.0390625
0 0.0390625 0.99609375 0.0390625 0.0390625
