0 0.18238993710691823 0.015625 0.06289308176100629 0.0390625
0 0.34591194968553457 0.04296875 0.06289308176100629 0.0390625
0 0.3522012578616352 0.04296875 0.06289308176100629 0.0390625
0 0.41509433962264153 0.046875 0.06289308176100629 0.0390625
0 0.41509433962264153 0.05078125 0.06289308176100629 0.0390625
0 0.3836477987421384 0.0546875 0.06289308176100629 0.0390625
0 0.389937106918239 0.0546875 0.06289308176100629 0.0390625
0 0.3836477987421384 0.05859375 0.06289308176100629 0.0390625
0 0.389937106918239 0.05859375 0.06289308176100629 0.0390625
0 0.89937106918239 0.0625 0.06289308176100629 0.0390625
0 0.9056603773584906 0.0625 0.06289308176100629 0.0390625
0 0.7358490566037735 0.109375 0.06289308176100629 0.0390625
0 0.2830188679245283 0.13671875 0.06289308176100629 0.0390625
0 0.39622641509433965 0.23046875 0.06289308176100629 0.0390625
0 0.39622641509433965 0.234375 0.06289308176100629 0.0390625
0 0.9119496855345912 0.25390625 0.06289308176100629 0.0390625
0 0.9056603773584906 0.4140625 0.06289308176100629 0.0390625
0 0.9119496855345912 0.4140625 0.06289308176100629 0.0390625
0 0.3710691823899371 0.4453125 0.06289308176100629 0.0390625
0 0.3710691823899371 0.46875 0.06289308176100629 0.0390625
0 0.9056603773584906 0.47265625 0.06289308176100629 0.0390625
0 0.9119496855345912 0.47265625 0.06289308176100629 0.0390625
0 0.9056603773584906 0.4765625 0.06289308176100629 0.0390625
0 0.9119496855345912 0.4765625 0.06289308176100629 0.0390625
0 0.42138364779874216 0.59375 0.06289308176100629 0.0390625
0 0.42138364779874216 0.6171875 0.06289308176100629 0.0390625
0 0.4276729559748428 0.6171875 0.06289308176100629 0.0390625
0 0.22641509433962265 0.64453125 0.06289308176100629 0.0390625
0 0.23270440251572327 0.64453125 0.06289308176100629 0.0390625
0 0.16352201257861634 0.66796875 0.06289308176100629 0.0390625
0 0.16981132075471697 0.66796875 0.06289308176100629 0.0390625
0 0.1509433962264151 0.6875 0.06289308176100629 0.0390625
0 0.15723270440251572 0.70703125 0.06289308176100629 0.0390625
0 0.9056603773584906 0.72265625 0.06289308176100629 0.0390625
0 0.1509433962264151 0.7265625 0.06289308176100629 0.0390625
0 0.1509433962264151 0.73046875 0.06289308176100629 0.0390625
0 0.9056603773584906 0.765625 0.06289308176100629 0.0390625
0 0.9056603773584906 0.76953125 0.06289308176100629 0.0390625
0 0.37735849056603776 0.85546875 0.06289308176100629 0.0390625
0 0.41509433962264153 0.85546875 0.06289308176100629 0.0390625
0 0.4528301886792453 0.85546875 0.06289308176100629 0.0390625
0 0.20754716981132076 0.859375 0.06289308176100629 0.0390625
0 0.24528301886792453 0.859375 0.06289308176100629 0.0390625
0 0.2830188679245283 0.859375 0.06289308176100629 0.0390625
0 0.31446540880503143 0.859375 0.06289308176100629 0.0390625
0 0.32075471698113206 0.859375 0.06289308176100629 0.0390625
0 0.4528301886792453 0.859375 0.06289308176100629 0.0390625
0 0.49056603773584906 0.859375 0.06289308176100629 0.0390625
0 0.5220125786163522 0.859375 0.06289308176100629 0.0390625
0 0.559748427672956 0.859375 0.06289308176100629 0.0390625
0 0.5911949685534591 0.859375 0.06289308176100629 0.0390625
0 0.660377358490566 0.859375 0.06289308176100629 0.0390625
0 0.20754716981132076 0.86328125 0.06289308176100629 0.0390625
0 0.31446540880503143 0.86328125 0.06289308176100629 0.0390625
0 0.32075471698113206 0.86328125 0.06289308176100629 0.0390625
0 0.34591194968553457 0.86328125 0.06289308176100629 0.0390625
0 0.8742138364779874 0.96484375 0.06289308176100629 0.0390625
0 0.8805031446540881 0.96484375 0.06289308176100629 0.0390625
0 0.8742138364779874 0.96875 0.06289308176100629 0.0390625
0 0.8805031446540881 0.96875 0.06289308176100629 0.0390625
0 0.3522012578616352 0.9765625 0.06289308176100629 0.0390625
0 0.3836477987421384 0.9765625 0.06289308176100629 0.0390625
0 0.5157232704402516 0.9765625 0.06289308176100629 0.0390625
0 0.5220125786163522 0.9765625 0.06289308176100629 0.0390625
0 0.24528301886792453 0.98046875 0.06289308176100629 0.0390625
0 0.3522012578616352 0.98046875 0.06289308176100629 0.0390625
0 0.44025157232704404 0.98046875 0.06289308176100629 0.0390625
0 0.4779874213836478 0.98046875 0.06289308176100629 0.0390625
0 0.5471698113207547 0.98046875 0.06289308176100629 0.0390625
0 0.5534591194968553 0.98046875 0.06289308176100629 0.0390625
0 0.27672955974842767 0.984375 0.06289308176100629 0.0390625
0 0.2830188679245283 0.984375 0.06289308176100629 0.0390625
