0 0.1015625 0.025157232704402517 0.0390625 0.06289308176100629
0 0.28515625 0.025157232704402517 0.0390625 0.06289308176100629
0 0.5078125 0.025157232704402517 0.0390625 0.06289308176100629
0 0.51171875 0.025157232704402517 0.0390625 0.06289308176100629
0 0.421875 0.031446540880503145 0.0390625 0.06289308176100629
0 0.46484375 0.031446540880503145 0.0390625 0.06289308176100629
0 0.46875 0.031446540880503145 0.0390625 0.06289308176100629
0 0.5078125 0.031446540880503145 0.0390625 0.06289308176100629
0 0.51171875 0.031446540880503145 0.0390625 0.06289308176100629
0 0.90625 0.050314465408805034 0.0390625 0.06289308176100629
0 0.90625 0.05660377358490566 0.0390625 0.06289308176100629
0 0.91015625 0.4968553459119497 0.0390625 0.06289308176100629
0 0.91015625 0.5031446540880503 0.0390625 0.06289308176100629
0 0.96484375 0.610062893081761 0.0390625 0.06289308176100629
0 0.90625 0.7547169811320755 0.0390625 0.06289308176100629
