0 0.15234375 0.1328125 0.0390625 0.0390625
0 0.17578125 0.16796875 0.0390625 0.0390625
0 0.37890625 0.42578125 0.0390625 0.0390625
0 0.37890625 0.4296875 0.0390625 0.0390625
0 0.30078125 0.4375 0.0390625 0.0390625
0 0.328125 0.4375 0.0390625 0.0390625
0 0.27734375 0.44140625 0.0390625 0.0390625
0 0.328125 0.44140625 0.0390625 0.0390625
0 0.37890625 0.44921875 0.0390625 0.0390625
0 0.37890625 0.46875 0.0390625 0.0390625
0 0.37890625 0.47265625 0.0390625 0.0390625
0 0.37890625 0.4921875 0.0390625 0.0390625
0 0.78125 0.5078125 0.0390625 0.0390625
0 0.78515625 0.5078125 0.0390625 0.0390625
0 0.94140625 0.51171875 0.0390625 0.0390625
0 0.98046875 0.51171875 0.0390625 0.0390625
0 0.984375 0.51171875 0.0390625 0.0390625
0 0.375 0.515625 0.0390625 0.0390625
0 0.828125 0.515625 0.0390625 0.0390625
0 0.91796875 0.515625 0.0390625 0.0390625
0 0.98046875 0.515625 0.0390625 0.0390625
0 0.984375 0.515625 0.0390625 0.0390625
0 0.59375 0.53125 0.0390625 0.0390625
0 0.59765625 0.53125 0.0390625 0.0390625
0 0.13671875 0.53515625 0.0390625 0.0390625
0 0.5 0.53515625 0.0390625 0.0390625
0 0.50390625 0.53515625 0.0390625 0.0390625
0 0.55078125 0.53515625 0.0390625 0.0390625
0 0.1796875 0.5390625 0.0390625 0.0390625
0 0.375 0.5390625 0.0390625 0.0390625
0 0.37890625 0.5390625 0.0390625 0.0390625
0 0.5 0.5390625 0.0390625 0.0390625
0 0.50390625 0.5390625 0.0390625 0.0390625
0 0.5234375 0.5390625 0.0390625 0.0390625
0 0.55078125 0.5390625 0.0390625 0.0390625
0 0.37890625 0.5625 0.0390625 0.0390625
0 0.3828125 0.5625 0.0390625 0.0390625
0 0.109375 0.58203125 0.0390625 0.0390625
0 0.375 0.58203125 0.0390625 0.0390625
0 0.375 0.5859375 0.0390625 0.0390625
0 0.37890625 0.60546875 0.0390625 0.0390625
0 0.37890625 0.609375 0.0390625 0.0390625
0 0.9375 0.62109375 0.0390625 0.0390625
0 0.9765625 0.62109375 0.0390625 0.0390625
0 0.5078125 0.63671875 0.0390625 0.0390625
0 0.51171875 0.63671875 0.0390625 0.0390625
0 0.4296875 0.640625 0.0390625 0.0390625
0 0.44921875 0.640625 0.0390625 0.0390625
0 0.46875 0.640625 0.0390625 0.0390625
0 0.4921875 0.640625 0.0390625 0.0390625
0 0.53125 0.640625 0.0390625 0.0390625
0 0.53515625 0.640625 0.0390625 0.0390625
0 0.27734375 0.64453125 0.0390625 0.0390625
0 0.30078125 0.64453125 0.0390625 0.0390625
0 0.46875 0.64453125 0.0390625 0.0390625
0 0.53125 0.64453125 0.0390625 0.0390625
0 0.53515625 0.64453125 0.0390625 0.0390625
0 0.6015625 0.64453125 0.0390625 0.0390625
0 0.6015625 0.6484375 0.0390625 0.0390625
0 0.19921875 0.69921875 0.0390625 0.0390625
0 0.1953125 0.73828125 0.0390625 0.0390625
0 0.49609375 0.7578125 0.0390625 0.0390625
0 0.19921875 0.76171875 0.0390625 0.0390625
0 0.91796875 0.76953125 0.0390625 0.0390625
0 0.91796875 0.7734375 0.0390625 0.0390625
0 0.203125 0.78125 0.0390625 0.0390625
0 0.203125 0.78515625 0.0390625 0.0390625
0 0.64453125 0.7890625 0.0390625 0.0390625
0 0.64453125 0.79296875 0.0390625 0.0390625
0 0.9140625 0.79296875 0.0390625 0.0390625
0 0.9140625 0.796875 0.0390625 0.0390625
0 0.04296875 0.87890625 0.0390625 0.0390625
0 0.22265625 0.87890625 0.0390625 0.0390625
0 0.28125 0.87890625 0.0390625 0.0390625
0 0.37109375 0.87890625 0.0390625 0.0390625
0 0.04296875 0.8828125 0.0390625 0.0390625
0 0.37109375 0.8828125 0.0390625 0.0390625
0 0.41015625 0.8828125 0.0390625 0.0390625
0 0.859375 0.8828125 0.0390625 0.0390625
0 0.86328125 0.8828125 0.0390625 0.0390625
0 0.8203125 0.9765625 0.0390625 0.0390625
