0 0.6484375 0.1796875 0.0390625 0.0390625
0 0.65234375 0.1796875 0.0390625 0.0390625
0 0.5703125 0.265625 0.0390625 0.0390625
0 0.35546875 0.484375 0.0390625 0.0390625
0 0.0625 0.50390625 0.0390625 0.0390625
0 0.24609375 0.50390625 0.0390625 0.0390625
0 0.25 0.50390625 0.0390625 0.0390625
0 0.203125 0.5625 0.0390625 0.0390625
0 0.0703125 0.8515625 0.0390625 0.0390625
0 0.07421875 0.8515625 0.0390625 0.0390625
0 0.1015625 0.85546875 0.0390625 0.0390625
0 0.10546875 0.85546875 0.0390625 0.0390625
0 0.13671875 0.85546875 0.0390625 0.0390625
0 0.1640625 0.85546875 0.0390625 0.0390625
0 0.39453125 0.87890625 0.0390625 0.0390625
0 0.3984375 0.87890625 0.0390625 0.0390625
0 0.2109375 0.92578125 0.0390625 0.0390625
0 0.03125 0.93359375 0.0390625 0.0390625
0 0.18359375 0.93359375 0.0390625 0.0390625
0 0.00390625 0.9375 0.0390625 0.0390625
0 0.03125 0.9375 0.0390625 0.0390625
