0 0.5546875 0.75 0.0390625 0.0390625
0 0.55859375 0.75 0.0390625 0.0390625
0 0.59375 0.7734375 0.0390625 0.0390625
0 0.69140625 0.82421875 0.0390625 0.0390625
0 0.6953125 0.82421875 0.0390625 0.0390625
0 0.69140625 0.828125 0.0390625 0.0390625
0 0.6953125 0.828125 0.0390625 0.0390625
0 0.70703125 0.84375 0.0390625 0.0390625
0 0.7109375 0.84375 0.0390625 0.0390625
0 0.7421875 0.87109375 0.0390625 0.0390625
0 0.74609375 0.87109375 0.0390625 0.0390625
0 0.8203125 0.92578125 0.0390625 0.0390625
0 0.8203125 0.9296875 0.0390625 0.0390625
