0 0.30859375 0.0 0.0390625 0.0390625
0 0.3125 0.0 0.0390625 0.0390625
0 0.65625 0.0078125 0.0390625 0.0390625
0 0.66015625 0.0078125 0.0390625 0.0390625
0 0.09375 0.328125 0.0390625 0.0390625
0 0.109375 0.3984375 0.0390625 0.0390625
0 0.109375 0.40234375 0.0390625 0.0390625
0 0.171875 0.6015625 0.0390625 0.0390625
0 0.875 0.78125 0.0390625 0.0390625
0 0.02734375 0.8046875 0.0390625 0.0390625
0 0.1875 0.8125 0.0390625 0.0390625
0 0.72265625 0.921875 0.0390625 0.0390625
0 0.17578125 0.95703125 0.0390625 0.0390625
0 0.1796875 0.95703125 0.0390625 0.0390625
