0 0.3684210526315789 0.0 0.04784688995215311 0.044444444444444446
0 0.17703349282296652 0.0044444444444444444 0.04784688995215311 0.044444444444444446
0 0.18181818181818182 0.0044444444444444444 0.04784688995215311 0.044444444444444446
0 0.45454545454545453 0.0044444444444444444 0.04784688995215311 0.044444444444444446
0 0.10526315789473684 0.013333333333333334 0.04784688995215311 0.044444444444444446
0 0.11004784688995216 0.013333333333333334 0.04784688995215311 0.044444444444444446
0 0.3827751196172249 0.013333333333333334 0.04784688995215311 0.044444444444444446
0 0.19138755980861244 0.017777777777777778 0.04784688995215311 0.044444444444444446
0 0.19617224880382775 0.017777777777777778 0.04784688995215311 0.044444444444444446
0 0.1291866028708134 0.022222222222222223 0.04784688995215311 0.044444444444444446
0 0.215311004784689 0.02666666666666667 0.04784688995215311 0.044444444444444446
0 0.22009569377990432 0.02666666666666667 0.04784688995215311 0.044444444444444446
0 0.4019138755980861 0.02666666666666667 0.04784688995215311 0.044444444444444446
0 0.40669856459330145 0.02666666666666667 0.04784688995215311 0.044444444444444446
0 0.4019138755980861 0.03111111111111111 0.04784688995215311 0.044444444444444446
0 0.40669856459330145 0.03111111111111111 0.04784688995215311 0.044444444444444446
0 0.14832535885167464 0.035555555555555556 0.04784688995215311 0.044444444444444446
0 0.22966507177033493 0.044444444444444446 0.04784688995215311 0.044444444444444446
0 0.23444976076555024 0.044444444444444446 0.04784688995215311 0.044444444444444446
0 0.1674641148325359 0.04888888888888889 0.04784688995215311 0.044444444444444446
0 0.004784688995215311 0.057777777777777775 0.04784688995215311 0.044444444444444446
0 0.004784688995215311 0.06222222222222222 0.04784688995215311 0.044444444444444446
0 0.18181818181818182 0.06666666666666667 0.04784688995215311 0.044444444444444446
0 0.2727272727272727 0.06666666666666667 0.04784688995215311 0.044444444444444446
0 0.27751196172248804 0.06666666666666667 0.04784688995215311 0.044444444444444446
0 0.023923444976076555 0.07111111111111111 0.04784688995215311 0.044444444444444446
0 0.18181818181818182 0.07111111111111111 0.04784688995215311 0.044444444444444446
0 0.2727272727272727 0.07111111111111111 0.04784688995215311 0.044444444444444446
0 0.27751196172248804 0.07111111111111111 0.04784688995215311 0.044444444444444446
0 0.023923444976076555 0.07555555555555556 0.04784688995215311 0.044444444444444446
0 0.20095693779904306 0.08 0.04784688995215311 0.044444444444444446
0 0.20095693779904306 0.08444444444444445 0.04784688995215311 0.044444444444444446
0 0.22009569377990432 0.09777777777777778 0.04784688995215311 0.044444444444444446
0 0.27751196172248804 0.10666666666666667 0.04784688995215311 0.044444444444444446
