0 0.8828125 0.0078125 0.0390625 0.0390625
0 0.8671875 0.0234375 0.0390625 0.0390625
0 0.8671875 0.02734375 0.0390625 0.0390625
0 0.1796875 0.37890625 0.0390625 0.0390625
0 0.7578125 0.3984375 0.0390625 0.0390625
0 0.7578125 0.40234375 0.0390625 0.0390625
0 0.30078125 0.48046875 0.0390625 0.0390625
0 0.54296875 0.48046875 0.0390625 0.0390625
0 0.5078125 0.5234375 0.0390625 0.0390625
0 0.08984375 0.69140625 0.0390625 0.0390625
0 0.8359375 0.71484375 0.0390625 0.0390625
0 0.83984375 0.71484375 0.0390625 0.0390625
0 0.75 0.81640625 0.0390625 0.0390625
0 0.75 0.8203125 0.0390625 0.0390625
