0 0.8125 0.08984375 0.0390625 0.0390625
0 0.8125 0.09375 0.0390625 0.0390625
0 0.80078125 0.109375 0.0390625 0.0390625
0 0.16796875 0.30859375 0.0390625 0.0390625
0 0.79296875 0.34375 0.0390625 0.0390625
0 0.796875 0.34375 0.0390625 0.0390625
0 0.78125 0.359375 0.0390625 0.0390625
0 0.78515625 0.359375 0.0390625 0.0390625
0 0.32421875 0.36328125 0.0390625 0.0390625
0 0.328125 0.36328125 0.0390625 0.0390625
0 0.18359375 0.37109375 0.0390625 0.0390625
0 0.3125 0.37890625 0.0390625 0.0390625
0 0.171875 0.390625 0.0390625 0.0390625
0 0.7578125 0.390625 0.0390625 0.0390625
0 0.74609375 0.40625 0.0390625 0.0390625
0 0.1640625 0.41015625 0.0390625 0.0390625
0 0.2890625 0.4140625 0.0390625 0.0390625
0 0.078125 0.43359375 0.0390625 0.0390625
0 0.08203125 0.43359375 0.0390625 0.0390625
0 0.27734375 0.43359375 0.0390625 0.0390625
0 0.078125 0.4375 0.0390625 0.0390625
0 0.08203125 0.4375 0.0390625 0.0390625
0 0.32421875 0.4375 0.0390625 0.0390625
0 0.14453125 0.4453125 0.0390625 0.0390625
0 0.13671875 0.4609375 0.0390625 0.0390625
0 0.484375 0.4609375 0.0390625 0.0390625
0 0.48828125 0.4609375 0.0390625 0.0390625
0 0.13671875 0.46484375 0.0390625 0.0390625
0 0.25390625 0.46484375 0.0390625 0.0390625
0 0.2578125 0.46484375 0.0390625 0.0390625
0 0.25390625 0.46875 0.0390625 0.0390625
0 0.2578125 0.46875 0.0390625 0.0390625
0 0.0546875 0.47265625 0.0390625 0.0390625
0 0.30078125 0.47265625 0.0390625 0.0390625
0 0.0546875 0.4765625 0.0390625 0.0390625
0 0.12109375 0.48046875 0.0390625 0.0390625
0 0.12109375 0.484375 0.0390625 0.0390625
0 0.24609375 0.484375 0.0390625 0.0390625
0 0.2890625 0.4921875 0.0390625 0.0390625
0 0.29296875 0.4921875 0.0390625 0.0390625
0 0.234375 0.50390625 0.0390625 0.0390625
0 0.03125 0.51171875 0.0390625 0.0390625
0 0.03125 0.515625 0.0390625 0.0390625
0 0.09375 0.53515625 0.0390625 0.0390625
0 0.09765625 0.53515625 0.0390625 0.0390625
0 0.21484375 0.5390625 0.0390625 0.0390625
0 0.21875 0.5390625 0.0390625 0.0390625
0 0.37890625 0.55078125 0.0390625 0.0390625
0 0.078125 0.5546875 0.0390625 0.0390625
0 0.25 0.5546875 0.0390625 0.0390625
0 0.25390625 0.5546875 0.0390625 0.0390625
0 0.421875 0.5546875 0.0390625 0.0390625
0 0.42578125 0.5546875 0.0390625 0.0390625
0 0.25 0.55859375 0.0390625 0.0390625
0 0.25390625 0.55859375 0.0390625 0.0390625
0 0.06640625 0.5703125 0.0390625 0.0390625
0 0.3671875 0.5703125 0.0390625 0.0390625
0 0.19140625 0.57421875 0.0390625 0.0390625
0 0.1953125 0.57421875 0.0390625 0.0390625
0 0.234375 0.57421875 0.0390625 0.0390625
0 0.23828125 0.57421875 0.0390625 0.0390625
0 0.19140625 0.578125 0.0390625 0.0390625
0 0.1953125 0.578125 0.0390625 0.0390625
0 0.234375 0.578125 0.0390625 0.0390625
0 0.23828125 0.578125 0.0390625 0.0390625
0 0.06640625 0.59375 0.0390625 0.0390625
0 0.234375 0.6015625 0.0390625 0.0390625
0 0.390625 0.609375 0.0390625 0.0390625
0 0.39453125 0.609375 0.0390625 0.0390625
0 0.21484375 0.61328125 0.0390625 0.0390625
0 0.390625 0.61328125 0.0390625 0.0390625
0 0.39453125 0.61328125 0.0390625 0.0390625
0 0.15625 0.62109375 0.0390625 0.0390625
0 0.37890625 0.625 0.0390625 0.0390625
0 0.15234375 0.640625 0.0390625 0.0390625
0 0.3203125 0.640625 0.0390625 0.0390625
0 0.15234375 0.64453125 0.0390625 0.0390625
0 0.1953125 0.64453125 0.0390625 0.0390625
0 0.37109375 0.64453125 0.0390625 0.0390625
0 0.1953125 0.6484375 0.0390625 0.0390625
0 0.1328125 0.66015625 0.0390625 0.0390625
0 0.13671875 0.66015625 0.0390625 0.0390625
0 0.29296875 0.67578125 0.0390625 0.0390625
0 0.34375 0.68359375 0.0390625 0.0390625
0 0.18359375 0.69140625 0.0390625 0.0390625
0 0.27734375 0.71484375 0.0390625 0.0390625
0 0.27734375 0.71875 0.0390625 0.0390625
0 0.26171875 0.734375 0.0390625 0.0390625
0 0.265625 0.734375 0.0390625 0.0390625
0 0.26171875 0.73828125 0.0390625 0.0390625
0 0.265625 0.73828125 0.0390625 0.0390625
0 0.84375 0.91015625 0.0390625 0.0390625
0 0.84375 0.9140625 0.0390625 0.0390625
