0 0.3828125 0.5066666666666667 0.0390625 0.044444444444444446
0 0.38671875 0.5066666666666667 0.0390625 0.044444444444444446
0 0.55078125 0.7244444444444444 0.0390625 0.044444444444444446
0 0.55078125 0.7288888888888889 0.0390625 0.044444444444444446
0 0.64453125 0.7466666666666667 0.0390625 0.044444444444444446
0 0.6484375 0.7466666666666667 0.0390625 0.044444444444444446
0 0.33203125 0.8666666666666667 0.0390625 0.044444444444444446
0 0.3359375 0.8666666666666667 0.0390625 0.044444444444444446
0 0.33203125 0.8711111111111111 0.0390625 0.044444444444444446
0 0.3359375 0.8711111111111111 0.0390625 0.044444444444444446
0 0.29296875 0.9333333333333333 0.0390625 0.044444444444444446
0 0.3359375 0.9333333333333333 0.0390625 0.044444444444444446
0 0.3359375 0.9377777777777778 0.0390625 0.044444444444444446
0 0.28125 0.96 0.0390625 0.044444444444444446
0 0.15234375 0.9777777777777777 0.0390625 0.044444444444444446
