0 0.09765625 0.015625 0.0390625 0.0390625
0 0.265625 0.0234375 0.0390625 0.0390625
0 0.26953125 0.0234375 0.0390625 0.0390625
0 0.265625 0.02734375 0.0390625 0.0390625
0 0.26953125 0.02734375 0.0390625 0.0390625
0 0.390625 0.02734375 0.0390625 0.0390625
0 0.6015625 0.05859375 0.0390625 0.0390625
0 0.6015625 0.0625 0.0390625 0.0390625
0 0.59765625 0.08203125 0.0390625 0.0390625
0 0.34765625 0.08984375 0.0390625 0.0390625
0 0.4140625 0.1796875 0.0390625 0.0390625
0 0.4140625 0.18359375 0.0390625 0.0390625
0 0.28125 0.19140625 0.0390625 0.0390625
0 0.28515625 0.19140625 0.0390625 0.0390625
0 0.28125 0.1953125 0.0390625 0.0390625
0 0.28515625 0.1953125 0.0390625 0.0390625
0 0.38671875 0.234375 0.0390625 0.0390625
0 0.29296875 0.32421875 0.0390625 0.0390625
0 0.19921875 0.375 0.0390625 0.0390625
0 0.203125 0.375 0.0390625 0.0390625
0 0.23828125 0.40625 0.0390625 0.0390625
0 0.4296875 0.41015625 0.0390625 0.0390625
0 0.43359375 0.41015625 0.0390625 0.0390625
0 0.28515625 0.4375 0.0390625 0.0390625
0 0.2890625 0.4375 0.0390625 0.0390625
0 0.33203125 0.45703125 0.0390625 0.0390625
0 0.33203125 0.4609375 0.0390625 0.0390625
0 0.05859375 0.57421875 0.0390625 0.0390625
0 0.0625 0.57421875 0.0390625 0.0390625
0 0.05859375 0.578125 0.0390625 0.0390625
0 0.0625 0.578125 0.0390625 0.0390625
