0 0.52734375 0.3203125 0.0390625 0.0390625
0 0.53125 0.3203125 0.0390625 0.0390625
0 0.52734375 0.32421875 0.0390625 0.0390625
0 0.53125 0.32421875 0.0390625 0.0390625
0 0.19921875 0.60546875 0.0390625 0.0390625
0 0.19921875 0.75 0.0390625 0.0390625
0 0.203125 0.75 0.0390625 0.0390625
0 0.23046875 0.7890625 0.0390625 0.0390625
0 0.234375 0.7890625 0.0390625 0.0390625
0 0.28125 0.7890625 0.0390625 0.0390625
0 0.28125 0.79296875 0.0390625 0.0390625
0 0.6875 0.84765625 0.0390625 0.0390625
0 0.78125 0.9140625 0.0390625 0.0390625
0 0.53515625 0.97265625 0.0390625 0.0390625
0 0.5390625 0.97265625 0.0390625 0.0390625
0 0.5234375 0.9921875 0.0390625 0.0390625
