0 0.8203125 0.171875 0.0390625 0.0390625
0 0.40234375 0.3359375 0.0390625 0.0390625
0 0.40625 0.3359375 0.0390625 0.0390625
0 0.37109375 0.37109375 0.0390625 0.0390625
0 0.38671875 0.375 0.0390625 0.0390625
0 0.43359375 0.5 0.0390625 0.0390625
0 0.4375 0.5 0.0390625 0.0390625
0 0.9453125 0.53125 0.0390625 0.0390625
0 0.7421875 0.7265625 0.0390625 0.0390625
0 0.7421875 0.73046875 0.0390625 0.0390625
0 0.84375 0.73828125 0.0390625 0.0390625
0 0.8671875 0.7421875 0.0390625 0.0390625
0 0.48828125 0.97265625 0.0390625 0.0390625
0 0.4921875 0.97265625 0.0390625 0.0390625
0 0.91015625 0.98046875 0.0390625 0.0390625
