0 0.546875 0.00390625 0.0390625 0.0390625
0 0.90625 0.25 0.0390625 0.0390625
0 0.0078125 0.65625 0.0390625 0.0390625
0 0.01171875 0.65625 0.0390625 0.0390625
0 0.02734375 0.6640625 0.0390625 0.0390625
0 0.01953125 0.70703125 0.0390625 0.0390625
0 0.0234375 0.70703125 0.0390625 0.0390625
0 0.01953125 0.7109375 0.0390625 0.0390625
0 0.0234375 0.7109375 0.0390625 0.0390625
0 0.0234375 0.765625 0.0390625 0.0390625
0 0.19921875 0.78125 0.0390625 0.0390625
0 0.19140625 0.8046875 0.0390625 0.0390625
0 0.1953125 0.8046875 0.0390625 0.0390625
0 0.19140625 0.80859375 0.0390625 0.0390625
0 0.1953125 0.80859375 0.0390625 0.0390625
0 0.62109375 0.81640625 0.0390625 0.0390625
0 0.19140625 0.828125 0.0390625 0.0390625
0 0.61328125 0.8359375 0.0390625 0.0390625
0 0.6171875 0.8359375 0.0390625 0.0390625
0 0.61328125 0.83984375 0.0390625 0.0390625
0 0.6171875 0.83984375 0.0390625 0.0390625
0 0.29296875 0.84765625 0.0390625 0.0390625
0 0.296875 0.84765625 0.0390625 0.0390625
0 0.609375 0.859375 0.0390625 0.0390625
0 0.29296875 0.8671875 0.0390625 0.0390625
0 0.59765625 0.875 0.0390625 0.0390625
0 0.59765625 0.87890625 0.0390625 0.0390625
0 0.59375 0.89453125 0.0390625 0.0390625
0 0.59765625 0.89453125 0.0390625 0.0390625
0 0.59375 0.921875 0.0390625 0.0390625
0 0.59765625 0.921875 0.0390625 0.0390625
0 0.17578125 0.9453125 0.0390625 0.0390625
0 0.17578125 0.94921875 0.0390625 0.0390625
0 0.8203125 0.9609375 0.0390625 0.0390625
