0 0.7421875 0.0859375 0.0390625 0.0390625
0 0.4921875 0.26953125 0.0390625 0.0390625
0 0.421875 0.3984375 0.0390625 0.0390625
0 0.71484375 0.41015625 0.0390625 0.0390625
0 0.56640625 0.5078125 0.0390625 0.0390625
0 0.96875 0.51171875 0.0390625 0.0390625
0 0.609375 0.51953125 0.0390625 0.0390625
0 0.6328125 0.5234375 0.0390625 0.0390625
0 0.6640625 0.52734375 0.0390625 0.0390625
0 0.66796875 0.52734375 0.0390625 0.0390625
0 0.71875 0.53125 0.0390625 0.0390625
0 0.734375 0.53125 0.0390625 0.0390625
0 0.73828125 0.53125 0.0390625 0.0390625
0 0.82421875 0.54296875 0.0390625 0.0390625
0 0.84375 0.546875 0.0390625 0.0390625
0 0.84765625 0.546875 0.0390625 0.0390625
0 0.93359375 0.5546875 0.0390625 0.0390625
0 0.859375 0.8359375 0.0390625 0.0390625
0 0.90234375 0.859375 0.0390625 0.0390625
