0 0.07421875 0.23828125 0.0390625 0.0390625
0 0.07421875 0.2421875 0.0390625 0.0390625
0 0.18359375 0.6171875 0.0390625 0.0390625
0 0.1953125 0.63671875 0.0390625 0.0390625
0 0.19921875 0.65625 0.0390625 0.0390625
0 0.203125 0.65625 0.0390625 0.0390625
0 0.20703125 0.6796875 0.0390625 0.0390625
0 0.21484375 0.703125 0.0390625 0.0390625
0 0.2265625 0.72265625 0.0390625 0.0390625
0 0.2265625 0.7421875 0.0390625 0.0390625
0 0.34765625 0.7578125 0.0390625 0.0390625
0 0.3515625 0.7578125 0.0390625 0.0390625
0 0.84375 0.7578125 0.0390625 0.0390625
0 0.23046875 0.76171875 0.0390625 0.0390625
0 0.234375 0.76171875 0.0390625 0.0390625
0 0.89453125 0.765625 0.0390625 0.0390625
0 0.23828125 0.77734375 0.0390625 0.0390625
0 0.23828125 0.78125 0.0390625 0.0390625
0 0.33984375 0.7890625 0.0390625 0.0390625
0 0.2421875 0.796875 0.0390625 0.0390625
0 0.24609375 0.796875 0.0390625 0.0390625
0 0.25 0.80859375 0.0390625 0.0390625
0 0.25 0.8125 0.0390625 0.0390625
0 0.25 0.828125 0.0390625 0.0390625
0 0.25390625 0.828125 0.0390625 0.0390625
0 0.80078125 0.9921875 0.0390625 0.0390625
