0 0.80859375 0.08984375 0.0390625 0.0390625
0 0.8046875 0.109375 0.0390625 0.0390625
0 0.8046875 0.11328125 0.0390625 0.0390625
0 0.26953125 0.1171875 0.0390625 0.0390625
0 0.2734375 0.1171875 0.0390625 0.0390625
0 0.08984375 0.24609375 0.0390625 0.0390625
0 0.27734375 0.26953125 0.0390625 0.0390625
0 0.328125 0.2734375 0.0390625 0.0390625
0 0.328125 0.27734375 0.0390625 0.0390625
0 0.45703125 0.29296875 0.0390625 0.0390625
0 0.4609375 0.29296875 0.0390625 0.0390625
0 0.55859375 0.3046875 0.0390625 0.0390625
0 0.1875 0.34765625 0.0390625 0.0390625
0 0.2578125 0.375 0.0390625 0.0390625
0 0.5390625 0.3828125 0.0390625 0.0390625
0 0.54296875 0.3828125 0.0390625 0.0390625
0 0.2578125 0.3984375 0.0390625 0.0390625
0 0.26171875 0.3984375 0.0390625 0.0390625
0 0.2578125 0.40234375 0.0390625 0.0390625
0 0.26171875 0.40234375 0.0390625 0.0390625
0 0.6796875 0.40234375 0.0390625 0.0390625
0 0.68359375 0.40234375 0.0390625 0.0390625
0 0.6796875 0.40625 0.0390625 0.0390625
0 0.68359375 0.40625 0.0390625 0.0390625
0 0.13671875 0.41015625 0.0390625 0.0390625
0 0.70703125 0.41015625 0.0390625 0.0390625
0 0.7109375 0.41015625 0.0390625 0.0390625
0 0.21484375 0.421875 0.0390625 0.0390625
0 0.21875 0.421875 0.0390625 0.0390625
0 0.21484375 0.42578125 0.0390625 0.0390625
0 0.21875 0.42578125 0.0390625 0.0390625
0 0.12890625 0.4296875 0.0390625 0.0390625
0 0.2578125 0.4296875 0.0390625 0.0390625
0 0.25390625 0.44921875 0.0390625 0.0390625
0 0.24609375 0.47265625 0.0390625 0.0390625
0 0.125 0.4765625 0.0390625 0.0390625
0 0.12890625 0.4765625 0.0390625 0.0390625
0 0.46875 0.484375 0.0390625 0.0390625
0 0.44140625 0.48828125 0.0390625 0.0390625
0 0.46875 0.48828125 0.0390625 0.0390625
0 0.17578125 0.5 0.0390625 0.0390625
0 0.1953125 0.5 0.0390625 0.0390625
0 0.21484375 0.50390625 0.0390625 0.0390625
0 0.69140625 0.53125 0.0390625 0.0390625
0 0.10546875 0.546875 0.0390625 0.0390625
0 0.328125 0.64453125 0.0390625 0.0390625
0 0.03515625 0.66015625 0.0390625 0.0390625
0 0.15234375 0.67578125 0.0390625 0.0390625
0 0.1953125 0.67578125 0.0390625 0.0390625
0 0.2421875 0.68359375 0.0390625 0.0390625
0 0.2421875 0.6875 0.0390625 0.0390625
0 0.90625 0.6875 0.0390625 0.0390625
0 0.3046875 0.69140625 0.0390625 0.0390625
0 0.1171875 0.90625 0.0390625 0.0390625
