0 0.12890625 0.23046875 0.0390625 0.0390625
0 0.125 0.24609375 0.0390625 0.0390625
0 0.12890625 0.24609375 0.0390625 0.0390625
0 0.03125 0.25 0.0390625 0.0390625
0 0.125 0.25 0.0390625 0.0390625
0 0.12890625 0.25 0.0390625 0.0390625
0 0.0859375 0.26171875 0.0390625 0.0390625
0 0.08984375 0.26171875 0.0390625 0.0390625
0 0.70703125 0.3203125 0.0390625 0.0390625
0 0.7265625 0.50390625 0.0390625 0.0390625
0 0.24609375 0.62109375 0.0390625 0.0390625
0 0.4765625 0.73828125 0.0390625 0.0390625
0 0.1328125 0.79296875 0.0390625 0.0390625
0 0.21484375 0.82421875 0.0390625 0.0390625
0 0.21484375 0.828125 0.0390625 0.0390625
0 0.28515625 0.859375 0.0390625 0.0390625
0 0.28515625 0.86328125 0.0390625 0.0390625
0 0.828125 0.87109375 0.0390625 0.0390625
0 0.83203125 0.87109375 0.0390625 0.0390625
0 0.828125 0.875 0.0390625 0.0390625
0 0.83203125 0.875 0.0390625 0.0390625
0 0.33984375 0.98046875 0.0390625 0.0390625
0 0.8671875 0.98828125 0.0390625 0.0390625
