0 0.5234375 0.2421875 0.0390625 0.0390625
0 0.70703125 0.265625 0.0390625 0.0390625
0 0.33984375 0.32421875 0.0390625 0.0390625
0 0.6953125 0.34375 0.0390625 0.0390625
0 0.6953125 0.34765625 0.0390625 0.0390625
0 0.1875 0.390625 0.0390625 0.0390625
0 0.19140625 0.390625 0.0390625 0.0390625
0 0.1875 0.39453125 0.0390625 0.0390625
0 0.19140625 0.39453125 0.0390625 0.0390625
0 0.30859375 0.3984375 0.0390625 0.0390625
0 0.26171875 0.40234375 0.0390625 0.0390625
0 0.0390625 0.41796875 0.0390625 0.0390625
0 0.03125 0.5078125 0.0390625 0.0390625
0 0.58984375 0.73828125 0.0390625 0.0390625
0 0.64453125 0.73828125 0.0390625 0.0390625
0 0.64453125 0.7421875 0.0390625 0.0390625
0 0.7265625 0.75 0.0390625 0.0390625
0 0.76953125 0.75390625 0.0390625 0.0390625
0 0.56640625 0.82421875 0.0390625 0.0390625
0 0.6640625 0.83984375 0.0390625 0.0390625
0 0.66796875 0.83984375 0.0390625 0.0390625
0 0.3671875 0.8671875 0.0390625 0.0390625
0 0.3671875 0.87109375 0.0390625 0.0390625
0 0.36328125 0.9140625 0.0390625 0.0390625
0 0.3671875 0.9140625 0.0390625 0.0390625
0 0.359375 0.9375 0.0390625 0.0390625
