0 0.9921875 0.35546875 0.0390625 0.0390625
0 0.99609375 0.35546875 0.0390625 0.0390625
0 0.74609375 0.375 0.0390625 0.0390625
0 0.984375 0.37890625 0.0390625 0.0390625
0 0.98828125 0.37890625 0.0390625 0.0390625
0 0.984375 0.3828125 0.0390625 0.0390625
0 0.98828125 0.3828125 0.0390625 0.0390625
0 0.30078125 0.38671875 0.0390625 0.0390625
0 0.3046875 0.38671875 0.0390625 0.0390625
0 0.30078125 0.390625 0.0390625 0.0390625
0 0.3046875 0.390625 0.0390625 0.0390625
0 0.30078125 0.41015625 0.0390625 0.0390625
0 0.390625 0.41015625 0.0390625 0.0390625
0 0.39453125 0.41015625 0.0390625 0.0390625
0 0.296875 0.4296875 0.0390625 0.0390625
0 0.29296875 0.4453125 0.0390625 0.0390625
0 0.296875 0.4453125 0.0390625 0.0390625
0 0.43359375 0.4609375 0.0390625 0.0390625
0 0.61328125 0.46875 0.0390625 0.0390625
0 0.61328125 0.4921875 0.0390625 0.0390625
0 0.78125 0.4921875 0.0390625 0.0390625
0 0.82421875 0.4921875 0.0390625 0.0390625
0 0.828125 0.4921875 0.0390625 0.0390625
0 0.26953125 0.5 0.0390625 0.0390625
0 0.2734375 0.5 0.0390625 0.0390625
0 0.31640625 0.50390625 0.0390625 0.0390625
0 0.44140625 0.51953125 0.0390625 0.0390625
0 0.8203125 0.51953125 0.0390625 0.0390625
0 0.82421875 0.51953125 0.0390625 0.0390625
0 0.44140625 0.5234375 0.0390625 0.0390625
0 0.62890625 0.546875 0.0390625 0.0390625
0 0.66796875 0.55078125 0.0390625 0.0390625
0 0.37109375 0.56640625 0.0390625 0.0390625
0 0.0 0.58203125 0.0390625 0.0390625
0 0.921875 0.58203125 0.0390625 0.0390625
0 0.73046875 0.71484375 0.0390625 0.0390625
0 0.73046875 0.71875 0.0390625 0.0390625
0 0.41015625 0.96875 0.0390625 0.0390625
0 0.24609375 0.984375 0.0390625 0.0390625
