0 0.76953125 0.00390625 0.0390625 0.0390625
0 0.7734375 0.00390625 0.0390625 0.0390625
0 0.76953125 0.0078125 0.0390625 0.0390625
0 0.7734375 0.0078125 0.0390625 0.0390625
0 0.8203125 0.01171875 0.0390625 0.0390625
0 0.86328125 0.015625 0.0390625 0.0390625
0 0.8671875 0.015625 0.0390625 0.0390625
0 0.5078125 0.01953125 0.0390625 0.0390625
0 0.86328125 0.01953125 0.0390625 0.0390625
0 0.8671875 0.01953125 0.0390625 0.0390625
0 0.56640625 0.0234375 0.0390625 0.0390625
0 0.9140625 0.0234375 0.0390625 0.0390625
0 0.91796875 0.0234375 0.0390625 0.0390625
0 0.56640625 0.02734375 0.0390625 0.0390625
0 0.60546875 0.03515625 0.0390625 0.0390625
0 0.609375 0.03515625 0.0390625 0.0390625
0 0.66796875 0.04296875 0.0390625 0.0390625
0 0.671875 0.04296875 0.0390625 0.0390625
0 0.7421875 0.05078125 0.0390625 0.0390625
0 0.7421875 0.0546875 0.0390625 0.0390625
0 0.8359375 0.0625 0.0390625 0.0390625
0 0.8359375 0.06640625 0.0390625 0.0390625
0 0.89453125 0.0703125 0.0390625 0.0390625
0 0.31640625 0.1171875 0.0390625 0.0390625
0 0.3203125 0.1171875 0.0390625 0.0390625
0 0.515625 0.16796875 0.0390625 0.0390625
0 0.65625 0.1796875 0.0390625 0.0390625
0 0.02734375 0.30078125 0.0390625 0.0390625
0 0.0078125 0.30859375 0.0390625 0.0390625
0 0.42578125 0.42578125 0.0390625 0.0390625
0 0.3984375 0.4296875 0.0390625 0.0390625
0 0.44921875 0.43359375 0.0390625 0.0390625
0 0.47265625 0.43359375 0.0390625 0.0390625
0 0.51953125 0.4375 0.0390625 0.0390625
0 0.51953125 0.44140625 0.0390625 0.0390625
0 0.0546875 0.4609375 0.0390625 0.0390625
0 0.68359375 0.46875 0.0390625 0.0390625
0 0.6875 0.46875 0.0390625 0.0390625
0 0.55859375 0.4921875 0.0390625 0.0390625
0 0.5625 0.4921875 0.0390625 0.0390625
0 0.61328125 0.4921875 0.0390625 0.0390625
0 0.66015625 0.4921875 0.0390625 0.0390625
0 0.5390625 0.49609375 0.0390625 0.0390625
0 0.54296875 0.49609375 0.0390625 0.0390625
0 0.63671875 0.49609375 0.0390625 0.0390625
0 0.66015625 0.49609375 0.0390625 0.0390625
0 0.86328125 0.50390625 0.0390625 0.0390625
0 0.67578125 0.5078125 0.0390625 0.0390625
0 0.6796875 0.5078125 0.0390625 0.0390625
0 0.67578125 0.51171875 0.0390625 0.0390625
0 0.6796875 0.51171875 0.0390625 0.0390625
0 0.69921875 0.5234375 0.0390625 0.0390625
0 0.703125 0.5234375 0.0390625 0.0390625
0 0.578125 0.53125 0.0390625 0.0390625
0 0.578125 0.53515625 0.0390625 0.0390625
0 0.609375 0.5390625 0.0390625 0.0390625
0 0.6328125 0.5390625 0.0390625 0.0390625
0 0.609375 0.54296875 0.0390625 0.0390625
0 0.67578125 0.55078125 0.0390625 0.0390625
0 0.67578125 0.5546875 0.0390625 0.0390625
0 0.9453125 0.65234375 0.0390625 0.0390625
0 0.9921875 0.65625 0.0390625 0.0390625
0 0.99609375 0.65625 0.0390625 0.0390625
0 0.6484375 0.7109375 0.0390625 0.0390625
0 0.65234375 0.7109375 0.0390625 0.0390625
