0 0.9609375 0.0078125 0.0390625 0.0390625
0 0.96484375 0.0078125 0.0390625 0.0390625
0 0.9609375 0.01171875 0.0390625 0.0390625
0 0.96484375 0.01171875 0.0390625 0.0390625
0 0.86328125 0.015625 0.0390625 0.0390625
0 0.8671875 0.015625 0.0390625 0.0390625
0 0.84765625 0.02734375 0.0390625 0.0390625
0 0.8515625 0.02734375 0.0390625 0.0390625
0 0.08203125 0.11328125 0.0390625 0.0390625
0 0.0859375 0.11328125 0.0390625 0.0390625
0 0.96875 0.11328125 0.0390625 0.0390625
0 0.08203125 0.1171875 0.0390625 0.0390625
0 0.0859375 0.1171875 0.0390625 0.0390625
0 0.4765625 0.203125 0.0390625 0.0390625
0 0.48046875 0.203125 0.0390625 0.0390625
0 0.42578125 0.20703125 0.0390625 0.0390625
0 0.4296875 0.20703125 0.0390625 0.0390625
0 0.01171875 0.2421875 0.0390625 0.0390625
0 0.6953125 0.328125 0.0390625 0.0390625
0 0.6953125 0.33203125 0.0390625 0.0390625
0 0.21875 0.69921875 0.0390625 0.0390625
