0 0.33203125 0.0703125 0.0390625 0.0390625
0 0.33203125 0.07421875 0.0390625 0.0390625
0 0.375 0.078125 0.0390625 0.0390625
0 0.33203125 0.09375 0.0390625 0.0390625
0 0.33203125 0.09765625 0.0390625 0.0390625
0 0.3671875 0.10546875 0.0390625 0.0390625
0 0.37109375 0.10546875 0.0390625 0.0390625
0 0.328125 0.125 0.0390625 0.0390625
0 0.328125 0.1484375 0.0390625 0.0390625
0 0.30859375 0.19921875 0.0390625 0.0390625
0 0.3828125 0.21875 0.0390625 0.0390625
0 0.44921875 0.484375 0.0390625 0.0390625
0 0.5703125 0.52734375 0.0390625 0.0390625
0 0.359375 0.6171875 0.0390625 0.0390625
0 0.41796875 0.63671875 0.0390625 0.0390625
0 0.328125 0.765625 0.0390625 0.0390625
