0 0.5625 0.1796875 0.0390625 0.0390625
0 0.109375 0.25 0.0390625 0.0390625
0 0.109375 0.2734375 0.0390625 0.0390625
0 0.11328125 0.2734375 0.0390625 0.0390625
0 0.984375 0.4140625 0.0390625 0.0390625
0 0.5625 0.6328125 0.0390625 0.0390625
0 0.5625 0.63671875 0.0390625 0.0390625
0 0.71484375 0.66796875 0.0390625 0.0390625
0 0.16015625 0.75390625 0.0390625 0.0390625
0 0.1015625 0.8203125 0.0390625 0.0390625
0 0.09375 0.83984375 0.0390625 0.0390625
0 0.09765625 0.83984375 0.0390625 0.0390625
0 0.09375 0.84375 0.0390625 0.0390625
0 0.09765625 0.84375 0.0390625 0.0390625
