0 0.45703125 0.40234375 0.0390625 0.0390625
0 0.6328125 0.53125 0.0390625 0.0390625
0 0.4296875 0.6171875 0.0390625 0.0390625
0 0.4296875 0.62109375 0.0390625 0.0390625
0 0.4453125 0.6953125 0.0390625 0.0390625
0 0.0390625 0.91015625 0.0390625 0.0390625
0 0.6328125 0.91015625 0.0390625 0.0390625
0 0.984375 0.91015625 0.0390625 0.0390625
0 0.98828125 0.91015625 0.0390625 0.0390625
0 0.0390625 0.9140625 0.0390625 0.0390625
0 0.95703125 0.91796875 0.0390625 0.0390625
0 0.67578125 0.9453125 0.0390625 0.0390625
0 0.67578125 0.94921875 0.0390625 0.0390625
