0 0.47265625 0.0078125 0.0390625 0.0390625
0 0.4765625 0.0078125 0.0390625 0.0390625
0 0.26171875 0.16015625 0.0390625 0.0390625
0 0.265625 0.16015625 0.0390625 0.0390625
0 0.3828125 0.86328125 0.0390625 0.0390625
0 0.3828125 0.8671875 0.0390625 0.0390625
0 0.47265625 0.88671875 0.0390625 0.0390625
0 0.47265625 0.890625 0.0390625 0.0390625
0 0.4921875 0.890625 0.0390625 0.0390625
0 0.515625 0.89453125 0.0390625 0.0390625
0 0.5390625 0.89453125 0.0390625 0.0390625
0 0.54296875 0.89453125 0.0390625 0.0390625
0 0.515625 0.8984375 0.0390625 0.0390625
0 0.5390625 0.8984375 0.0390625 0.0390625
0 0.54296875 0.8984375 0.0390625 0.0390625
0 0.56640625 0.90234375 0.0390625 0.0390625
0 0.5703125 0.90234375 0.0390625 0.0390625
0 0.58984375 0.90625 0.0390625 0.0390625
0 0.6171875 0.9140625 0.0390625 0.0390625
0 0.65625 0.99609375 0.0390625 0.0390625
