0 0.1015625 0.15234375 0.0390625 0.0390625
0 0.1015625 0.15625 0.0390625 0.0390625
0 0.86328125 0.17578125 0.0390625 0.0390625
0 0.8671875 0.17578125 0.0390625 0.0390625
0 0.76953125 0.234375 0.0390625 0.0390625
0 0.7734375 0.234375 0.0390625 0.0390625
0 0.8125 0.234375 0.0390625 0.0390625
0 0.76953125 0.23828125 0.0390625 0.0390625
0 0.7734375 0.23828125 0.0390625 0.0390625
0 0.79296875 0.23828125 0.0390625 0.0390625
0 0.8125 0.23828125 0.0390625 0.0390625
0 0.8359375 0.2421875 0.0390625 0.0390625
0 0.390625 0.3984375 0.0390625 0.0390625
0 0.39453125 0.3984375 0.0390625 0.0390625
0 0.484375 0.76171875 0.0390625 0.0390625
0 0.07421875 0.84765625 0.0390625 0.0390625
0 0.89453125 0.91796875 0.0390625 0.0390625
0 0.99609375 0.984375 0.0390625 0.0390625
