0 0.734375 0.02734375 0.0390625 0.0390625
0 0.73828125 0.02734375 0.0390625 0.0390625
0 0.96484375 0.0859375 0.0390625 0.0390625
0 0.63671875 0.21875 0.0390625 0.0390625
0 0.640625 0.21875 0.0390625 0.0390625
0 0.8984375 0.3828125 0.0390625 0.0390625
0 0.8984375 0.38671875 0.0390625 0.0390625
0 0.01171875 0.68359375 0.0390625 0.0390625
0 0.37109375 0.921875 0.0390625 0.0390625
0 0.375 0.921875 0.0390625 0.0390625
0 0.37109375 0.92578125 0.0390625 0.0390625
0 0.375 0.92578125 0.0390625 0.0390625
0 0.296875 0.93359375 0.0390625 0.0390625
