0 0.76171875 0.03125 0.0390625 0.0390625
0 0.6796875 0.0703125 0.0390625 0.0390625
0 0.68359375 0.0703125 0.0390625 0.0390625
0 0.7578125 0.078125 0.0390625 0.0390625
0 0.6171875 0.37109375 0.0390625 0.0390625
0 0.62109375 0.37109375 0.0390625 0.0390625
0 0.40234375 0.578125 0.0390625 0.0390625
0 0.40625 0.578125 0.0390625 0.0390625
0 0.14453125 0.58984375 0.0390625 0.0390625
0 0.1484375 0.58984375 0.0390625 0.0390625
0 0.3828125 0.609375 0.0390625 0.0390625
0 0.40234375 0.6328125 0.0390625 0.0390625
0 0.58984375 0.640625 0.0390625 0.0390625
0 0.125 0.64453125 0.0390625 0.0390625
0 0.125 0.6484375 0.0390625 0.0390625
0 0.16796875 0.65625 0.0390625 0.0390625
0 0.171875 0.65625 0.0390625 0.0390625
0 0.59375 0.66015625 0.0390625 0.0390625
0 0.55859375 0.7578125 0.0390625 0.0390625
0 0.5625 0.7578125 0.0390625 0.0390625
0 0.2890625 0.7890625 0.0390625 0.0390625
0 0.109375 0.92578125 0.0390625 0.0390625
0 0.5078125 0.92578125 0.0390625 0.0390625
0 0.5078125 0.9296875 0.0390625 0.0390625
0 0.78125 0.94140625 0.0390625 0.0390625
0 0.78515625 0.94140625 0.0390625 0.0390625
