0 0.734375 0.05078125 0.0390625 0.0390625
0 0.734375 0.0546875 0.0390625 0.0390625
0 0.27734375 0.2890625 0.0390625 0.0390625
0 0.27734375 0.29296875 0.0390625 0.0390625
0 0.3125 0.3046875 0.0390625 0.0390625
0 0.31640625 0.3046875 0.0390625 0.0390625
0 0.33984375 0.63671875 0.0390625 0.0390625
0 0.34375 0.63671875 0.0390625 0.0390625
0 0.375 0.63671875 0.0390625 0.0390625
0 0.37890625 0.63671875 0.0390625 0.0390625
0 0.375 0.640625 0.0390625 0.0390625
0 0.37890625 0.640625 0.0390625 0.0390625
0 0.33984375 0.65234375 0.0390625 0.0390625
0 0.41015625 0.71875 0.0390625 0.0390625
0 0.4140625 0.71875 0.0390625 0.0390625
0 0.6640625 0.953125 0.0390625 0.0390625
