0 0.2578125 0.54296875 0.0390625 0.0390625
0 0.2421875 0.5546875 0.0390625 0.0390625
0 0.20703125 0.5703125 0.0390625 0.0390625
0 0.18359375 0.57421875 0.0390625 0.0390625
0 0.1875 0.57421875 0.0390625 0.0390625
0 0.18359375 0.578125 0.0390625 0.0390625
0 0.1875 0.578125 0.0390625 0.0390625
0 0.15625 0.6015625 0.0390625 0.0390625
0 0.16015625 0.6015625 0.0390625 0.0390625
0 0.31640625 0.6328125 0.0390625 0.0390625
0 0.3203125 0.6328125 0.0390625 0.0390625
0 0.23046875 0.6875 0.0390625 0.0390625
0 0.19921875 0.70703125 0.0390625 0.0390625
0 0.203125 0.70703125 0.0390625 0.0390625
