0 0.59375 0.046875 0.0390625 0.0390625
0 0.6796875 0.05859375 0.0390625 0.0390625
0 0.74609375 0.0703125 0.0390625 0.0390625
0 0.7890625 0.07421875 0.0390625 0.0390625
0 0.9296875 0.0859375 0.0390625 0.0390625
0 0.984375 0.09375 0.0390625 0.0390625
0 0.46484375 0.16015625 0.0390625 0.0390625
0 0.9921875 0.3203125 0.0390625 0.0390625
0 0.9765625 0.33203125 0.0390625 0.0390625
0 0.91015625 0.37109375 0.0390625 0.0390625
0 0.9140625 0.37109375 0.0390625 0.0390625
0 0.890625 0.38671875 0.0390625 0.0390625
0 0.890625 0.390625 0.0390625 0.0390625
0 0.85546875 0.40625 0.0390625 0.0390625
0 0.8359375 0.42578125 0.0390625 0.0390625
0 0.83984375 0.42578125 0.0390625 0.0390625
0 0.90234375 0.55859375 0.0390625 0.0390625
0 0.88671875 0.57421875 0.0390625 0.0390625
0 0.8515625 0.6015625 0.0390625 0.0390625
0 0.7734375 0.60546875 0.0390625 0.0390625
0 0.77734375 0.60546875 0.0390625 0.0390625
0 0.83203125 0.61328125 0.0390625 0.0390625
0 0.796875 0.640625 0.0390625 0.0390625
0 0.515625 0.64453125 0.0390625 0.0390625
0 0.515625 0.6484375 0.0390625 0.0390625
0 0.77734375 0.6484375 0.0390625 0.0390625
0 0.78125 0.6484375 0.0390625 0.0390625
0 0.4765625 0.66796875 0.0390625 0.0390625
0 0.7421875 0.671875 0.0390625 0.0390625
0 0.7421875 0.67578125 0.0390625 0.0390625
0 0.45703125 0.68359375 0.0390625 0.0390625
0 0.7265625 0.68359375 0.0390625 0.0390625
0 0.45703125 0.6875 0.0390625 0.0390625
0 0.7265625 0.6875 0.0390625 0.0390625
0 0.4375 0.6953125 0.0390625 0.0390625
0 0.2734375 0.8046875 0.0390625 0.0390625
0 0.34375 0.83984375 0.0390625 0.0390625
0 0.1796875 0.875 0.0390625 0.0390625
0 0.18359375 0.875 0.0390625 0.0390625
0 0.16015625 0.8828125 0.0390625 0.0390625
0 0.16015625 0.88671875 0.0390625 0.0390625
0 0.87890625 0.890625 0.0390625 0.0390625
0 0.125 0.90625 0.0390625 0.0390625
0 0.08984375 0.93359375 0.0390625 0.0390625
0 0.06640625 0.94140625 0.0390625 0.0390625
0 0.0703125 0.94140625 0.0390625 0.0390625
0 0.05078125 0.953125 0.0390625 0.0390625
0 0.421875 0.9609375 0.0390625 0.0390625
0 0.94921875 0.96484375 0.0390625 0.0390625
0 0.0078125 0.984375 0.0390625 0.0390625
0 0.01171875 0.984375 0.0390625 0.0390625
0 0.90625 0.984375 0.0390625 0.0390625
0 0.91015625 0.984375 0.0390625 0.0390625
0 0.16796875 0.9921875 0.0390625 0.0390625
0 0.171875 0.9921875 0.0390625 0.0390625
