0 0.44140625 0.32421875 0.0390625 0.0390625
0 0.4453125 0.32421875 0.0390625 0.0390625
0 0.53515625 0.34375 0.0390625 0.0390625
0 0.53515625 0.3671875 0.0390625 0.0390625
0 0.9453125 0.3984375 0.0390625 0.0390625
0 0.38671875 0.44921875 0.0390625 0.0390625
0 0.91796875 0.57421875 0.0390625 0.0390625
0 0.921875 0.57421875 0.0390625 0.0390625
0 0.91796875 0.578125 0.0390625 0.0390625
0 0.921875 0.578125 0.0390625 0.0390625
0 0.78515625 0.6015625 0.0390625 0.0390625
0 0.7890625 0.6015625 0.0390625 0.0390625
0 0.91796875 0.99609375 0.0390625 0.0390625
