0 0.76171875 0.16796875 0.0390625 0.0390625
0 0.82421875 0.5 0.0390625 0.0390625
0 0.515625 0.515625 0.0390625 0.0390625
0 0.19140625 0.51953125 0.0390625 0.0390625
0 0.515625 0.51953125 0.0390625 0.0390625
0 0.61328125 0.5703125 0.0390625 0.0390625
0 0.01171875 0.71484375 0.0390625 0.0390625
0 0.015625 0.71484375 0.0390625 0.0390625
0 0.03125 0.71484375 0.0390625 0.0390625
0 0.03515625 0.71484375 0.0390625 0.0390625
0 0.08984375 0.7265625 0.0390625 0.0390625
0 0.8515625 0.7421875 0.0390625 0.0390625
0 0.96484375 0.75 0.0390625 0.0390625
0 0.84765625 0.7890625 0.0390625 0.0390625
0 0.84765625 0.79296875 0.0390625 0.0390625
0 0.95703125 0.796875 0.0390625 0.0390625
0 0.953125 0.8203125 0.0390625 0.0390625
0 0.15625 0.82421875 0.0390625 0.0390625
0 0.84375 0.83984375 0.0390625 0.0390625
0 0.9609375 0.83984375 0.0390625 0.0390625
0 0.96484375 0.83984375 0.0390625 0.0390625
0 0.95703125 0.8671875 0.0390625 0.0390625
0 0.95703125 0.87109375 0.0390625 0.0390625
0 0.90625 0.9921875 0.0390625 0.0390625
0 0.93359375 0.99609375 0.0390625 0.0390625
