0 0.89453125 0.00390625 0.0390625 0.0390625
0 0.80859375 0.30078125 0.0390625 0.0390625
0 0.71875 0.3359375 0.0390625 0.0390625
0 0.7734375 0.39453125 0.0390625 0.0390625
0 0.7734375 0.3984375 0.0390625 0.0390625
0 0.69921875 0.40625 0.0390625 0.0390625
0 0.73828125 0.44921875 0.0390625 0.0390625
0 0.8359375 0.46484375 0.0390625 0.0390625
0 0.83984375 0.46484375 0.0390625 0.0390625
0 0.8359375 0.46875 0.0390625 0.0390625
0 0.83984375 0.46875 0.0390625 0.0390625
0 0.87109375 0.50390625 0.0390625 0.0390625
0 0.8125 0.52734375 0.0390625 0.0390625
0 0.81640625 0.52734375 0.0390625 0.0390625
0 0.90625 0.54296875 0.0390625 0.0390625
0 0.84375 0.5625 0.0390625 0.0390625
0 0.1171875 0.62109375 0.0390625 0.0390625
0 0.1171875 0.625 0.0390625 0.0390625
0 0.61328125 0.62890625 0.0390625 0.0390625
0 0.91015625 0.62890625 0.0390625 0.0390625
0 0.9140625 0.62890625 0.0390625 0.0390625
0 0.97265625 0.66796875 0.0390625 0.0390625
0 0.9765625 0.66796875 0.0390625 0.0390625
0 0.48046875 0.8046875 0.0390625 0.0390625
0 0.484375 0.8046875 0.0390625 0.0390625
0 0.1875 0.8203125 0.0390625 0.0390625
0 0.1875 0.82421875 0.0390625 0.0390625
0 0.59375 0.85546875 0.0390625 0.0390625
0 0.59375 0.859375 0.0390625 0.0390625
0 0.2890625 0.9921875 0.0390625 0.0390625
0 0.29296875 0.9921875 0.0390625 0.0390625
