0 0.5703125 0.16796875 0.0390625 0.0390625
0 0.57421875 0.16796875 0.0390625 0.0390625
0 0.24609375 0.25390625 0.0390625 0.0390625
0 0.51171875 0.51171875 0.0390625 0.0390625
0 0.515625 0.51171875 0.0390625 0.0390625
0 0.5546875 0.52734375 0.0390625 0.0390625
0 0.3671875 0.57421875 0.0390625 0.0390625
0 0.5 0.58203125 0.0390625 0.0390625
0 0.50390625 0.58203125 0.0390625 0.0390625
0 0.5234375 0.58984375 0.0390625 0.0390625
0 0.5234375 0.59375 0.0390625 0.0390625
0 0.765625 0.75390625 0.0390625 0.0390625
0 0.765625 0.7578125 0.0390625 0.0390625
