0 0.421875 0.01953125 0.0390625 0.0390625
0 0.48046875 0.01953125 0.0390625 0.0390625
0 0.484375 0.01953125 0.0390625 0.0390625
0 0.4296875 0.03515625 0.0390625 0.0390625
0 0.4296875 0.0390625 0.0390625 0.0390625
0 0.43359375 0.0546875 0.0390625 0.0390625
0 0.43359375 0.05859375 0.0390625 0.0390625
0 0.5625 0.109375 0.0390625 0.0390625
0 0.11328125 0.28515625 0.0390625 0.0390625
0 0.1171875 0.28515625 0.0390625 0.0390625
0 0.6796875 0.49609375 0.0390625 0.0390625
0 0.68359375 0.49609375 0.0390625 0.0390625
0 0.66796875 0.5078125 0.0390625 0.0390625
0 0.671875 0.5078125 0.0390625 0.0390625
0 0.65234375 0.51171875 0.0390625 0.0390625
0 0.90625 0.6875 0.0390625 0.0390625
0 0.91015625 0.6875 0.0390625 0.0390625
