0 0.6171875 0.140625 0.0390625 0.0390625
0 0.62109375 0.140625 0.0390625 0.0390625
0 0.578125 0.21875 0.0390625 0.0390625
0 0.58203125 0.21875 0.0390625 0.0390625
0 0.14453125 0.35546875 0.0390625 0.0390625
0 0.18359375 0.48828125 0.0390625 0.0390625
0 0.40625 0.62109375 0.0390625 0.0390625
0 0.41015625 0.62109375 0.0390625 0.0390625
0 0.140625 0.69921875 0.0390625 0.0390625
0 0.14453125 0.69921875 0.0390625 0.0390625
0 0.16796875 0.73046875 0.0390625 0.0390625
0 0.171875 0.73046875 0.0390625 0.0390625
