0 0.5 0.01953125 0.0390625 0.0390625
0 0.015625 0.09765625 0.0390625 0.0390625
0 0.01953125 0.09765625 0.0390625 0.0390625
0 0.046875 0.09765625 0.0390625 0.0390625
0 0.05078125 0.09765625 0.0390625 0.0390625
0 0.0859375 0.10546875 0.0390625 0.0390625
0 0.1484375 0.11328125 0.0390625 0.0390625
0 0.15234375 0.11328125 0.0390625 0.0390625
0 0.171875 0.1171875 0.0390625 0.0390625
0 0.0078125 0.19921875 0.0390625 0.0390625
0 0.01171875 0.19921875 0.0390625 0.0390625
0 0.03125 0.19921875 0.0390625 0.0390625
0 0.03125 0.203125 0.0390625 0.0390625
0 0.0625 0.203125 0.0390625 0.0390625
0 0.06640625 0.203125 0.0390625 0.0390625
0 0.08203125 0.203125 0.0390625 0.0390625
0 0.0859375 0.203125 0.0390625 0.0390625
0 0.109375 0.21484375 0.0390625 0.0390625
0 0.11328125 0.21484375 0.0390625 0.0390625
0 0.1328125 0.21875 0.0390625 0.0390625
0 0.1875 0.21875 0.0390625 0.0390625
0 0.19140625 0.21875 0.0390625 0.0390625
0 0.26953125 0.21875 0.0390625 0.0390625
0 0.1328125 0.22265625 0.0390625 0.0390625
0 0.1875 0.22265625 0.0390625 0.0390625
0 0.19140625 0.22265625 0.0390625 0.0390625
0 0.109375 0.26171875 0.0390625 0.0390625
0 0.1640625 0.26953125 0.0390625 0.0390625
0 0.6484375 0.28515625 0.0390625 0.0390625
0 0.671875 0.28515625 0.0390625 0.0390625
0 0.1796875 0.2890625 0.0390625 0.0390625
0 0.40625 0.2890625 0.0390625 0.0390625
0 0.41015625 0.2890625 0.0390625 0.0390625
0 0.97265625 0.2890625 0.0390625 0.0390625
0 0.40625 0.29296875 0.0390625 0.0390625
0 0.41015625 0.29296875 0.0390625 0.0390625
0 0.15234375 0.3203125 0.0390625 0.0390625
0 0.41796875 0.328125 0.0390625 0.0390625
0 0.703125 0.3359375 0.0390625 0.0390625
0 0.70703125 0.3359375 0.0390625 0.0390625
0 0.6796875 0.33984375 0.0390625 0.0390625
0 0.68359375 0.33984375 0.0390625 0.0390625
0 0.72265625 0.33984375 0.0390625 0.0390625
0 0.43359375 0.34375 0.0390625 0.0390625
0 0.4375 0.34375 0.0390625 0.0390625
0 0.75390625 0.37109375 0.0390625 0.0390625
0 0.4296875 0.3828125 0.0390625 0.0390625
0 0.43359375 0.3828125 0.0390625 0.0390625
0 0.4296875 0.38671875 0.0390625 0.0390625
0 0.43359375 0.38671875 0.0390625 0.0390625
0 0.15234375 0.40234375 0.0390625 0.0390625
0 0.15625 0.40234375 0.0390625 0.0390625
0 0.72265625 0.484375 0.0390625 0.0390625
0 0.7265625 0.484375 0.0390625 0.0390625
0 0.15234375 0.578125 0.0390625 0.0390625
0 0.15625 0.578125 0.0390625 0.0390625
0 0.72265625 0.66796875 0.0390625 0.0390625
0 0.7265625 0.66796875 0.0390625 0.0390625
0 0.72265625 0.671875 0.0390625 0.0390625
0 0.7265625 0.671875 0.0390625 0.0390625
0 0.7421875 0.69921875 0.0390625 0.0390625
0 0.74609375 0.69921875 0.0390625 0.0390625
0 0.7421875 0.703125 0.0390625 0.0390625
0 0.74609375 0.703125 0.0390625 0.0390625
0 0.01171875 0.7109375 0.0390625 0.0390625
0 0.015625 0.7109375 0.0390625 0.0390625
0 0.7421875 0.76953125 0.0390625 0.0390625
0 0.74609375 0.76953125 0.0390625 0.0390625
0 0.859375 0.79296875 0.0390625 0.0390625
0 0.12109375 0.91796875 0.0390625 0.0390625
