0 0.20703125 0.12890625 0.0390625 0.0390625
0 0.203125 0.1484375 0.0390625 0.0390625
0 0.203125 0.15234375 0.0390625 0.0390625
0 0.66015625 0.16015625 0.0390625 0.0390625
0 0.6640625 0.16015625 0.0390625 0.0390625
0 0.57421875 0.60546875 0.0390625 0.0390625
0 0.578125 0.60546875 0.0390625 0.0390625
0 0.515625 0.61328125 0.0390625 0.0390625
0 0.56640625 0.83203125 0.0390625 0.0390625
0 0.5703125 0.83203125 0.0390625 0.0390625
0 0.5859375 0.83984375 0.0390625 0.0390625
0 0.25 0.94140625 0.0390625 0.0390625
0 0.34375 0.9765625 0.0390625 0.0390625
