0 0.7265625 0.0 0.0390625 0.0390625
0 0.08984375 0.00390625 0.0390625 0.0390625
0 0.09375 0.00390625 0.0390625 0.0390625
0 0.08984375 0.0078125 0.0390625 0.0390625
0 0.09375 0.0078125 0.0390625 0.0390625
0 0.11328125 0.01953125 0.0390625 0.0390625
0 0.05078125 0.0234375 0.0390625 0.0390625
0 0.0546875 0.0234375 0.0390625 0.0390625
0 0.78515625 0.03515625 0.0390625 0.0390625
0 0.92578125 0.046875 0.0390625 0.0390625
0 0.15625 0.05859375 0.0390625 0.0390625
0 0.859375 0.08203125 0.0390625 0.0390625
0 0.86328125 0.08203125 0.0390625 0.0390625
0 0.99609375 0.08984375 0.0390625 0.0390625
0 0.1953125 0.12109375 0.0390625 0.0390625
0 0.1796875 0.14453125 0.0390625 0.0390625
0 0.1796875 0.1484375 0.0390625 0.0390625
0 0.9765625 0.15234375 0.0390625 0.0390625
0 0.484375 0.375 0.0390625 0.0390625
0 0.47265625 0.390625 0.0390625 0.0390625
0 0.40625 0.3984375 0.0390625 0.0390625
0 0.40625 0.40234375 0.0390625 0.0390625
0 0.46875 0.41015625 0.0390625 0.0390625
0 0.0703125 0.44921875 0.0390625 0.0390625
0 0.0703125 0.453125 0.0390625 0.0390625
0 0.70703125 0.59375 0.0390625 0.0390625
0 0.72265625 0.6015625 0.0390625 0.0390625
0 0.7265625 0.6015625 0.0390625 0.0390625
0 0.7421875 0.61328125 0.0390625 0.0390625
0 0.76171875 0.625 0.0390625 0.0390625
0 0.62109375 0.65234375 0.0390625 0.0390625
0 0.98828125 0.8046875 0.0390625 0.0390625
0 0.26953125 0.8203125 0.0390625 0.0390625
0 0.9765625 0.8203125 0.0390625 0.0390625
0 0.9765625 0.82421875 0.0390625 0.0390625
0 0.3203125 0.84765625 0.0390625 0.0390625
0 0.30859375 0.87109375 0.0390625 0.0390625
0 0.30859375 0.875 0.0390625 0.0390625
0 0.640625 0.89453125 0.0390625 0.0390625
0 0.2890625 0.8984375 0.0390625 0.0390625
0 0.640625 0.8984375 0.0390625 0.0390625
0 0.7890625 0.9140625 0.0390625 0.0390625
0 0.79296875 0.9140625 0.0390625 0.0390625
0 0.84765625 0.9453125 0.0390625 0.0390625
0 0.8515625 0.9453125 0.0390625 0.0390625
0 0.69921875 0.94921875 0.0390625 0.0390625
0 0.703125 0.94921875 0.0390625 0.0390625
0 0.69921875 0.953125 0.0390625 0.0390625
0 0.703125 0.953125 0.0390625 0.0390625
0 0.71484375 0.9609375 0.0390625 0.0390625
0 0.76171875 0.98046875 0.0390625 0.0390625
0 0.921875 0.9921875 0.0390625 0.0390625
0 0.78125 0.99609375 0.0390625 0.0390625
