0 0.2890625 0.0390625 0.0390625 0.0390625
0 0.2890625 0.04296875 0.0390625 0.0390625
0 0.90625 0.2421875 0.0390625 0.0390625
0 0.83984375 0.33984375 0.0390625 0.0390625
0 0.83984375 0.34375 0.0390625 0.0390625
0 0.0 0.41796875 0.0390625 0.0390625
0 0.00390625 0.41796875 0.0390625 0.0390625
0 0.234375 0.453125 0.0390625 0.0390625
0 0.34375 0.453125 0.0390625 0.0390625
0 0.34765625 0.453125 0.0390625 0.0390625
0 0.39453125 0.46484375 0.0390625 0.0390625
0 0.12890625 0.50390625 0.0390625 0.0390625
0 0.12890625 0.5078125 0.0390625 0.0390625
0 0.4921875 0.5390625 0.0390625 0.0390625
0 0.1953125 0.81640625 0.0390625 0.0390625
0 0.8984375 0.97265625 0.0390625 0.0390625
