0 0.80078125 0.09375 0.0390625 0.0390625
0 0.8125 0.11328125 0.0390625 0.0390625
0 0.30078125 0.19140625 0.0390625 0.0390625
0 0.25390625 0.2421875 0.0390625 0.0390625
0 0.08203125 0.62109375 0.0390625 0.0390625
0 0.328125 0.62109375 0.0390625 0.0390625
0 0.328125 0.625 0.0390625 0.0390625
0 0.0 0.62890625 0.0390625 0.0390625
0 0.28515625 0.671875 0.0390625 0.0390625
0 0.2890625 0.671875 0.0390625 0.0390625
0 0.12890625 0.6875 0.0390625 0.0390625
0 0.0234375 0.8203125 0.0390625 0.0390625
0 0.0234375 0.82421875 0.0390625 0.0390625
0 0.546875 0.96875 0.0390625 0.0390625
