0 0.8046875 0.02734375 0.0390625 0.0390625
0 0.77734375 0.03515625 0.0390625 0.0390625
0 0.80859375 0.046875 0.0390625 0.0390625
0 0.921875 0.19140625 0.0390625 0.0390625
0 0.92578125 0.19140625 0.0390625 0.0390625
0 0.921875 0.1953125 0.0390625 0.0390625
0 0.92578125 0.1953125 0.0390625 0.0390625
0 0.96484375 0.20703125 0.0390625 0.0390625
0 0.96484375 0.2109375 0.0390625 0.0390625
0 0.91015625 0.29296875 0.0390625 0.0390625
0 0.9140625 0.3359375 0.0390625 0.0390625
0 0.91796875 0.3359375 0.0390625 0.0390625
0 0.9140625 0.33984375 0.0390625 0.0390625
0 0.91796875 0.33984375 0.0390625 0.0390625
0 0.9921875 0.67578125 0.0390625 0.0390625
