0 0.66015625 0.16796875 0.0390625 0.0390625
0 0.72265625 0.21875 0.0390625 0.0390625
0 0.6640625 0.2734375 0.0390625 0.0390625
0 0.6640625 0.27734375 0.0390625 0.0390625
0 0.9375 0.33203125 0.0390625 0.0390625
0 0.96484375 0.35546875 0.0390625 0.0390625
0 0.96875 0.35546875 0.0390625 0.0390625
0 0.96484375 0.359375 0.0390625 0.0390625
0 0.96875 0.359375 0.0390625 0.0390625
0 0.99609375 0.3828125 0.0390625 0.0390625
0 0.01953125 0.58203125 0.0390625 0.0390625
0 0.01953125 0.5859375 0.0390625 0.0390625
0 0.0234375 0.625 0.0390625 0.0390625
0 0.09375 0.703125 0.0390625 0.0390625
0 0.07421875 0.75390625 0.0390625 0.0390625
0 0.07421875 0.7578125 0.0390625 0.0390625
0 0.953125 0.8359375 0.0390625 0.0390625
0 0.95703125 0.8359375 0.0390625 0.0390625
0 0.953125 0.83984375 0.0390625 0.0390625
0 0.95703125 0.83984375 0.0390625 0.0390625
