0 0.44140625 0.0 0.0390625 0.0390625
0 0.34375 0.2109375 0.0390625 0.0390625
0 0.828125 0.55078125 0.0390625 0.0390625
0 0.84375 0.609375 0.0390625 0.0390625
0 0.98046875 0.609375 0.0390625 0.0390625
0 0.859375 0.62109375 0.0390625 0.0390625
0 0.87109375 0.63671875 0.0390625 0.0390625
0 0.87109375 0.640625 0.0390625 0.0390625
0 0.87890625 0.65234375 0.0390625 0.0390625
0 0.9140625 0.6875 0.0390625 0.0390625
0 0.921875 0.703125 0.0390625 0.0390625
0 0.9375 0.71484375 0.0390625 0.0390625
0 0.94140625 0.73046875 0.0390625 0.0390625
0 0.953125 0.7421875 0.0390625 0.0390625
0 0.95703125 0.7421875 0.0390625 0.0390625
0 0.97265625 0.75390625 0.0390625 0.0390625
0 0.97265625 0.7578125 0.0390625 0.0390625
0 0.9921875 0.7578125 0.0390625 0.0390625
0 0.99609375 0.7578125 0.0390625 0.0390625
