0 0.9453125 0.04296875 0.0390625 0.0390625
0 0.94921875 0.04296875 0.0390625 0.0390625
0 0.6796875 0.05859375 0.0390625 0.0390625
0 0.6796875 0.0625 0.0390625 0.0390625
0 0.66796875 0.12109375 0.0390625 0.0390625
0 0.8984375 0.14453125 0.0390625 0.0390625
0 0.90234375 0.14453125 0.0390625 0.0390625
0 0.66015625 0.1640625 0.0390625 0.0390625
0 0.9375 0.171875 0.0390625 0.0390625
0 0.94140625 0.171875 0.0390625 0.0390625
0 0.65234375 0.19921875 0.0390625 0.0390625
0 0.93359375 0.20703125 0.0390625 0.0390625
0 0.9375 0.20703125 0.0390625 0.0390625
0 0.64453125 0.23828125 0.0390625 0.0390625
0 0.6484375 0.23828125 0.0390625 0.0390625
0 0.8828125 0.26171875 0.0390625 0.0390625
0 0.7109375 0.28125 0.0390625 0.0390625
0 0.87890625 0.30078125 0.0390625 0.0390625
0 0.625 0.33203125 0.0390625 0.0390625
0 0.91015625 0.40234375 0.0390625 0.0390625
0 0.61328125 0.4140625 0.0390625 0.0390625
0 0.859375 0.4296875 0.0390625 0.0390625
0 0.859375 0.43359375 0.0390625 0.0390625
0 0.6015625 0.46484375 0.0390625 0.0390625
0 0.59375 0.51171875 0.0390625 0.0390625
0 0.80078125 0.8359375 0.0390625 0.0390625
0 0.78125 0.8828125 0.0390625 0.0390625
0 0.78515625 0.8828125 0.0390625 0.0390625
