0 0.84765625 0.171875 0.0390625 0.0390625
0 0.84765625 0.17578125 0.0390625 0.0390625
0 0.91015625 0.26171875 0.0390625 0.0390625
0 0.9140625 0.26171875 0.0390625 0.0390625
0 0.08203125 0.76953125 0.0390625 0.0390625
0 0.2578125 0.80078125 0.0390625 0.0390625
0 0.05859375 0.88671875 0.0390625 0.0390625
0 0.0625 0.88671875 0.0390625 0.0390625
0 0.078125 0.890625 0.0390625 0.0390625
0 0.08203125 0.890625 0.0390625 0.0390625
0 0.078125 0.89453125 0.0390625 0.0390625
0 0.08203125 0.89453125 0.0390625 0.0390625
0 0.15625 0.9140625 0.0390625 0.0390625
0 0.17578125 0.921875 0.0390625 0.0390625
0 0.17578125 0.92578125 0.0390625 0.0390625
