0 0.84375 0.0625 0.0390625 0.0390625
0 0.89453125 0.15625 0.0390625 0.0390625
0 0.8984375 0.15625 0.0390625 0.0390625
0 0.97265625 0.25390625 0.0390625 0.0390625
0 0.8359375 0.53515625 0.0390625 0.0390625
0 0.8515625 0.55859375 0.0390625 0.0390625
0 0.8671875 0.578125 0.0390625 0.0390625
0 0.87890625 0.6015625 0.0390625 0.0390625
0 0.8828125 0.6015625 0.0390625 0.0390625
0 0.90625 0.65234375 0.0390625 0.0390625
0 0.91015625 0.65234375 0.0390625 0.0390625
0 0.92578125 0.66796875 0.0390625 0.0390625
0 0.92578125 0.671875 0.0390625 0.0390625
