0 0.859375 0.0546875 0.0390625 0.0390625
0 0.8125 0.11328125 0.0390625 0.0390625
0 0.828125 0.20703125 0.0390625 0.0390625
0 0.83203125 0.20703125 0.0390625 0.0390625
0 0.7265625 0.3046875 0.0390625 0.0390625
0 0.73046875 0.3046875 0.0390625 0.0390625
0 0.859375 0.3046875 0.0390625 0.0390625
0 0.0625 0.328125 0.0390625 0.0390625
0 0.0625 0.33203125 0.0390625 0.0390625
0 0.08203125 0.39453125 0.0390625 0.0390625
0 0.81640625 0.3984375 0.0390625 0.0390625
0 0.03125 0.4140625 0.0390625 0.0390625
0 0.83203125 0.4140625 0.0390625 0.0390625
0 0.8359375 0.4140625 0.0390625 0.0390625
0 0.03125 0.41796875 0.0390625 0.0390625
0 0.09375 0.4375 0.0390625 0.0390625
0 0.09375 0.44140625 0.0390625 0.0390625
0 0.87109375 0.80078125 0.0390625 0.0390625
0 0.87109375 0.8046875 0.0390625 0.0390625
0 0.32421875 0.91015625 0.0390625 0.0390625
0 0.328125 0.91015625 0.0390625 0.0390625
0 0.20703125 0.96875 0.0390625 0.0390625
0 0.2109375 0.96875 0.0390625 0.0390625
