0 0.55078125 0.24609375 0.0390625 0.0390625
0 0.5546875 0.24609375 0.0390625 0.0390625
0 0.5703125 0.24609375 0.0390625 0.0390625
0 0.55078125 0.25 0.0390625 0.0390625
0 0.5546875 0.25 0.0390625 0.0390625
0 0.5703125 0.25 0.0390625 0.0390625
0 0.0625 0.4140625 0.0390625 0.0390625
0 0.0859375 0.46484375 0.0390625 0.0390625
0 0.08984375 0.46484375 0.0390625 0.0390625
0 0.12109375 0.52734375 0.0390625 0.0390625
0 0.125 0.52734375 0.0390625 0.0390625
0 0.2109375 0.69140625 0.0390625 0.0390625
0 0.2109375 0.6953125 0.0390625 0.0390625
0 0.32421875 0.7265625 0.0390625 0.0390625
0 0.32421875 0.73046875 0.0390625 0.0390625
0 0.34765625 0.78515625 0.0390625 0.0390625
0 0.27734375 0.96875 0.0390625 0.0390625
0 0.2421875 0.984375 0.0390625 0.0390625
