0 0.015625 0.05859375 0.0390625 0.0390625
0 0.015625 0.1640625 0.0390625 0.0390625
0 0.01171875 0.25390625 0.0390625 0.0390625
0 0.73046875 0.3125 0.0390625 0.0390625
0 0.734375 0.3125 0.0390625 0.0390625
0 0.05859375 0.3515625 0.0390625 0.0390625
0 0.0625 0.37109375 0.0390625 0.0390625
0 0.0625 0.375 0.0390625 0.0390625
0 0.00390625 0.421875 0.0390625 0.0390625
0 0.00390625 0.42578125 0.0390625 0.0390625
0 0.1015625 0.57421875 0.0390625 0.0390625
0 0.28515625 0.59375 0.0390625 0.0390625
0 0.8828125 0.61328125 0.0390625 0.0390625
0 0.98046875 0.6171875 0.0390625 0.0390625
0 0.57421875 0.63671875 0.0390625 0.0390625
0 0.609375 0.63671875 0.0390625 0.0390625
