0 0.5078125 0.0 0.0390625 0.0390625
0 0.2109375 0.0078125 0.0390625 0.0390625
0 0.21484375 0.0078125 0.0390625 0.0390625
0 0.28515625 0.01171875 0.0390625 0.0390625
0 0.1953125 0.01953125 0.0390625 0.0390625
0 0.26171875 0.01953125 0.0390625 0.0390625
0 0.1796875 0.02734375 0.0390625 0.0390625
0 0.18359375 0.02734375 0.0390625 0.0390625
0 0.484375 0.02734375 0.0390625 0.0390625
0 0.90234375 0.02734375 0.0390625 0.0390625
0 0.25 0.03125 0.0390625 0.0390625
0 0.3203125 0.03125 0.0390625 0.0390625
0 0.25 0.03515625 0.0390625 0.0390625
0 0.1640625 0.0390625 0.0390625 0.0390625
0 0.234375 0.0390625 0.0390625 0.0390625
0 0.59375 0.0390625 0.0390625 0.0390625
0 0.3046875 0.04296875 0.0390625 0.0390625
0 0.14453125 0.046875 0.0390625 0.0390625
0 0.1484375 0.046875 0.0390625 0.0390625
0 0.14453125 0.05078125 0.0390625 0.0390625
0 0.1484375 0.05078125 0.0390625 0.0390625
0 0.2890625 0.05078125 0.0390625 0.0390625
0 0.46875 0.05078125 0.0390625 0.0390625
0 0.21875 0.0546875 0.0390625 0.0390625
0 0.546875 0.0546875 0.0390625 0.0390625
0 0.92578125 0.0546875 0.0390625 0.0390625
0 0.9296875 0.0546875 0.0390625 0.0390625
0 0.12890625 0.05859375 0.0390625 0.0390625
0 0.546875 0.05859375 0.0390625 0.0390625
0 0.12890625 0.0625 0.0390625 0.0390625
0 0.2734375 0.0625 0.0390625 0.0390625
0 0.203125 0.06640625 0.0390625 0.0390625
0 0.20703125 0.06640625 0.0390625 0.0390625
0 0.4453125 0.06640625 0.0390625 0.0390625
0 0.4453125 0.0703125 0.0390625 0.0390625
0 0.1875 0.07421875 0.0390625 0.0390625
0 0.2578125 0.07421875 0.0390625 0.0390625
0 0.17578125 0.0859375 0.0390625 0.0390625
0 0.24609375 0.0859375 0.0390625 0.0390625
0 0.5234375 0.08984375 0.0390625 0.0390625
0 0.11328125 0.09375 0.0390625 0.0390625
0 0.23046875 0.09765625 0.0390625 0.0390625
0 0.15625 0.1015625 0.0390625 0.0390625
0 0.50390625 0.10546875 0.0390625 0.0390625
0 0.1171875 0.109375 0.0390625 0.0390625
0 0.2109375 0.109375 0.0390625 0.0390625
0 0.3515625 0.1171875 0.0390625 0.0390625
0 0.1953125 0.12109375 0.0390625 0.0390625
0 0.484375 0.12109375 0.0390625 0.0390625
0 0.12890625 0.1328125 0.0390625 0.0390625
0 0.1796875 0.1328125 0.0390625 0.0390625
0 0.36328125 0.1484375 0.0390625 0.0390625
0 0.4609375 0.1484375 0.0390625 0.0390625
0 0.13671875 0.15234375 0.0390625 0.0390625
0 0.1953125 0.16015625 0.0390625 0.0390625
0 0.3125 0.16015625 0.0390625 0.0390625
0 0.4375 0.16015625 0.0390625 0.0390625
0 0.1484375 0.16796875 0.0390625 0.0390625
0 0.34375 0.16796875 0.0390625 0.0390625
0 0.29296875 0.17578125 0.0390625 0.0390625
0 0.19921875 0.1796875 0.0390625 0.0390625
0 0.29296875 0.1796875 0.0390625 0.0390625
0 0.16015625 0.18359375 0.0390625 0.0390625
0 0.32421875 0.18359375 0.0390625 0.0390625
0 0.97265625 0.18359375 0.0390625 0.0390625
0 0.9765625 0.18359375 0.0390625 0.0390625
0 0.09765625 0.1875 0.0390625 0.0390625
0 0.1015625 0.1875 0.0390625 0.0390625
0 0.16015625 0.1875 0.0390625 0.0390625
0 0.32421875 0.1875 0.0390625 0.0390625
0 0.97265625 0.1875 0.0390625 0.0390625
0 0.9765625 0.1875 0.0390625 0.0390625
0 0.09765625 0.19140625 0.0390625 0.0390625
0 0.1015625 0.19140625 0.0390625 0.0390625
0 0.21484375 0.19140625 0.0390625 0.0390625
0 0.21875 0.19140625 0.0390625 0.0390625
0 0.26953125 0.19140625 0.0390625 0.0390625
0 0.2734375 0.19140625 0.0390625 0.0390625
0 0.171875 0.19921875 0.0390625 0.0390625
0 0.25390625 0.20703125 0.0390625 0.0390625
0 0.3046875 0.20703125 0.0390625 0.0390625
0 0.23046875 0.2109375 0.0390625 0.0390625
0 0.25390625 0.2109375 0.0390625 0.0390625
0 0.18359375 0.21484375 0.0390625 0.0390625
0 0.23046875 0.21484375 0.0390625 0.0390625
0 0.09375 0.21875 0.0390625 0.0390625
0 0.28125 0.22265625 0.0390625 0.0390625
0 0.19921875 0.234375 0.0390625 0.0390625
0 0.26953125 0.24609375 0.0390625 0.0390625
0 0.2734375 0.24609375 0.0390625 0.0390625
0 0.69921875 0.25390625 0.0390625 0.0390625
0 0.21875 0.2578125 0.0390625 0.0390625
0 0.21875 0.26171875 0.0390625 0.0390625
0 0.25390625 0.26171875 0.0390625 0.0390625
0 0.984375 0.265625 0.0390625 0.0390625
0 0.17578125 0.27734375 0.0390625 0.0390625
0 0.17578125 0.28125 0.0390625 0.0390625
0 0.8203125 0.28515625 0.0390625 0.0390625
0 0.82421875 0.28515625 0.0390625 0.0390625
0 0.58203125 0.2890625 0.0390625 0.0390625
0 0.58203125 0.29296875 0.0390625 0.0390625
0 0.59765625 0.30078125 0.0390625 0.0390625
0 0.62890625 0.3046875 0.0390625 0.0390625
0 0.62890625 0.30859375 0.0390625 0.0390625
0 0.64453125 0.31640625 0.0390625 0.0390625
0 0.890625 0.3203125 0.0390625 0.0390625
0 0.6640625 0.328125 0.0390625 0.0390625
0 0.91015625 0.328125 0.0390625 0.0390625
0 0.6640625 0.33203125 0.0390625 0.0390625
0 0.91015625 0.33203125 0.0390625 0.0390625
0 0.92578125 0.33984375 0.0390625 0.0390625
0 0.9296875 0.33984375 0.0390625 0.0390625
0 0.92578125 0.34375 0.0390625 0.0390625
0 0.9296875 0.34375 0.0390625 0.0390625
0 0.96875 0.35546875 0.0390625 0.0390625
0 0.2890625 0.36328125 0.0390625 0.0390625
0 0.73828125 0.37109375 0.0390625 0.0390625
0 0.76171875 0.37109375 0.0390625 0.0390625
0 0.77734375 0.38671875 0.0390625 0.0390625
0 0.40234375 0.3984375 0.0390625 0.0390625
0 0.79296875 0.3984375 0.0390625 0.0390625
0 0.1953125 0.41796875 0.0390625 0.0390625
0 0.453125 0.4609375 0.0390625 0.0390625
0 0.5546875 0.46484375 0.0390625 0.0390625
0 0.5546875 0.46875 0.0390625 0.0390625
0 0.49609375 0.484375 0.0390625 0.0390625
0 0.69921875 0.57421875 0.0390625 0.0390625
0 0.69921875 0.578125 0.0390625 0.0390625
0 0.4296875 0.59375 0.0390625 0.0390625
0 0.73828125 0.6015625 0.0390625 0.0390625
0 0.41015625 0.62890625 0.0390625 0.0390625
0 0.59375 0.62890625 0.0390625 0.0390625
0 0.609375 0.64453125 0.0390625 0.0390625
0 0.90234375 0.65234375 0.0390625 0.0390625
0 0.90625 0.65234375 0.0390625 0.0390625
0 0.94140625 0.6640625 0.0390625 0.0390625
0 0.9453125 0.6640625 0.0390625 0.0390625
0 0.375 0.6953125 0.0390625 0.0390625
0 0.328125 0.7734375 0.0390625 0.0390625
0 0.33203125 0.7734375 0.0390625 0.0390625
0 0.328125 0.77734375 0.0390625 0.0390625
0 0.33203125 0.77734375 0.0390625 0.0390625
0 0.9375 0.81640625 0.0390625 0.0390625
0 0.50390625 0.890625 0.0390625 0.0390625
0 0.5078125 0.890625 0.0390625 0.0390625
