0 0.9921875 0.05859375 0.0390625 0.0390625
0 0.9140625 0.08984375 0.0390625 0.0390625
0 0.91796875 0.08984375 0.0390625 0.0390625
0 0.94140625 0.125 0.0390625 0.0390625
0 0.9453125 0.125 0.0390625 0.0390625
0 0.984375 0.171875 0.0390625 0.0390625
0 0.484375 0.18359375 0.0390625 0.0390625
0 0.46875 0.1875 0.0390625 0.0390625
0 0.46875 0.19140625 0.0390625 0.0390625
0 0.65625 0.28125 0.0390625 0.0390625
0 0.66015625 0.28125 0.0390625 0.0390625
0 0.89453125 0.30078125 0.0390625 0.0390625
0 0.8984375 0.30078125 0.0390625 0.0390625
0 0.56640625 0.33203125 0.0390625 0.0390625
0 0.9296875 0.3515625 0.0390625 0.0390625
0 0.98046875 0.40234375 0.0390625 0.0390625
0 0.61328125 0.58203125 0.0390625 0.0390625
0 0.61328125 0.5859375 0.0390625 0.0390625
0 0.70703125 0.625 0.0390625 0.0390625
0 0.875 0.62890625 0.0390625 0.0390625
0 0.6796875 0.6484375 0.0390625 0.0390625
0 0.51953125 0.66015625 0.0390625 0.0390625
0 0.90625 0.6640625 0.0390625 0.0390625
0 0.90625 0.66796875 0.0390625 0.0390625
0 0.93359375 0.69921875 0.0390625 0.0390625
0 0.953125 0.73046875 0.0390625 0.0390625
0 0.9140625 0.765625 0.0390625 0.0390625
0 0.328125 0.8203125 0.0390625 0.0390625
0 0.02734375 0.83984375 0.0390625 0.0390625
0 0.03125 0.83984375 0.0390625 0.0390625
0 0.98046875 0.86328125 0.0390625 0.0390625
0 0.375 0.91015625 0.0390625 0.0390625
0 0.37890625 0.91015625 0.0390625 0.0390625
0 0.3828125 0.9296875 0.0390625 0.0390625
