0 0.41796875 0.0546875 0.0390625 0.0390625
0 0.45703125 0.08203125 0.0390625 0.0390625
0 0.0078125 0.13671875 0.0390625 0.0390625
0 0.0078125 0.140625 0.0390625 0.0390625
0 0.48828125 0.17578125 0.0390625 0.0390625
0 0.15625 0.26953125 0.0390625 0.0390625
0 0.2890625 0.37890625 0.0390625 0.0390625
0 0.29296875 0.37890625 0.0390625 0.0390625
0 0.2890625 0.3828125 0.0390625 0.0390625
0 0.29296875 0.3828125 0.0390625 0.0390625
0 0.31640625 0.453125 0.0390625 0.0390625
0 0.44921875 0.46484375 0.0390625 0.0390625
0 0.44921875 0.46875 0.0390625 0.0390625
0 0.3359375 0.4765625 0.0390625 0.0390625
0 0.3359375 0.48046875 0.0390625 0.0390625
0 0.421875 0.48828125 0.0390625 0.0390625
0 0.42578125 0.48828125 0.0390625 0.0390625
0 0.546875 0.625 0.0390625 0.0390625
0 0.546875 0.62890625 0.0390625 0.0390625
0 0.3125 0.703125 0.0390625 0.0390625
0 0.31640625 0.703125 0.0390625 0.0390625
0 0.30078125 0.7265625 0.0390625 0.0390625
0 0.890625 0.765625 0.0390625 0.0390625
0 0.890625 0.76953125 0.0390625 0.0390625
