0 0.2890625 0.15625 0.0390625 0.0390625
0 0.25390625 0.25 0.0390625 0.0390625
0 0.25390625 0.25390625 0.0390625 0.0390625
0 0.3203125 0.2734375 0.0390625 0.0390625
0 0.28515625 0.28515625 0.0390625 0.0390625
0 0.28515625 0.2890625 0.0390625 0.0390625
0 0.83203125 0.328125 0.0390625 0.0390625
0 0.8359375 0.328125 0.0390625 0.0390625
0 0.3359375 0.33984375 0.0390625 0.0390625
0 0.3125 0.5859375 0.0390625 0.0390625
0 0.42578125 0.59375 0.0390625 0.0390625
0 0.42578125 0.59765625 0.0390625 0.0390625
0 0.98828125 0.62890625 0.0390625 0.0390625
0 0.01953125 0.65234375 0.0390625 0.0390625
0 0.1015625 0.71875 0.0390625 0.0390625
0 0.609375 0.97265625 0.0390625 0.0390625
