0 0.83203125 0.00390625 0.0390625 0.0390625
0 0.87109375 0.0078125 0.0390625 0.0390625
0 0.96875 0.015625 0.0390625 0.0390625
0 0.97265625 0.015625 0.0390625 0.0390625
0 0.81640625 0.01953125 0.0390625 0.0390625
0 0.8515625 0.0234375 0.0390625 0.0390625
0 0.8515625 0.02734375 0.0390625 0.0390625
0 0.94921875 0.03515625 0.0390625 0.0390625
0 0.796875 0.0390625 0.0390625 0.0390625
0 0.8359375 0.0390625 0.0390625 0.0390625
0 0.94921875 0.0390625 0.0390625 0.0390625
0 0.6953125 0.04296875 0.0390625 0.0390625
0 0.78125 0.05078125 0.0390625 0.0390625
0 0.6796875 0.0625 0.0390625 0.0390625
0 0.8203125 0.06640625 0.0390625 0.0390625
0 0.765625 0.0703125 0.0390625 0.0390625
0 0.6640625 0.078125 0.0390625 0.0390625
0 0.66796875 0.078125 0.0390625 0.0390625
0 0.8046875 0.08203125 0.0390625 0.0390625
0 0.74609375 0.0859375 0.0390625 0.0390625
0 0.78515625 0.09765625 0.0390625 0.0390625
0 0.73046875 0.1015625 0.0390625 0.0390625
0 0.73046875 0.10546875 0.0390625 0.0390625
0 0.8828125 0.10546875 0.0390625 0.0390625
0 0.8828125 0.109375 0.0390625 0.0390625
0 0.62109375 0.11328125 0.0390625 0.0390625
0 0.7734375 0.11328125 0.0390625 0.0390625
0 0.62109375 0.1171875 0.0390625 0.0390625
0 0.71484375 0.1171875 0.0390625 0.0390625
0 0.75390625 0.12109375 0.0390625 0.0390625
0 0.86328125 0.125 0.0390625 0.0390625
0 0.6015625 0.1328125 0.0390625 0.0390625
0 0.6953125 0.1328125 0.0390625 0.0390625
0 0.734375 0.13671875 0.0390625 0.0390625
0 0.73828125 0.13671875 0.0390625 0.0390625
0 0.734375 0.140625 0.0390625 0.0390625
0 0.73828125 0.140625 0.0390625 0.0390625
0 0.84765625 0.14453125 0.0390625 0.0390625
0 0.8515625 0.14453125 0.0390625 0.0390625
0 0.5859375 0.1484375 0.0390625 0.0390625
0 0.5859375 0.15234375 0.0390625 0.0390625
0 0.6796875 0.15625 0.0390625 0.0390625
0 0.71875 0.16015625 0.0390625 0.0390625
0 0.72265625 0.16015625 0.0390625 0.0390625
0 0.83203125 0.16015625 0.0390625 0.0390625
0 0.0625 0.16796875 0.0390625 0.0390625
0 0.5703125 0.16796875 0.0390625 0.0390625
0 0.57421875 0.16796875 0.0390625 0.0390625
0 0.6640625 0.171875 0.0390625 0.0390625
0 0.703125 0.17578125 0.0390625 0.0390625
0 0.078125 0.1796875 0.0390625 0.0390625
0 0.703125 0.1796875 0.0390625 0.0390625
0 0.6484375 0.18359375 0.0390625 0.0390625
0 0.8046875 0.18359375 0.0390625 0.0390625
0 0.55078125 0.1875 0.0390625 0.0390625
0 0.68359375 0.1875 0.0390625 0.0390625
0 0.8046875 0.1875 0.0390625 0.0390625
0 0.6328125 0.19140625 0.0390625 0.0390625
0 0.68359375 0.19140625 0.0390625 0.0390625
0 0.09765625 0.1953125 0.0390625 0.0390625
0 0.78125 0.19921875 0.0390625 0.0390625
0 0.5390625 0.203125 0.0390625 0.0390625
0 0.78125 0.203125 0.0390625 0.0390625
0 0.109375 0.2109375 0.0390625 0.0390625
0 0.11328125 0.2109375 0.0390625 0.0390625
0 0.61328125 0.21484375 0.0390625 0.0390625
0 0.6171875 0.21484375 0.0390625 0.0390625
0 0.765625 0.21875 0.0390625 0.0390625
0 0.76953125 0.21875 0.0390625 0.0390625
0 0.12109375 0.22265625 0.0390625 0.0390625
0 0.125 0.22265625 0.0390625 0.0390625
0 0.6328125 0.234375 0.0390625 0.0390625
0 0.140625 0.2421875 0.0390625 0.0390625
0 0.15625 0.25390625 0.0390625 0.0390625
0 0.15625 0.2578125 0.0390625 0.0390625
0 0.72265625 0.26171875 0.0390625 0.0390625
0 0.17578125 0.2734375 0.0390625 0.0390625
0 0.19140625 0.28515625 0.0390625 0.0390625
0 0.70703125 0.28515625 0.0390625 0.0390625
0 0.6875 0.30078125 0.0390625 0.0390625
0 0.22265625 0.3125 0.0390625 0.0390625
0 0.046875 0.38671875 0.0390625 0.0390625
0 0.046875 0.390625 0.0390625 0.0390625
0 0.19921875 0.546875 0.0390625 0.0390625
0 0.3671875 0.70703125 0.0390625 0.0390625
