0 0.36328125 0.04296875 0.0390625 0.0390625
0 0.98828125 0.33203125 0.0390625 0.0390625
0 0.40625 0.44140625 0.0390625 0.0390625
0 0.45703125 0.484375 0.0390625 0.0390625
0 0.6796875 0.578125 0.0390625 0.0390625
0 0.40625 0.62890625 0.0390625 0.0390625
0 0.6953125 0.66796875 0.0390625 0.0390625
0 0.28125 0.6796875 0.0390625 0.0390625
0 0.28125 0.68359375 0.0390625 0.0390625
0 0.34375 0.75390625 0.0390625 0.0390625
0 0.73046875 0.7734375 0.0390625 0.0390625
0 0.00390625 0.796875 0.0390625 0.0390625
