0 0.11328125 0.12109375 0.0390625 0.0390625
0 0.64453125 0.65234375 0.0390625 0.0390625
0 0.65625 0.66796875 0.0390625 0.0390625
0 0.6953125 0.7421875 0.0390625 0.0390625
0 0.08203125 0.7890625 0.0390625 0.0390625
0 0.0859375 0.7890625 0.0390625 0.0390625
0 0.08984375 0.8203125 0.0390625 0.0390625
0 0.734375 0.828125 0.0390625 0.0390625
0 0.73828125 0.828125 0.0390625 0.0390625
0 0.30859375 0.83203125 0.0390625 0.0390625
0 0.09375 0.84375 0.0390625 0.0390625
0 0.7421875 0.84765625 0.0390625 0.0390625
0 0.37109375 0.859375 0.0390625 0.0390625
0 0.09765625 0.8671875 0.0390625 0.0390625
0 0.09765625 0.890625 0.0390625 0.0390625
0 0.1015625 0.9140625 0.0390625 0.0390625
0 0.671875 0.91796875 0.0390625 0.0390625
0 0.71484375 0.94140625 0.0390625 0.0390625
0 0.90625 0.953125 0.0390625 0.0390625
0 0.9296875 0.953125 0.0390625 0.0390625
0 0.90625 0.95703125 0.0390625 0.0390625
