0 0.90234375 0.1875 0.0390625 0.0390625
0 0.171875 0.26171875 0.0390625 0.0390625
0 0.02734375 0.45703125 0.0390625 0.0390625
0 0.03125 0.45703125 0.0390625 0.0390625
0 0.02734375 0.4609375 0.0390625 0.0390625
0 0.03125 0.4609375 0.0390625 0.0390625
0 0.890625 0.65234375 0.0390625 0.0390625
0 0.37890625 0.7734375 0.0390625 0.0390625
0 0.20703125 0.92578125 0.0390625 0.0390625
0 0.20703125 0.9296875 0.0390625 0.0390625
0 0.19921875 0.94921875 0.0390625 0.0390625
0 0.19921875 0.98828125 0.0390625 0.0390625
0 0.26171875 0.9921875 0.0390625 0.0390625
0 0.63671875 0.99609375 0.0390625 0.0390625
