0 0.6875 0.01171875 0.0390625 0.0390625
0 0.66015625 0.1328125 0.0390625 0.0390625
0 0.63671875 0.23828125 0.0390625 0.0390625
0 0.640625 0.23828125 0.0390625 0.0390625
0 0.62890625 0.27734375 0.0390625 0.0390625
0 0.57421875 0.30859375 0.0390625 0.0390625
0 0.6171875 0.3359375 0.0390625 0.0390625
0 0.5390625 0.34375 0.0390625 0.0390625
0 0.5234375 0.40234375 0.0390625 0.0390625
0 0.5234375 0.40625 0.0390625 0.0390625
0 0.4609375 0.4375 0.0390625 0.0390625
0 0.46484375 0.4375 0.0390625 0.0390625
0 0.578125 0.5 0.0390625 0.0390625
0 0.58203125 0.5 0.0390625 0.0390625
0 0.5546875 0.51171875 0.0390625 0.0390625
0 0.4921875 0.52734375 0.0390625 0.0390625
0 0.49609375 0.52734375 0.0390625 0.0390625
0 0.5703125 0.53125 0.0390625 0.0390625
0 0.5703125 0.53515625 0.0390625 0.0390625
0 0.53515625 0.58984375 0.0390625 0.0390625
0 0.4765625 0.60546875 0.0390625 0.0390625
0 0.6171875 0.625 0.0390625 0.0390625
0 0.91796875 0.625 0.0390625 0.0390625
0 0.63671875 0.62890625 0.0390625 0.0390625
0 0.90234375 0.640625 0.0390625 0.0390625
0 0.90625 0.640625 0.0390625 0.0390625
0 0.46875 0.64453125 0.0390625 0.0390625
0 0.65625 0.64453125 0.0390625 0.0390625
0 0.90234375 0.64453125 0.0390625 0.0390625
0 0.90625 0.64453125 0.0390625 0.0390625
0 0.68359375 0.65625 0.0390625 0.0390625
0 0.6875 0.65625 0.0390625 0.0390625
0 0.89453125 0.66015625 0.0390625 0.0390625
0 0.48828125 0.66796875 0.0390625 0.0390625
0 0.703125 0.671875 0.0390625 0.0390625
0 0.87890625 0.67578125 0.0390625 0.0390625
0 0.87890625 0.6796875 0.0390625 0.0390625
0 0.71875 0.68359375 0.0390625 0.0390625
0 0.72265625 0.68359375 0.0390625 0.0390625
0 0.984375 0.68359375 0.0390625 0.0390625
0 0.45703125 0.6875 0.0390625 0.0390625
0 0.8671875 0.6953125 0.0390625 0.0390625
0 0.87109375 0.6953125 0.0390625 0.0390625
0 0.97265625 0.6953125 0.0390625 0.0390625
0 0.73828125 0.69921875 0.0390625 0.0390625
0 0.97265625 0.69921875 0.0390625 0.0390625
0 0.75390625 0.70703125 0.0390625 0.0390625
0 0.75390625 0.7109375 0.0390625 0.0390625
0 0.76953125 0.71875 0.0390625 0.0390625
0 0.78515625 0.7265625 0.0390625 0.0390625
0 0.7890625 0.7265625 0.0390625 0.0390625
0 0.84375 0.73046875 0.0390625 0.0390625
0 0.84765625 0.73046875 0.0390625 0.0390625
0 0.8046875 0.73828125 0.0390625 0.0390625
0 0.8203125 0.75 0.0390625 0.0390625
0 0.9296875 0.75390625 0.0390625 0.0390625
0 0.93359375 0.75390625 0.0390625 0.0390625
0 0.51953125 0.76171875 0.0390625 0.0390625
0 0.5234375 0.76171875 0.0390625 0.0390625
0 0.75 0.859375 0.0390625 0.0390625
0 0.765625 0.8828125 0.0390625 0.0390625
0 0.79296875 0.89453125 0.0390625 0.0390625
0 0.42578125 0.95703125 0.0390625 0.0390625
0 0.4296875 0.95703125 0.0390625 0.0390625
