0 0.35546875 0.01953125 0.0390625 0.0390625
0 0.375 0.03125 0.0390625 0.0390625
0 0.37890625 0.03125 0.0390625 0.0390625
0 0.43359375 0.03515625 0.0390625 0.0390625
0 0.43359375 0.0390625 0.0390625 0.0390625
0 0.58984375 0.05078125 0.0390625 0.0390625
0 0.5625 0.08203125 0.0390625 0.0390625
0 0.62890625 0.08984375 0.0390625 0.0390625
0 0.64453125 0.10546875 0.0390625 0.0390625
0 0.75390625 0.125 0.0390625 0.0390625
0 0.66796875 0.13671875 0.0390625 0.0390625
0 0.0546875 0.23046875 0.0390625 0.0390625
0 0.609375 0.265625 0.0390625 0.0390625
0 0.5546875 0.28515625 0.0390625 0.0390625
0 0.80078125 0.36328125 0.0390625 0.0390625
0 0.8046875 0.4765625 0.0390625 0.0390625
0 0.00390625 0.48046875 0.0390625 0.0390625
0 0.8046875 0.48046875 0.0390625 0.0390625
0 0.00390625 0.484375 0.0390625 0.0390625
0 0.0 0.5 0.0390625 0.0390625
0 0.78125 0.51953125 0.0390625 0.0390625
0 0.1171875 0.60546875 0.0390625 0.0390625
0 0.1953125 0.60546875 0.0390625 0.0390625
0 0.1953125 0.625 0.0390625 0.0390625
0 0.1796875 0.640625 0.0390625 0.0390625
0 0.16796875 0.65625 0.0390625 0.0390625
0 0.0 0.67578125 0.0390625 0.0390625
0 0.03515625 0.69140625 0.0390625 0.0390625
0 0.6484375 0.83984375 0.0390625 0.0390625
0 0.65234375 0.83984375 0.0390625 0.0390625
0 0.66796875 0.98828125 0.0390625 0.0390625
0 0.671875 0.98828125 0.0390625 0.0390625
