0 0.2109375 0.00390625 0.0390625 0.0390625
0 0.21484375 0.00390625 0.0390625 0.0390625
0 0.1875 0.0234375 0.0390625 0.0390625
0 0.16796875 0.03515625 0.0390625 0.0390625
0 0.28515625 0.078125 0.0390625 0.0390625
0 0.26953125 0.08984375 0.0390625 0.0390625
0 0.25 0.09765625 0.0390625 0.0390625
0 0.22265625 0.1171875 0.0390625 0.0390625
0 0.3671875 0.16015625 0.0390625 0.0390625
0 0.37109375 0.16015625 0.0390625 0.0390625
0 0.37109375 0.1796875 0.0390625 0.0390625
0 0.3828125 0.19140625 0.0390625 0.0390625
0 0.38671875 0.2109375 0.0390625 0.0390625
0 0.390625 0.2109375 0.0390625 0.0390625
0 0.38671875 0.21484375 0.0390625 0.0390625
0 0.390625 0.21484375 0.0390625 0.0390625
0 0.3125 0.4296875 0.0390625 0.0390625
0 0.0546875 0.66796875 0.0390625 0.0390625
0 0.05859375 0.6875 0.0390625 0.0390625
0 0.05859375 0.69140625 0.0390625 0.0390625
0 0.07421875 0.7734375 0.0390625 0.0390625
0 0.07421875 0.77734375 0.0390625 0.0390625
0 0.09765625 0.8046875 0.0390625 0.0390625
0 0.09765625 0.80859375 0.0390625 0.0390625
0 0.01171875 0.8359375 0.0390625 0.0390625
0 0.03125 0.87890625 0.0390625 0.0390625
