0 0.7265625 0.2421875 0.0390625 0.0390625
0 0.7265625 0.24609375 0.0390625 0.0390625
0 0.78125 0.26171875 0.0390625 0.0390625
0 0.91796875 0.26953125 0.0390625 0.0390625
0 0.6875 0.2734375 0.0390625 0.0390625
0 0.91796875 0.2734375 0.0390625 0.0390625
0 0.796875 0.27734375 0.0390625 0.0390625
0 0.796875 0.28125 0.0390625 0.0390625
0 0.671875 0.296875 0.0390625 0.0390625
0 0.8359375 0.31640625 0.0390625 0.0390625
0 0.87109375 0.359375 0.0390625 0.0390625
0 0.875 0.359375 0.0390625 0.0390625
0 0.54296875 0.4140625 0.0390625 0.0390625
0 0.92578125 0.41796875 0.0390625 0.0390625
0 0.92578125 0.421875 0.0390625 0.0390625
0 0.9921875 0.48046875 0.0390625 0.0390625
0 0.875 0.484375 0.0390625 0.0390625
0 0.93359375 0.53515625 0.0390625 0.0390625
0 0.96875 0.57421875 0.0390625 0.0390625
0 0.96875 0.578125 0.0390625 0.0390625
0 0.98828125 0.60546875 0.0390625 0.0390625
0 0.9921875 0.60546875 0.0390625 0.0390625
0 0.97265625 0.65234375 0.0390625 0.0390625
0 0.859375 0.65625 0.0390625 0.0390625
0 0.8203125 0.6875 0.0390625 0.0390625
0 0.8203125 0.69140625 0.0390625 0.0390625
0 0.8359375 0.703125 0.0390625 0.0390625
0 0.9140625 0.7109375 0.0390625 0.0390625
0 0.8515625 0.71875 0.0390625 0.0390625
0 0.86328125 0.734375 0.0390625 0.0390625
0 0.87890625 0.75 0.0390625 0.0390625
0 0.8984375 0.77734375 0.0390625 0.0390625
