0 0.66796875 0.125 0.0390625 0.0390625
0 0.671875 0.125 0.0390625 0.0390625
0 0.828125 0.34765625 0.0390625 0.0390625
0 0.859375 0.38671875 0.0390625 0.0390625
0 0.859375 0.390625 0.0390625 0.0390625
0 0.9609375 0.41796875 0.0390625 0.0390625
0 0.9140625 0.44921875 0.0390625 0.0390625
0 0.9921875 0.44921875 0.0390625 0.0390625
0 0.9921875 0.453125 0.0390625 0.0390625
0 0.9609375 0.5625 0.0390625 0.0390625
0 0.96484375 0.5625 0.0390625 0.0390625
0 0.28125 0.7734375 0.0390625 0.0390625
0 0.4375 0.83984375 0.0390625 0.0390625
0 0.50390625 0.91796875 0.0390625 0.0390625
0 0.50390625 0.921875 0.0390625 0.0390625
0 0.28515625 0.97265625 0.0390625 0.0390625
0 0.2890625 0.97265625 0.0390625 0.0390625
