0 0.6640625 0.12109375 0.0390625 0.0390625
0 0.671875 0.13671875 0.0390625 0.0390625
0 0.671875 0.140625 0.0390625 0.0390625
0 0.671875 0.1796875 0.0390625 0.0390625
0 0.67578125 0.1796875 0.0390625 0.0390625
0 0.67578125 0.19921875 0.0390625 0.0390625
0 0.66796875 0.21875 0.0390625 0.0390625
0 0.578125 0.29296875 0.0390625 0.0390625
0 0.66015625 0.3984375 0.0390625 0.0390625
0 0.65625 0.4375 0.0390625 0.0390625
0 0.6640625 0.4765625 0.0390625 0.0390625
0 0.66796875 0.4765625 0.0390625 0.0390625
0 0.6640625 0.48046875 0.0390625 0.0390625
0 0.66796875 0.48046875 0.0390625 0.0390625
0 0.66796875 0.51953125 0.0390625 0.0390625
0 0.67578125 0.57421875 0.0390625 0.0390625
0 0.26953125 0.75390625 0.0390625 0.0390625
0 0.23046875 0.7578125 0.0390625 0.0390625
0 0.26953125 0.7578125 0.0390625 0.0390625
0 0.37890625 0.77734375 0.0390625 0.0390625
0 0.37109375 0.8359375 0.0390625 0.0390625
0 0.26171875 0.83984375 0.0390625 0.0390625
0 0.26171875 0.84375 0.0390625 0.0390625
0 0.35546875 0.984375 0.0390625 0.0390625
