0 0.82421875 0.00390625 0.0390625 0.0390625
0 0.72265625 0.0078125 0.0390625 0.0390625
0 0.7265625 0.0234375 0.0390625 0.0390625
0 0.84375 0.0546875 0.0390625 0.0390625
0 0.84765625 0.0546875 0.0390625 0.0390625
0 0.85546875 0.07421875 0.0390625 0.0390625
0 0.75390625 0.078125 0.0390625 0.0390625
0 0.87109375 0.10546875 0.0390625 0.0390625
0 0.87890625 0.125 0.0390625 0.0390625
0 0.78125 0.1328125 0.0390625 0.0390625
0 0.765625 0.203125 0.0390625 0.0390625
0 0.76953125 0.203125 0.0390625 0.0390625
0 0.82421875 0.21484375 0.0390625 0.0390625
0 0.77734375 0.21875 0.0390625 0.0390625
0 0.82421875 0.21875 0.0390625 0.0390625
0 0.796875 0.25390625 0.0390625 0.0390625
0 0.8671875 0.30859375 0.0390625 0.0390625
0 0.87109375 0.30859375 0.0390625 0.0390625
0 0.2890625 0.3125 0.0390625 0.0390625
0 0.9375 0.35546875 0.0390625 0.0390625
0 0.92578125 0.3671875 0.0390625 0.0390625
0 0.90234375 0.37109375 0.0390625 0.0390625
0 0.88671875 0.3828125 0.0390625 0.0390625
0 0.88671875 0.38671875 0.0390625 0.0390625
