0 0.890625 0.0 0.0390625 0.0390625
0 0.04296875 0.00390625 0.0390625 0.0390625
0 0.0546875 0.01171875 0.0390625 0.0390625
0 0.0703125 0.0234375 0.0390625 0.0390625
0 0.75 0.1015625 0.0390625 0.0390625
0 0.75 0.10546875 0.0390625 0.0390625
0 0.80859375 0.13671875 0.0390625 0.0390625
0 0.7265625 0.140625 0.0390625 0.0390625
0 0.0546875 0.15625 0.0390625 0.0390625
0 0.0546875 0.16015625 0.0390625 0.0390625
0 0.78515625 0.16796875 0.0390625 0.0390625
0 0.70703125 0.171875 0.0390625 0.0390625
0 0.78515625 0.171875 0.0390625 0.0390625
0 0.70703125 0.17578125 0.0390625 0.0390625
0 0.765625 0.20703125 0.0390625 0.0390625
0 0.76953125 0.20703125 0.0390625 0.0390625
0 0.703125 0.30859375 0.0390625 0.0390625
0 0.6796875 0.34765625 0.0390625 0.0390625
0 0.65625 0.3828125 0.0390625 0.0390625
0 0.01953125 0.4375 0.0390625 0.0390625
0 0.0234375 0.4375 0.0390625 0.0390625
0 0.25390625 0.4375 0.0390625 0.0390625
0 0.03515625 0.44921875 0.0390625 0.0390625
0 0.26953125 0.44921875 0.0390625 0.0390625
0 0.05078125 0.45703125 0.0390625 0.0390625
0 0.0546875 0.45703125 0.0390625 0.0390625
0 0.609375 0.4609375 0.0390625 0.0390625
0 0.0703125 0.46875 0.0390625 0.0390625
0 0.51953125 0.47265625 0.0390625 0.0390625
0 0.5234375 0.47265625 0.0390625 0.0390625
0 0.51953125 0.4765625 0.0390625 0.0390625
0 0.5234375 0.4765625 0.0390625 0.0390625
0 0.02734375 0.48828125 0.0390625 0.0390625
0 0.30859375 0.48828125 0.0390625 0.0390625
0 0.3125 0.48828125 0.0390625 0.0390625
0 0.02734375 0.4921875 0.0390625 0.0390625
0 0.30859375 0.4921875 0.0390625 0.0390625
0 0.3125 0.4921875 0.0390625 0.0390625
0 0.33203125 0.4921875 0.0390625 0.0390625
0 0.1171875 0.49609375 0.0390625 0.0390625
0 0.5 0.5078125 0.0390625 0.0390625
0 0.57421875 0.51171875 0.0390625 0.0390625
0 0.57421875 0.515625 0.0390625 0.0390625
0 0.13671875 0.51953125 0.0390625 0.0390625
0 0.140625 0.51953125 0.0390625 0.0390625
0 0.68359375 0.53125 0.0390625 0.0390625
0 0.00390625 0.55078125 0.0390625 0.0390625
0 0.0078125 0.55078125 0.0390625 0.0390625
0 0.55078125 0.55078125 0.0390625 0.0390625
0 0.0390625 0.57421875 0.0390625 0.0390625
0 0.04296875 0.57421875 0.0390625 0.0390625
0 0.19140625 0.58984375 0.0390625 0.0390625
0 0.1953125 0.58984375 0.0390625 0.0390625
0 0.51953125 0.6015625 0.0390625 0.0390625
0 0.09765625 0.60546875 0.0390625 0.0390625
0 0.234375 0.61328125 0.0390625 0.0390625
0 0.42578125 0.62109375 0.0390625 0.0390625
0 0.49609375 0.63671875 0.0390625 0.0390625
0 0.5 0.63671875 0.0390625 0.0390625
0 0.19140625 0.66015625 0.0390625 0.0390625
0 0.19140625 0.6640625 0.0390625 0.0390625
0 0.234375 0.6875 0.0390625 0.0390625
0 0.03125 0.78515625 0.0390625 0.0390625
0 0.03515625 0.78515625 0.0390625 0.0390625
0 0.1328125 0.80078125 0.0390625 0.0390625
0 0.13671875 0.80078125 0.0390625 0.0390625
0 0.57421875 0.828125 0.0390625 0.0390625
0 0.57421875 0.83203125 0.0390625 0.0390625
0 0.46875 0.8359375 0.0390625 0.0390625
0 0.79296875 0.8359375 0.0390625 0.0390625
0 0.79296875 0.83984375 0.0390625 0.0390625
0 0.53515625 0.87109375 0.0390625 0.0390625
0 0.3046875 0.9453125 0.0390625 0.0390625
0 0.00390625 0.94921875 0.0390625 0.0390625
0 0.3046875 0.94921875 0.0390625 0.0390625
0 0.2265625 0.953125 0.0390625 0.0390625
0 0.6640625 0.95703125 0.0390625 0.0390625
0 0.66796875 0.95703125 0.0390625 0.0390625
0 0.0234375 0.96484375 0.0390625 0.0390625
0 0.02734375 0.96484375 0.0390625 0.0390625
0 0.796875 0.96875 0.0390625 0.0390625
0 0.04296875 0.9765625 0.0390625 0.0390625
0 0.046875 0.9765625 0.0390625 0.0390625
0 0.203125 0.98828125 0.0390625 0.0390625
0 0.0078125 0.9921875 0.0390625 0.0390625
0 0.01171875 0.9921875 0.0390625 0.0390625
0 0.0703125 0.9921875 0.0390625 0.0390625
0 0.0703125 0.99609375 0.0390625 0.0390625
