0 0.55078125 0.078125 0.0390625 0.0390625
0 0.5546875 0.078125 0.0390625 0.0390625
0 0.52734375 0.109375 0.0390625 0.0390625
0 0.53125 0.109375 0.0390625 0.0390625
0 0.48828125 0.15625 0.0390625 0.0390625
0 0.4921875 0.15625 0.0390625 0.0390625
0 0.28125 0.1640625 0.0390625 0.0390625
0 0.28125 0.16796875 0.0390625 0.0390625
0 0.5703125 0.359375 0.0390625 0.0390625
0 0.5703125 0.36328125 0.0390625 0.0390625
0 0.61328125 0.375 0.0390625 0.0390625
0 0.8984375 0.5 0.0390625 0.0390625
0 0.11328125 0.67578125 0.0390625 0.0390625
0 0.1171875 0.67578125 0.0390625 0.0390625
0 0.796875 0.703125 0.0390625 0.0390625
0 0.796875 0.70703125 0.0390625 0.0390625
0 0.1875 0.7421875 0.0390625 0.0390625
0 0.46484375 0.78125 0.0390625 0.0390625
0 0.46484375 0.78515625 0.0390625 0.0390625
0 0.234375 0.7890625 0.0390625 0.0390625
0 0.2421875 0.8671875 0.0390625 0.0390625
0 0.24609375 0.8671875 0.0390625 0.0390625
0 0.1953125 0.875 0.0390625 0.0390625
0 0.1953125 0.87890625 0.0390625 0.0390625
0 0.765625 0.91015625 0.0390625 0.0390625
0 0.75390625 0.92578125 0.0390625 0.0390625
0 0.7421875 0.9453125 0.0390625 0.0390625
0 0.34375 0.94921875 0.0390625 0.0390625
0 0.69921875 0.984375 0.0390625 0.0390625
0 0.703125 0.984375 0.0390625 0.0390625
