0 0.390625 0.1484375 0.0390625 0.0390625
0 0.39453125 0.1484375 0.0390625 0.0390625
0 0.015625 0.17578125 0.0390625 0.0390625
0 0.140625 0.1796875 0.0390625 0.0390625
0 0.16796875 0.1953125 0.0390625 0.0390625
0 0.07421875 0.2109375 0.0390625 0.0390625
0 0.07421875 0.21484375 0.0390625 0.0390625
0 0.24609375 0.24609375 0.0390625 0.0390625
0 0.2421875 0.29296875 0.0390625 0.0390625
0 0.98046875 0.29296875 0.0390625 0.0390625
0 0.2421875 0.296875 0.0390625 0.0390625
0 0.98046875 0.296875 0.0390625 0.0390625
0 0.1640625 0.31640625 0.0390625 0.0390625
0 0.5390625 0.33984375 0.0390625 0.0390625
0 0.796875 0.4140625 0.0390625 0.0390625
0 0.74609375 0.4765625 0.0390625 0.0390625
0 0.359375 0.5 0.0390625 0.0390625
0 0.40234375 0.53125 0.0390625 0.0390625
0 0.60546875 0.55859375 0.0390625 0.0390625
0 0.40234375 0.57421875 0.0390625 0.0390625
0 0.37109375 0.59375 0.0390625 0.0390625
0 0.046875 0.6171875 0.0390625 0.0390625
0 0.03515625 0.65234375 0.0390625 0.0390625
0 0.04296875 0.671875 0.0390625 0.0390625
0 0.30859375 0.671875 0.0390625 0.0390625
0 0.04296875 0.67578125 0.0390625 0.0390625
0 0.12890625 0.67578125 0.0390625 0.0390625
0 0.1328125 0.67578125 0.0390625 0.0390625
0 0.125 0.69140625 0.0390625 0.0390625
0 0.03125 0.7109375 0.0390625 0.0390625
0 0.1171875 0.7109375 0.0390625 0.0390625
0 0.02734375 0.734375 0.0390625 0.0390625
0 0.1171875 0.734375 0.0390625 0.0390625
0 0.12109375 0.734375 0.0390625 0.0390625
0 0.0234375 0.75 0.0390625 0.0390625
0 0.015625 0.76953125 0.0390625 0.0390625
0 0.01171875 0.79296875 0.0390625 0.0390625
0 0.015625 0.79296875 0.0390625 0.0390625
0 0.6015625 0.796875 0.0390625 0.0390625
0 0.60546875 0.796875 0.0390625 0.0390625
0 0.1875 0.828125 0.0390625 0.0390625
0 0.37890625 0.83203125 0.0390625 0.0390625
0 0.20703125 0.83984375 0.0390625 0.0390625
0 0.22265625 0.84765625 0.0390625 0.0390625
0 0.109375 0.890625 0.0390625 0.0390625
0 0.109375 0.89453125 0.0390625 0.0390625
0 0.4609375 0.89453125 0.0390625 0.0390625
0 0.12890625 0.90234375 0.0390625 0.0390625
0 0.1484375 0.91015625 0.0390625 0.0390625
0 0.1640625 0.921875 0.0390625 0.0390625
0 0.1796875 0.9296875 0.0390625 0.0390625
0 0.46875 0.96875 0.0390625 0.0390625
