0 0.35546875 0.04296875 0.0390625 0.0390625
0 0.19921875 0.08984375 0.0390625 0.0390625
0 0.20703125 0.19140625 0.0390625 0.0390625
0 0.70703125 0.3046875 0.0390625 0.0390625
0 0.609375 0.3671875 0.0390625 0.0390625
0 0.71484375 0.3984375 0.0390625 0.0390625
0 0.71875 0.3984375 0.0390625 0.0390625
0 0.40625 0.7890625 0.0390625 0.0390625
0 0.7890625 0.88671875 0.0390625 0.0390625
0 0.66015625 0.890625 0.0390625 0.0390625
0 0.6796875 0.89453125 0.0390625 0.0390625
0 0.5234375 0.91015625 0.0390625 0.0390625
0 0.48046875 0.9140625 0.0390625 0.0390625
0 0.484375 0.9140625 0.0390625 0.0390625
