0 0.80078125 0.00390625 0.0390625 0.0390625
0 0.80078125 0.0078125 0.0390625 0.0390625
0 0.71484375 0.04296875 0.0390625 0.0390625
0 0.71875 0.04296875 0.0390625 0.0390625
0 0.71484375 0.046875 0.0390625 0.0390625
0 0.71875 0.046875 0.0390625 0.0390625
0 0.7578125 0.08984375 0.0390625 0.0390625
0 0.51953125 0.15234375 0.0390625 0.0390625
0 0.5234375 0.15234375 0.0390625 0.0390625
0 0.9453125 0.16796875 0.0390625 0.0390625
0 0.5 0.18359375 0.0390625 0.0390625
0 0.92578125 0.19140625 0.0390625 0.0390625
0 0.90234375 0.2109375 0.0390625 0.0390625
0 0.90625 0.2109375 0.0390625 0.0390625
0 0.89453125 0.2265625 0.0390625 0.0390625
0 0.8984375 0.2265625 0.0390625 0.0390625
0 0.5390625 0.2578125 0.0390625 0.0390625
0 0.8671875 0.265625 0.0390625 0.0390625
0 0.87109375 0.265625 0.0390625 0.0390625
0 0.6328125 0.42578125 0.0390625 0.0390625
0 0.81640625 0.4375 0.0390625 0.0390625
0 0.69921875 0.44140625 0.0390625 0.0390625
0 0.80859375 0.484375 0.0390625 0.0390625
0 0.8125 0.484375 0.0390625 0.0390625
0 0.6015625 0.5 0.0390625 0.0390625
0 0.82421875 0.5 0.0390625 0.0390625
0 0.84375 0.5078125 0.0390625 0.0390625
0 0.84375 0.51171875 0.0390625 0.0390625
0 0.7734375 0.51953125 0.0390625 0.0390625
0 0.77734375 0.51953125 0.0390625 0.0390625
0 0.8515625 0.52734375 0.0390625 0.0390625
0 0.796875 0.53125 0.0390625 0.0390625
0 0.515625 0.53515625 0.0390625 0.0390625
0 0.87109375 0.53515625 0.0390625 0.0390625
0 0.515625 0.5390625 0.0390625 0.0390625
0 0.87109375 0.5390625 0.0390625 0.0390625
0 0.4609375 0.54296875 0.0390625 0.0390625
0 0.46484375 0.54296875 0.0390625 0.0390625
0 0.8046875 0.54296875 0.0390625 0.0390625
0 0.4609375 0.546875 0.0390625 0.0390625
0 0.46484375 0.546875 0.0390625 0.0390625
0 0.8203125 0.55859375 0.0390625 0.0390625
0 0.48046875 0.5625 0.0390625 0.0390625
0 0.8984375 0.5625 0.0390625 0.0390625
0 0.54296875 0.56640625 0.0390625 0.0390625
0 0.546875 0.56640625 0.0390625 0.0390625
0 0.83984375 0.5703125 0.0390625 0.0390625
0 0.83984375 0.57421875 0.0390625 0.0390625
0 0.90625 0.58203125 0.0390625 0.0390625
0 0.91015625 0.58203125 0.0390625 0.0390625
0 0.703125 0.5859375 0.0390625 0.0390625
0 0.70703125 0.5859375 0.0390625 0.0390625
0 0.84765625 0.5859375 0.0390625 0.0390625
0 0.8515625 0.5859375 0.0390625 0.0390625
0 0.90625 0.5859375 0.0390625 0.0390625
0 0.91015625 0.5859375 0.0390625 0.0390625
0 0.859375 0.59765625 0.0390625 0.0390625
0 0.86328125 0.59765625 0.0390625 0.0390625
0 0.66796875 0.6015625 0.0390625 0.0390625
0 0.7265625 0.6015625 0.0390625 0.0390625
0 0.92578125 0.6015625 0.0390625 0.0390625
0 0.9296875 0.6015625 0.0390625 0.0390625
0 0.66796875 0.60546875 0.0390625 0.0390625
0 0.76171875 0.64453125 0.0390625 0.0390625
0 0.45703125 0.6484375 0.0390625 0.0390625
0 0.9765625 0.6484375 0.0390625 0.0390625
0 0.45703125 0.65234375 0.0390625 0.0390625
0 0.56640625 0.65234375 0.0390625 0.0390625
0 0.5703125 0.65234375 0.0390625 0.0390625
0 0.91796875 0.65234375 0.0390625 0.0390625
0 0.921875 0.65234375 0.0390625 0.0390625
0 0.56640625 0.65625 0.0390625 0.0390625
0 0.5703125 0.65625 0.0390625 0.0390625
0 0.7890625 0.66796875 0.0390625 0.0390625
0 0.80859375 0.68359375 0.0390625 0.0390625
0 0.9609375 0.6953125 0.0390625 0.0390625
0 0.625 0.70703125 0.0390625 0.0390625
0 0.9765625 0.70703125 0.0390625 0.0390625
0 0.98046875 0.70703125 0.0390625 0.0390625
0 0.7734375 0.71875 0.0390625 0.0390625
0 0.77734375 0.71875 0.0390625 0.0390625
0 0.6484375 0.73046875 0.0390625 0.0390625
0 0.859375 0.73046875 0.0390625 0.0390625
0 0.86328125 0.73046875 0.0390625 0.0390625
0 0.14453125 0.7421875 0.0390625 0.0390625
0 0.14453125 0.74609375 0.0390625 0.0390625
0 0.87109375 0.75 0.0390625 0.0390625
0 0.12890625 0.7578125 0.0390625 0.0390625
0 0.8828125 0.765625 0.0390625 0.0390625
0 0.8984375 0.77734375 0.0390625 0.0390625
0 0.4453125 0.78125 0.0390625 0.0390625
0 0.8359375 0.78125 0.0390625 0.0390625
0 0.83984375 0.78125 0.0390625 0.0390625
0 0.8359375 0.78515625 0.0390625 0.0390625
0 0.83984375 0.78515625 0.0390625 0.0390625
0 0.9140625 0.7890625 0.0390625 0.0390625
0 0.9140625 0.79296875 0.0390625 0.0390625
0 0.94921875 0.8125 0.0390625 0.0390625
0 0.88671875 0.81640625 0.0390625 0.0390625
0 0.88671875 0.8203125 0.0390625 0.0390625
0 0.484375 0.82421875 0.0390625 0.0390625
0 0.0859375 0.828125 0.0390625 0.0390625
0 0.25 0.83203125 0.0390625 0.0390625
0 0.25390625 0.83203125 0.0390625 0.0390625
0 0.8984375 0.8359375 0.0390625 0.0390625
0 0.91015625 0.8515625 0.0390625 0.0390625
0 0.91015625 0.85546875 0.0390625 0.0390625
0 0.5234375 0.8671875 0.0390625 0.0390625
0 0.765625 0.890625 0.0390625 0.0390625
0 0.79296875 0.91796875 0.0390625 0.0390625
0 0.06640625 0.9375 0.0390625 0.0390625
0 0.8203125 0.9453125 0.0390625 0.0390625
0 0.82421875 0.9453125 0.0390625 0.0390625
0 0.8203125 0.94921875 0.0390625 0.0390625
0 0.82421875 0.94921875 0.0390625 0.0390625
0 0.83984375 0.9609375 0.0390625 0.0390625
0 0.85546875 0.9765625 0.0390625 0.0390625
0 0.8671875 0.9921875 0.0390625 0.0390625
