0 0.65625 0.0546875 0.0390625 0.0390625
0 0.5859375 0.109375 0.0390625 0.0390625
0 0.58984375 0.109375 0.0390625 0.0390625
0 0.828125 0.125 0.0390625 0.0390625
0 0.54296875 0.14453125 0.0390625 0.0390625
0 0.8828125 0.15625 0.0390625 0.0390625
0 0.89453125 0.17578125 0.0390625 0.0390625
0 0.77734375 0.18359375 0.0390625 0.0390625
0 0.3125 0.1875 0.0390625 0.0390625
0 0.5390625 0.203125 0.0390625 0.0390625
0 0.79296875 0.203125 0.0390625 0.0390625
0 0.79296875 0.20703125 0.0390625 0.0390625
0 0.328125 0.2109375 0.0390625 0.0390625
0 0.73046875 0.2109375 0.0390625 0.0390625
0 0.70703125 0.21875 0.0390625 0.0390625
0 0.70703125 0.22265625 0.0390625 0.0390625
0 0.33984375 0.234375 0.0390625 0.0390625
0 0.6796875 0.2421875 0.0390625 0.0390625
0 0.359375 0.24609375 0.0390625 0.0390625
0 0.6796875 0.24609375 0.0390625 0.0390625
0 0.66796875 0.26171875 0.0390625 0.0390625
0 0.65234375 0.2734375 0.0390625 0.0390625
0 0.65234375 0.27734375 0.0390625 0.0390625
0 0.47265625 0.30078125 0.0390625 0.0390625
0 0.47265625 0.3046875 0.0390625 0.0390625
0 0.6171875 0.3046875 0.0390625 0.0390625
0 0.60546875 0.3203125 0.0390625 0.0390625
0 0.41015625 0.33203125 0.0390625 0.0390625
0 0.4140625 0.33203125 0.0390625 0.0390625
0 0.58984375 0.3359375 0.0390625 0.0390625
0 0.58984375 0.33984375 0.0390625 0.0390625
0 0.57421875 0.35546875 0.0390625 0.0390625
0 0.578125 0.35546875 0.0390625 0.0390625
0 0.828125 0.3671875 0.0390625 0.0390625
0 0.83984375 0.3828125 0.0390625 0.0390625
0 0.859375 0.40234375 0.0390625 0.0390625
0 0.44921875 0.421875 0.0390625 0.0390625
0 0.7578125 0.44140625 0.0390625 0.0390625
0 0.77734375 0.453125 0.0390625 0.0390625
0 0.77734375 0.45703125 0.0390625 0.0390625
0 0.79296875 0.4765625 0.0390625 0.0390625
0 0.796875 0.4765625 0.0390625 0.0390625
0 0.90234375 0.49609375 0.0390625 0.0390625
0 0.71484375 0.5078125 0.0390625 0.0390625
0 0.82421875 0.5078125 0.0390625 0.0390625
0 0.265625 0.51171875 0.0390625 0.0390625
0 0.26953125 0.51171875 0.0390625 0.0390625
0 0.734375 0.51953125 0.0390625 0.0390625
0 0.734375 0.5234375 0.0390625 0.0390625
0 0.25390625 0.53125 0.0390625 0.0390625
0 0.609375 0.54296875 0.0390625 0.0390625
0 0.61328125 0.54296875 0.0390625 0.0390625
0 0.75390625 0.546875 0.0390625 0.0390625
0 0.62890625 0.5625 0.0390625 0.0390625
0 0.76953125 0.5625 0.0390625 0.0390625
0 0.02734375 0.56640625 0.0390625 0.0390625
0 0.21875 0.56640625 0.0390625 0.0390625
0 0.78515625 0.578125 0.0390625 0.0390625
0 0.7890625 0.578125 0.0390625 0.0390625
0 0.203125 0.58203125 0.0390625 0.0390625
0 0.203125 0.5859375 0.0390625 0.0390625
0 0.31640625 0.58984375 0.0390625 0.0390625
0 0.05859375 0.59375 0.0390625 0.0390625
0 0.18359375 0.6015625 0.0390625 0.0390625
0 0.328125 0.6015625 0.0390625 0.0390625
0 0.33203125 0.6015625 0.0390625 0.0390625
0 0.328125 0.60546875 0.0390625 0.0390625
0 0.33203125 0.60546875 0.0390625 0.0390625
0 0.07421875 0.609375 0.0390625 0.0390625
0 0.1640625 0.6171875 0.0390625 0.0390625
0 0.10546875 0.6328125 0.0390625 0.0390625
0 0.1171875 0.65234375 0.0390625 0.0390625
0 0.046875 0.66015625 0.0390625 0.0390625
0 0.12890625 0.6640625 0.0390625 0.0390625
0 0.12890625 0.66796875 0.0390625 0.0390625
0 0.0078125 0.67578125 0.0390625 0.0390625
0 0.6953125 0.67578125 0.0390625 0.0390625
0 0.6953125 0.6796875 0.0390625 0.0390625
0 0.0234375 0.6875 0.0390625 0.0390625
0 0.046875 0.71875 0.0390625 0.0390625
0 0.05078125 0.71875 0.0390625 0.0390625
0 0.015625 0.75390625 0.0390625 0.0390625
0 0.015625 0.7578125 0.0390625 0.0390625
0 0.48046875 0.7578125 0.0390625 0.0390625
0 0.0234375 0.76953125 0.0390625 0.0390625
0 0.51171875 0.78515625 0.0390625 0.0390625
0 0.22265625 0.90234375 0.0390625 0.0390625
0 0.2421875 0.92578125 0.0390625 0.0390625
0 0.24609375 0.92578125 0.0390625 0.0390625
