0 0.94921875 0.0234375 0.0390625 0.0390625
0 0.98828125 0.0234375 0.0390625 0.0390625
0 0.96484375 0.02734375 0.0390625 0.0390625
0 0.9296875 0.03125 0.0390625 0.0390625
0 0.9296875 0.03515625 0.0390625 0.0390625
0 0.80859375 0.171875 0.0390625 0.0390625
0 0.7578125 0.1796875 0.0390625 0.0390625
0 0.76171875 0.1796875 0.0390625 0.0390625
0 0.64453125 0.203125 0.0390625 0.0390625
0 0.94140625 0.203125 0.0390625 0.0390625
0 0.60546875 0.2109375 0.0390625 0.0390625
0 0.51171875 0.2265625 0.0390625 0.0390625
0 0.515625 0.2265625 0.0390625 0.0390625
0 0.3828125 0.25390625 0.0390625 0.0390625
0 0.3359375 0.26171875 0.0390625 0.0390625
0 0.33984375 0.26171875 0.0390625 0.0390625
0 0.99609375 0.2734375 0.0390625 0.0390625
0 0.23828125 0.28125 0.0390625 0.0390625
0 0.9765625 0.28125 0.0390625 0.0390625
0 0.19140625 0.28515625 0.0390625 0.0390625
0 0.9609375 0.28515625 0.0390625 0.0390625
0 0.00390625 0.73046875 0.0390625 0.0390625
0 0.0078125 0.73046875 0.0390625 0.0390625
0 0.03125 0.76171875 0.0390625 0.0390625
0 0.1171875 0.76171875 0.0390625 0.0390625
0 0.88671875 0.765625 0.0390625 0.0390625
0 0.828125 0.7890625 0.0390625 0.0390625
0 0.14453125 0.79296875 0.0390625 0.0390625
0 0.17578125 0.82421875 0.0390625 0.0390625
0 0.09375 0.828125 0.0390625 0.0390625
0 0.12890625 0.859375 0.0390625 0.0390625
0 0.21484375 0.859375 0.0390625 0.0390625
0 0.12890625 0.86328125 0.0390625 0.0390625
0 0.1640625 0.89453125 0.0390625 0.0390625
0 0.1640625 0.8984375 0.0390625 0.0390625
