0 0.1953125 0.046875 0.0390625 0.0390625
0 0.19921875 0.046875 0.0390625 0.0390625
0 0.98046875 0.3046875 0.0390625 0.0390625
0 0.37890625 0.31640625 0.0390625 0.0390625
0 0.41015625 0.35546875 0.0390625 0.0390625
0 0.41015625 0.359375 0.0390625 0.0390625
0 0.484375 0.453125 0.0390625 0.0390625
0 0.48828125 0.453125 0.0390625 0.0390625
0 0.62109375 0.62890625 0.0390625 0.0390625
0 0.703125 0.73828125 0.0390625 0.0390625
0 0.703125 0.7421875 0.0390625 0.0390625
0 0.09765625 0.7578125 0.0390625 0.0390625
0 0.1015625 0.7578125 0.0390625 0.0390625
0 0.71484375 0.8203125 0.0390625 0.0390625
0 0.79296875 0.8515625 0.0390625 0.0390625
0 0.01171875 0.87890625 0.0390625 0.0390625
0 0.7890625 0.91015625 0.0390625 0.0390625
0 0.79296875 0.91015625 0.0390625 0.0390625
