0 0.5234375 0.18359375 0.0390625 0.0390625
0 0.578125 0.21875 0.0390625 0.0390625
0 0.58203125 0.21875 0.0390625 0.0390625
0 0.61328125 0.23828125 0.0390625 0.0390625
0 0.6171875 0.23828125 0.0390625 0.0390625
0 0.61328125 0.2421875 0.0390625 0.0390625
0 0.6171875 0.2421875 0.0390625 0.0390625
0 0.75390625 0.24609375 0.0390625 0.0390625
0 0.7578125 0.24609375 0.0390625 0.0390625
0 0.80859375 0.24609375 0.0390625 0.0390625
0 0.75390625 0.25 0.0390625 0.0390625
0 0.7578125 0.25 0.0390625 0.0390625
0 0.83203125 0.25 0.0390625 0.0390625
0 0.8359375 0.25 0.0390625 0.0390625
0 0.81640625 0.33984375 0.0390625 0.0390625
0 0.8671875 0.36328125 0.0390625 0.0390625
0 0.9375 0.390625 0.0390625 0.0390625
0 0.109375 0.765625 0.0390625 0.0390625
0 0.25 0.78515625 0.0390625 0.0390625
0 0.25390625 0.78515625 0.0390625 0.0390625
0 0.96484375 0.828125 0.0390625 0.0390625
0 0.203125 0.859375 0.0390625 0.0390625
0 0.203125 0.86328125 0.0390625 0.0390625
0 0.33984375 0.88671875 0.0390625 0.0390625
0 0.25 0.89453125 0.0390625 0.0390625
0 0.25 0.8984375 0.0390625 0.0390625
0 0.265625 0.90234375 0.0390625 0.0390625
0 0.26953125 0.90234375 0.0390625 0.0390625
0 0.265625 0.90625 0.0390625 0.0390625
0 0.26953125 0.90625 0.0390625 0.0390625
