0 0.19921875 0.01171875 0.0390625 0.0390625
0 0.05078125 0.08203125 0.0390625 0.0390625
0 0.37109375 0.18359375 0.0390625 0.0390625
0 0.375 0.18359375 0.0390625 0.0390625
0 0.37109375 0.1875 0.0390625 0.0390625
0 0.375 0.1875 0.0390625 0.0390625
0 0.359375 0.19921875 0.0390625 0.0390625
0 0.27734375 0.25 0.0390625 0.0390625
0 0.2421875 0.2734375 0.0390625 0.0390625
0 0.22265625 0.27734375 0.0390625 0.0390625
0 0.2265625 0.27734375 0.0390625 0.0390625
0 0.22265625 0.28125 0.0390625 0.0390625
0 0.2265625 0.28125 0.0390625 0.0390625
0 0.35546875 0.3046875 0.0390625 0.0390625
0 0.17578125 0.3125 0.0390625 0.0390625
0 0.3359375 0.31640625 0.0390625 0.0390625
0 0.3203125 0.32421875 0.0390625 0.0390625
0 0.140625 0.33203125 0.0390625 0.0390625
0 0.14453125 0.33203125 0.0390625 0.0390625
0 0.140625 0.3359375 0.0390625 0.0390625
0 0.14453125 0.3359375 0.0390625 0.0390625
0 0.3046875 0.3359375 0.0390625 0.0390625
0 0.3046875 0.33984375 0.0390625 0.0390625
0 0.1015625 0.3515625 0.0390625 0.0390625
0 0.23828125 0.3984375 0.0390625 0.0390625
0 0.11328125 0.44921875 0.0390625 0.0390625
0 0.1015625 0.4609375 0.0390625 0.0390625
0 0.09765625 0.484375 0.0390625 0.0390625
0 0.16796875 0.54296875 0.0390625 0.0390625
0 0.140625 0.5703125 0.0390625 0.0390625
0 0.1328125 0.58984375 0.0390625 0.0390625
0 0.12890625 0.6015625 0.0390625 0.0390625
0 0.12890625 0.60546875 0.0390625 0.0390625
0 0.1171875 0.62109375 0.0390625 0.0390625
0 0.109375 0.640625 0.0390625 0.0390625
