0 0.359375 0.25 0.0390625 0.0390625
0 0.48046875 0.31640625 0.0390625 0.0390625
0 0.75 0.38671875 0.0390625 0.0390625
0 0.76171875 0.515625 0.0390625 0.0390625
0 0.81640625 0.5546875 0.0390625 0.0390625
0 0.81640625 0.55859375 0.0390625 0.0390625
0 0.125 0.62109375 0.0390625 0.0390625
0 0.125 0.625 0.0390625 0.0390625
0 0.3984375 0.7734375 0.0390625 0.0390625
0 0.40234375 0.7734375 0.0390625 0.0390625
0 0.4921875 0.83203125 0.0390625 0.0390625
0 0.05859375 0.9375 0.0390625 0.0390625
0 0.5390625 0.984375 0.0390625 0.0390625
0 0.54296875 0.984375 0.0390625 0.0390625
