0 0.0625 0.02734375 0.0390625 0.0390625
0 0.1484375 0.02734375 0.0390625 0.0390625
0 0.0625 0.03125 0.0390625 0.0390625
0 0.33203125 0.1875 0.0390625 0.0390625
0 0.23046875 0.2421875 0.0390625 0.0390625
0 0.234375 0.2421875 0.0390625 0.0390625
0 0.23046875 0.24609375 0.0390625 0.0390625
0 0.234375 0.24609375 0.0390625 0.0390625
0 0.28515625 0.25390625 0.0390625 0.0390625
0 0.28515625 0.2578125 0.0390625 0.0390625
0 0.40234375 0.2890625 0.0390625 0.0390625
0 0.578125 0.2890625 0.0390625 0.0390625
0 0.40234375 0.29296875 0.0390625 0.0390625
0 0.578125 0.29296875 0.0390625 0.0390625
0 0.6171875 0.30078125 0.0390625 0.0390625
0 0.6171875 0.3046875 0.0390625 0.0390625
0 0.80078125 0.3046875 0.0390625 0.0390625
0 0.15234375 0.3515625 0.0390625 0.0390625
0 0.15625 0.3515625 0.0390625 0.0390625
0 0.74609375 0.40625 0.0390625 0.0390625
0 0.74609375 0.41015625 0.0390625 0.0390625
0 0.09765625 0.5546875 0.0390625 0.0390625
0 0.1015625 0.578125 0.0390625 0.0390625
0 0.10546875 0.578125 0.0390625 0.0390625
0 0.1875 0.5859375 0.0390625 0.0390625
0 0.1953125 0.65625 0.0390625 0.0390625
0 0.19921875 0.65625 0.0390625 0.0390625
0 0.203125 0.703125 0.0390625 0.0390625
0 0.21484375 0.78515625 0.0390625 0.0390625
0 0.9453125 0.80078125 0.0390625 0.0390625
0 0.17578125 0.82421875 0.0390625 0.0390625
0 0.1796875 0.82421875 0.0390625 0.0390625
0 0.21875 0.82421875 0.0390625 0.0390625
0 0.22265625 0.82421875 0.0390625 0.0390625
0 0.203125 0.984375 0.0390625 0.0390625
