0 0.98046875 0.76171875 0.0390625 0.0390625
0 0.984375 0.76171875 0.0390625 0.0390625
0 0.98046875 0.765625 0.0390625 0.0390625
0 0.984375 0.765625 0.0390625 0.0390625
0 0.86328125 0.78515625 0.0390625 0.0390625
0 0.8671875 0.78515625 0.0390625 0.0390625
0 0.94921875 0.79296875 0.0390625 0.0390625
0 0.9375 0.80859375 0.0390625 0.0390625
0 0.83203125 0.8203125 0.0390625 0.0390625
0 0.90625 0.82421875 0.0390625 0.0390625
0 0.890625 0.83984375 0.0390625 0.0390625
0 0.796875 0.85546875 0.0390625 0.0390625
0 0.87890625 0.85546875 0.0390625 0.0390625
0 0.98046875 0.859375 0.0390625 0.0390625
0 0.98046875 0.86328125 0.0390625 0.0390625
0 0.96484375 0.87109375 0.0390625 0.0390625
0 0.85546875 0.875 0.0390625 0.0390625
0 0.9453125 0.88671875 0.0390625 0.0390625
0 0.84765625 0.890625 0.0390625 0.0390625
0 0.98828125 0.89453125 0.0390625 0.0390625
0 0.98828125 0.8984375 0.0390625 0.0390625
0 0.828125 0.90625 0.0390625 0.0390625
0 0.9296875 0.90625 0.0390625 0.0390625
0 0.93359375 0.90625 0.0390625 0.0390625
0 0.97265625 0.90625 0.0390625 0.0390625
0 0.9140625 0.92578125 0.0390625 0.0390625
0 0.953125 0.92578125 0.0390625 0.0390625
0 0.95703125 0.92578125 0.0390625 0.0390625
0 0.8984375 0.9375 0.0390625 0.0390625
0 0.80078125 0.94140625 0.0390625 0.0390625
0 0.8046875 0.94140625 0.0390625 0.0390625
0 0.9375 0.94140625 0.0390625 0.0390625
0 0.8828125 0.953125 0.0390625 0.0390625
0 0.78125 0.95703125 0.0390625 0.0390625
0 0.91796875 0.95703125 0.0390625 0.0390625
0 0.921875 0.95703125 0.0390625 0.0390625
0 0.8671875 0.96875 0.0390625 0.0390625
0 0.90234375 0.97265625 0.0390625 0.0390625
0 0.84765625 0.984375 0.0390625 0.0390625
0 0.75390625 0.9921875 0.0390625 0.0390625
0 0.7578125 0.9921875 0.0390625 0.0390625
