0 0.08203125 0.0078125 0.0390625 0.0390625
0 0.0859375 0.0078125 0.0390625 0.0390625
0 0.0078125 0.015625 0.0390625 0.0390625
0 0.02734375 0.015625 0.0390625 0.0390625
0 0.046875 0.015625 0.0390625 0.0390625
0 0.0625 0.015625 0.0390625 0.0390625
0 0.0078125 0.01953125 0.0390625 0.0390625
0 0.41796875 0.0390625 0.0390625 0.0390625
0 0.0390625 0.11328125 0.0390625 0.0390625
0 0.04296875 0.11328125 0.0390625 0.0390625
0 0.0234375 0.12109375 0.0390625 0.0390625
0 0.0234375 0.125 0.0390625 0.0390625
0 0.05078125 0.1796875 0.0390625 0.0390625
0 0.0546875 0.1796875 0.0390625 0.0390625
0 0.03515625 0.18359375 0.0390625 0.0390625
0 0.0390625 0.18359375 0.0390625 0.0390625
0 0.01953125 0.1875 0.0390625 0.0390625
0 0.0703125 0.2578125 0.0390625 0.0390625
0 0.0546875 0.26171875 0.0390625 0.0390625
0 0.015625 0.265625 0.0390625 0.0390625
0 0.03125 0.265625 0.0390625 0.0390625
0 0.34375 0.26953125 0.0390625 0.0390625
0 0.3046875 0.28125 0.0390625 0.0390625
0 0.0546875 0.3359375 0.0390625 0.0390625
0 0.0546875 0.33984375 0.0390625 0.0390625
0 0.015625 0.34375 0.0390625 0.0390625
0 0.015625 0.34765625 0.0390625 0.0390625
0 0.11328125 0.37109375 0.0390625 0.0390625
0 0.12890625 0.37109375 0.0390625 0.0390625
0 0.1328125 0.37109375 0.0390625 0.0390625
0 0.07421875 0.37890625 0.0390625 0.0390625
0 0.09375 0.37890625 0.0390625 0.0390625
0 0.07421875 0.3828125 0.0390625 0.0390625
0 0.05859375 0.38671875 0.0390625 0.0390625
0 0.0 0.390625 0.0390625 0.0390625
0 0.00390625 0.390625 0.0390625 0.0390625
0 0.01953125 0.390625 0.0390625 0.0390625
0 0.0390625 0.390625 0.0390625 0.0390625
0 0.0 0.39453125 0.0390625 0.0390625
0 0.00390625 0.39453125 0.0390625 0.0390625
0 0.765625 0.40625 0.0390625 0.0390625
0 0.76953125 0.40625 0.0390625 0.0390625
0 0.7421875 0.41015625 0.0390625 0.0390625
0 0.74609375 0.41015625 0.0390625 0.0390625
0 0.765625 0.41015625 0.0390625 0.0390625
0 0.76953125 0.41015625 0.0390625 0.0390625
0 0.09375 0.46484375 0.0390625 0.0390625
0 0.41015625 0.48046875 0.0390625 0.0390625
0 0.4140625 0.48046875 0.0390625 0.0390625
0 0.13671875 0.54296875 0.0390625 0.0390625
0 0.15625 0.54296875 0.0390625 0.0390625
0 0.1171875 0.546875 0.0390625 0.0390625
0 0.1015625 0.55078125 0.0390625 0.0390625
0 0.24609375 0.5546875 0.0390625 0.0390625
0 0.08203125 0.55859375 0.0390625 0.0390625
0 0.05859375 0.56640625 0.0390625 0.0390625
0 0.0625 0.56640625 0.0390625 0.0390625
0 0.05859375 0.5703125 0.0390625 0.0390625
0 0.0625 0.5703125 0.0390625 0.0390625
0 0.04296875 0.57421875 0.0390625 0.0390625
0 0.25 0.578125 0.0390625 0.0390625
0 0.01953125 0.58203125 0.0390625 0.0390625
0 0.25390625 0.6015625 0.0390625 0.0390625
0 0.1640625 0.625 0.0390625 0.0390625
0 0.265625 0.625 0.0390625 0.0390625
0 0.14453125 0.6328125 0.0390625 0.0390625
0 0.10546875 0.63671875 0.0390625 0.0390625
0 0.125 0.63671875 0.0390625 0.0390625
0 0.10546875 0.640625 0.0390625 0.0390625
0 0.08984375 0.64453125 0.0390625 0.0390625
