0 0.90234375 0.12 0.0390625 0.04
0 0.85546875 0.164 0.0390625 0.04
0 0.85546875 0.168 0.0390625 0.04
0 0.82421875 0.196 0.0390625 0.04
0 0.69140625 0.492 0.0390625 0.04
0 0.6796875 0.508 0.0390625 0.04
0 0.671875 0.532 0.0390625 0.04
0 0.75390625 0.56 0.0390625 0.04
0 0.65625 0.564 0.0390625 0.04
0 0.75390625 0.564 0.0390625 0.04
0 0.74609375 0.576 0.0390625 0.04
0 0.64453125 0.58 0.0390625 0.04
0 0.39453125 0.612 0.0390625 0.04
0 0.75 0.624 0.0390625 0.04
0 0.765625 0.636 0.0390625 0.04
0 0.76953125 0.636 0.0390625 0.04
0 0.78125 0.652 0.0390625 0.04
0 0.796875 0.66 0.0390625 0.04
0 0.671875 0.664 0.0390625 0.04
0 0.69140625 0.68 0.0390625 0.04
0 0.86328125 0.736 0.0390625 0.04
0 0.80859375 0.788 0.0390625 0.04
0 0.80859375 0.792 0.0390625 0.04
0 0.81640625 0.808 0.0390625 0.04
0 0.8359375 0.824 0.0390625 0.04
0 0.95703125 0.824 0.0390625 0.04
0 0.8515625 0.836 0.0390625 0.04
0 0.97265625 0.84 0.0390625 0.04
0 0.98828125 0.852 0.0390625 0.04
0 0.87109375 0.856 0.0390625 0.04
0 0.88671875 0.868 0.0390625 0.04
0 0.90234375 0.888 0.0390625 0.04
0 0.91796875 0.9 0.0390625 0.04
0 0.921875 0.9 0.0390625 0.04
