0 0.81640625 0.01953125 0.0390625 0.0390625
0 0.8203125 0.01953125 0.0390625 0.0390625
0 0.8359375 0.02734375 0.0390625 0.0390625
0 0.3828125 0.0390625 0.0390625 0.0390625
0 0.85546875 0.0390625 0.0390625 0.0390625
0 0.58203125 0.0546875 0.0390625 0.0390625
0 0.87109375 0.0546875 0.0390625 0.0390625
0 0.875 0.0546875 0.0390625 0.0390625
0 0.58984375 0.06640625 0.0390625 0.0390625
0 0.90625 0.0703125 0.0390625 0.0390625
0 0.95703125 0.10546875 0.0390625 0.0390625
0 0.9921875 0.125 0.0390625 0.0390625
0 0.9921875 0.12890625 0.0390625 0.0390625
0 0.51171875 0.1328125 0.0390625 0.0390625
0 0.53515625 0.1484375 0.0390625 0.0390625
0 0.5546875 0.15625 0.0390625 0.0390625
0 0.5703125 0.1640625 0.0390625 0.0390625
0 0.57421875 0.1640625 0.0390625 0.0390625
0 0.5703125 0.16796875 0.0390625 0.0390625
0 0.57421875 0.16796875 0.0390625 0.0390625
0 0.07421875 0.1953125 0.0390625 0.0390625
0 0.58984375 0.25390625 0.0390625 0.0390625
0 0.515625 0.36328125 0.0390625 0.0390625
0 0.515625 0.3671875 0.0390625 0.0390625
0 0.57421875 0.37890625 0.0390625 0.0390625
0 0.4921875 0.3984375 0.0390625 0.0390625
0 0.625 0.40625 0.0390625 0.0390625
0 0.5546875 0.4140625 0.0390625 0.0390625
0 0.48046875 0.421875 0.0390625 0.0390625
0 0.46875 0.44140625 0.0390625 0.0390625
0 0.53125 0.44921875 0.0390625 0.0390625
0 0.515625 0.46875 0.0390625 0.0390625
0 0.97265625 0.609375 0.0390625 0.0390625
0 0.97265625 0.61328125 0.0390625 0.0390625
0 0.9140625 0.69140625 0.0390625 0.0390625
0 0.9140625 0.6953125 0.0390625 0.0390625
0 0.3359375 0.734375 0.0390625 0.0390625
0 0.828125 0.80078125 0.0390625 0.0390625
0 0.74609375 0.8984375 0.0390625 0.0390625
0 0.75 0.8984375 0.0390625 0.0390625
0 0.71875 0.9375 0.0390625 0.0390625
0 0.71875 0.94140625 0.0390625 0.0390625
