0 0.92578125 0.02734375 0.0390625 0.0390625
0 0.9296875 0.02734375 0.0390625 0.0390625
0 0.73046875 0.1953125 0.0390625 0.0390625
0 0.75390625 0.1953125 0.0390625 0.0390625
0 0.73046875 0.19921875 0.0390625 0.0390625
0 0.74609375 0.22265625 0.0390625 0.0390625
0 0.76953125 0.22265625 0.0390625 0.0390625
0 0.76171875 0.25 0.0390625 0.0390625
0 0.78125 0.25 0.0390625 0.0390625
0 0.76171875 0.25390625 0.0390625 0.0390625
0 0.47265625 0.2578125 0.0390625 0.0390625
0 0.64453125 0.27734375 0.0390625 0.0390625
0 0.80078125 0.28125 0.0390625 0.0390625
0 0.62890625 0.28515625 0.0390625 0.0390625
0 0.78125 0.28515625 0.0390625 0.0390625
0 0.609375 0.29296875 0.0390625 0.0390625
0 0.57421875 0.296875 0.0390625 0.0390625
0 0.81640625 0.3046875 0.0390625 0.0390625
0 0.5859375 0.30859375 0.0390625 0.0390625
0 0.5859375 0.3125 0.0390625 0.0390625
0 0.640625 0.32421875 0.0390625 0.0390625
0 0.8671875 0.328125 0.0390625 0.0390625
0 0.87109375 0.328125 0.0390625 0.0390625
0 0.54296875 0.33203125 0.0390625 0.0390625
0 0.61328125 0.3359375 0.0390625 0.0390625
0 0.80078125 0.3359375 0.0390625 0.0390625
0 0.80078125 0.33984375 0.0390625 0.0390625
0 0.875 0.33984375 0.0390625 0.0390625
0 0.82421875 0.34375 0.0390625 0.0390625
0 0.828125 0.34375 0.0390625 0.0390625
0 0.625 0.3515625 0.0390625 0.0390625
0 0.83984375 0.35546875 0.0390625 0.0390625
0 0.640625 0.36328125 0.0390625 0.0390625
0 0.77734375 0.3671875 0.0390625 0.0390625
0 0.80859375 0.37109375 0.0390625 0.0390625
0 0.65234375 0.37890625 0.0390625 0.0390625
0 0.6640625 0.390625 0.0390625 0.0390625
0 0.6875 0.40234375 0.0390625 0.0390625
0 0.80859375 0.41015625 0.0390625 0.0390625
0 0.78515625 0.41796875 0.0390625 0.0390625
0 0.7265625 0.42578125 0.0390625 0.0390625
0 0.765625 0.42578125 0.0390625 0.0390625
0 0.7265625 0.4296875 0.0390625 0.0390625
0 0.7109375 0.44140625 0.0390625 0.0390625
0 0.30859375 0.45703125 0.0390625 0.0390625
0 0.49609375 0.47265625 0.0390625 0.0390625
0 0.921875 0.5078125 0.0390625 0.0390625
0 0.76171875 0.51171875 0.0390625 0.0390625
0 0.78125 0.51953125 0.0390625 0.0390625
0 0.9453125 0.54296875 0.0390625 0.0390625
0 0.796875 0.5546875 0.0390625 0.0390625
0 0.96875 0.58984375 0.0390625 0.0390625
0 0.7109375 0.625 0.0390625 0.0390625
0 0.7109375 0.62890625 0.0390625 0.0390625
0 0.53125 0.91796875 0.0390625 0.0390625
0 0.546875 0.91796875 0.0390625 0.0390625
0 0.546875 0.921875 0.0390625 0.0390625
0 0.56640625 0.921875 0.0390625 0.0390625
0 0.56640625 0.92578125 0.0390625 0.0390625
0 0.5 0.96484375 0.0390625 0.0390625
0 0.37890625 0.97265625 0.0390625 0.0390625
0 0.3828125 0.97265625 0.0390625 0.0390625
0 0.1015625 0.984375 0.0390625 0.0390625
