0 0.2265625 0.0 0.0390625 0.0390625
0 0.5546875 0.1328125 0.0390625 0.0390625
0 0.55859375 0.1328125 0.0390625 0.0390625
0 0.5546875 0.13671875 0.0390625 0.0390625
0 0.55859375 0.13671875 0.0390625 0.0390625
0 0.6328125 0.35546875 0.0390625 0.0390625
0 0.6328125 0.359375 0.0390625 0.0390625
0 0.765625 0.3828125 0.0390625 0.0390625
0 0.76953125 0.3828125 0.0390625 0.0390625
0 0.66796875 0.421875 0.0390625 0.0390625
0 0.8515625 0.421875 0.0390625 0.0390625
0 0.85546875 0.421875 0.0390625 0.0390625
0 0.66796875 0.42578125 0.0390625 0.0390625
0 0.8515625 0.42578125 0.0390625 0.0390625
0 0.85546875 0.42578125 0.0390625 0.0390625
0 0.73046875 0.43359375 0.0390625 0.0390625
0 0.8359375 0.4375 0.0390625 0.0390625
0 0.8359375 0.44140625 0.0390625 0.0390625
0 0.8203125 0.453125 0.0390625 0.0390625
0 0.97265625 0.5 0.0390625 0.0390625
0 0.94921875 0.515625 0.0390625 0.0390625
0 0.5703125 0.66796875 0.0390625 0.0390625
0 0.625 0.67578125 0.0390625 0.0390625
0 0.51953125 0.69140625 0.0390625 0.0390625
0 0.5234375 0.69140625 0.0390625 0.0390625
0 0.50390625 0.7421875 0.0390625 0.0390625
