0 0.9765625 0.046875 0.0390625 0.0390625
0 0.98046875 0.046875 0.0390625 0.0390625
0 0.96875 0.1015625 0.0390625 0.0390625
0 0.96875 0.10546875 0.0390625 0.0390625
0 0.1796875 0.19140625 0.0390625 0.0390625
0 0.1796875 0.1953125 0.0390625 0.0390625
0 0.18359375 0.2890625 0.0390625 0.0390625
0 0.23828125 0.31640625 0.0390625 0.0390625
0 0.2421875 0.31640625 0.0390625 0.0390625
0 0.2578125 0.34765625 0.0390625 0.0390625
0 0.2578125 0.3515625 0.0390625 0.0390625
0 0.31640625 0.47265625 0.0390625 0.0390625
0 0.3671875 0.57421875 0.0390625 0.0390625
0 0.91796875 0.62109375 0.0390625 0.0390625
0 0.921875 0.62109375 0.0390625 0.0390625
0 0.41015625 0.6640625 0.0390625 0.0390625
0 0.4140625 0.6640625 0.0390625 0.0390625
0 0.41015625 0.66796875 0.0390625 0.0390625
0 0.4140625 0.66796875 0.0390625 0.0390625
0 0.453125 0.74609375 0.0390625 0.0390625
0 0.453125 0.75 0.0390625 0.0390625
0 0.55078125 0.79296875 0.0390625 0.0390625
0 0.5546875 0.79296875 0.0390625 0.0390625
0 0.4921875 0.81640625 0.0390625 0.0390625
0 0.4921875 0.8203125 0.0390625 0.0390625
0 0.59765625 0.87890625 0.0390625 0.0390625
0 0.5078125 0.94140625 0.0390625 0.0390625
0 0.51171875 0.94140625 0.0390625 0.0390625
0 0.57421875 0.9609375 0.0390625 0.0390625
0 0.58984375 0.98828125 0.0390625 0.0390625
