0 0.98046875 0.125 0.0390625 0.0390625
0 0.984375 0.125 0.0390625 0.0390625
0 0.98046875 0.12890625 0.0390625 0.0390625
0 0.984375 0.12890625 0.0390625 0.0390625
0 0.4921875 0.54296875 0.0390625 0.0390625
0 0.72265625 0.55078125 0.0390625 0.0390625
0 0.72265625 0.5546875 0.0390625 0.0390625
0 0.9375 0.55859375 0.0390625 0.0390625
0 0.30859375 0.6875 0.0390625 0.0390625
0 0.30859375 0.69140625 0.0390625 0.0390625
0 0.01171875 0.75390625 0.0390625 0.0390625
0 0.015625 0.75390625 0.0390625 0.0390625
