0 0.609375 0.01953125 0.0390625 0.0390625
0 0.609375 0.0234375 0.0390625 0.0390625
0 0.546875 0.19140625 0.0390625 0.0390625
0 0.4921875 0.34375 0.0390625 0.0390625
0 0.3984375 0.3515625 0.0390625 0.0390625
0 0.3984375 0.35546875 0.0390625 0.0390625
0 0.4140625 0.41796875 0.0390625 0.0390625
0 0.4140625 0.421875 0.0390625 0.0390625
0 0.4609375 0.4296875 0.0390625 0.0390625
0 0.46484375 0.51953125 0.0390625 0.0390625
0 0.296875 0.5625 0.0390625 0.0390625
0 0.296875 0.56640625 0.0390625 0.0390625
0 0.28515625 0.5859375 0.0390625 0.0390625
0 0.2109375 0.7578125 0.0390625 0.0390625
0 0.734375 0.90625 0.0390625 0.0390625
0 0.73828125 0.90625 0.0390625 0.0390625
0 0.71484375 0.91015625 0.0390625 0.0390625
0 0.71484375 0.9140625 0.0390625 0.0390625
0 0.8671875 0.9765625 0.0390625 0.0390625
0 0.77734375 0.9921875 0.0390625 0.0390625
