0 0.55078125 0.04296875 0.0390625 0.0390625
0 0.55078125 0.046875 0.0390625 0.0390625
0 0.4375 0.0546875 0.0390625 0.0390625
0 0.44140625 0.0546875 0.0390625 0.0390625
0 0.5625 0.12109375 0.0390625 0.0390625
0 0.61328125 0.19140625 0.0390625 0.0390625
0 0.61328125 0.1953125 0.0390625 0.0390625
0 0.80859375 0.3046875 0.0390625 0.0390625
0 0.94140625 0.33203125 0.0390625 0.0390625
0 0.2109375 0.85546875 0.0390625 0.0390625
0 0.015625 0.9140625 0.0390625 0.0390625
0 0.49609375 0.96484375 0.0390625 0.0390625
