0 0.32421875 0.078125 0.0390625 0.0390625
0 0.32421875 0.08203125 0.0390625 0.0390625
0 0.44921875 0.08203125 0.0390625 0.0390625
0 0.27734375 0.09765625 0.0390625 0.0390625
0 0.28125 0.09765625 0.0390625 0.0390625
0 0.27734375 0.1015625 0.0390625 0.0390625
0 0.28125 0.1015625 0.0390625 0.0390625
0 0.20703125 0.1328125 0.0390625 0.0390625
0 0.2109375 0.1328125 0.0390625 0.0390625
0 0.30078125 0.1328125 0.0390625 0.0390625
0 0.30078125 0.13671875 0.0390625 0.0390625
0 0.2109375 0.171875 0.0390625 0.0390625
0 0.1015625 0.17578125 0.0390625 0.0390625
0 0.17578125 0.1875 0.0390625 0.0390625
0 0.0703125 0.19140625 0.0390625 0.0390625
0 0.09765625 0.21875 0.0390625 0.0390625
0 0.09765625 0.22265625 0.0390625 0.0390625
0 0.05859375 0.23828125 0.0390625 0.0390625
0 0.42578125 0.28515625 0.0390625 0.0390625
0 0.55859375 0.3125 0.0390625 0.0390625
0 0.43359375 0.484375 0.0390625 0.0390625
0 0.83203125 0.51171875 0.0390625 0.0390625
0 0.8515625 0.51171875 0.0390625 0.0390625
0 0.6015625 0.5546875 0.0390625 0.0390625
0 0.53125 0.55859375 0.0390625 0.0390625
0 0.53125 0.5625 0.0390625 0.0390625
0 0.2734375 0.5703125 0.0390625 0.0390625
0 0.2734375 0.57421875 0.0390625 0.0390625
0 0.4453125 0.62890625 0.0390625 0.0390625
0 0.44140625 0.66796875 0.0390625 0.0390625
0 0.44921875 0.7578125 0.0390625 0.0390625
0 0.51171875 0.78515625 0.0390625 0.0390625
0 0.33984375 0.8984375 0.0390625 0.0390625
0 0.41015625 0.8984375 0.0390625 0.0390625
0 0.4140625 0.8984375 0.0390625 0.0390625
0 0.33984375 0.90234375 0.0390625 0.0390625
0 0.359375 0.90234375 0.0390625 0.0390625
0 0.41015625 0.90234375 0.0390625 0.0390625
0 0.4140625 0.90234375 0.0390625 0.0390625
0 0.453125 0.9140625 0.0390625 0.0390625
0 0.45703125 0.96875 0.0390625 0.0390625
