0 0.4921875 0.11328125 0.0390625 0.0390625
0 0.46484375 0.140625 0.0390625 0.0390625
0 0.69140625 0.15234375 0.0390625 0.0390625
0 0.69140625 0.15625 0.0390625 0.0390625
0 0.375 0.2109375 0.0390625 0.0390625
0 0.375 0.21484375 0.0390625 0.0390625
0 0.77734375 0.2265625 0.0390625 0.0390625
0 0.046875 0.27734375 0.0390625 0.0390625
0 0.03125 0.2890625 0.0390625 0.0390625
0 0.9921875 0.37109375 0.0390625 0.0390625
0 0.20703125 0.5 0.0390625 0.0390625
0 0.21484375 0.52734375 0.0390625 0.0390625
0 0.21875 0.52734375 0.0390625 0.0390625
0 0.265625 0.60546875 0.0390625 0.0390625
0 0.3828125 0.61328125 0.0390625 0.0390625
0 0.27734375 0.6328125 0.0390625 0.0390625
0 0.29296875 0.6484375 0.0390625 0.0390625
0 0.3125 0.6640625 0.0390625 0.0390625
0 0.3671875 0.69921875 0.0390625 0.0390625
0 0.3671875 0.703125 0.0390625 0.0390625
0 0.54296875 0.83984375 0.0390625 0.0390625
0 0.546875 0.83984375 0.0390625 0.0390625
0 0.54296875 0.84375 0.0390625 0.0390625
0 0.546875 0.84375 0.0390625 0.0390625
0 0.859375 0.85546875 0.0390625 0.0390625
0 0.86328125 0.85546875 0.0390625 0.0390625
0 0.859375 0.859375 0.0390625 0.0390625
0 0.86328125 0.859375 0.0390625 0.0390625
0 0.8671875 0.91796875 0.0390625 0.0390625
0 0.03125 0.99609375 0.0390625 0.0390625
