0 0.93359375 0.0859375 0.0390625 0.0390625
0 0.859375 0.1171875 0.0390625 0.0390625
0 0.859375 0.12109375 0.0390625 0.0390625
0 0.87890625 0.1640625 0.0390625 0.0390625
0 0.86328125 0.18359375 0.0390625 0.0390625
0 0.75 0.4453125 0.0390625 0.0390625
0 0.75 0.44921875 0.0390625 0.0390625
0 0.765625 0.57421875 0.0390625 0.0390625
0 0.76953125 0.57421875 0.0390625 0.0390625
0 0.765625 0.578125 0.0390625 0.0390625
0 0.76953125 0.578125 0.0390625 0.0390625
0 0.75390625 0.61328125 0.0390625 0.0390625
0 0.64453125 0.671875 0.0390625 0.0390625
0 0.64453125 0.67578125 0.0390625 0.0390625
0 0.72265625 0.69140625 0.0390625 0.0390625
0 0.7265625 0.69140625 0.0390625 0.0390625
0 0.72265625 0.6953125 0.0390625 0.0390625
0 0.7265625 0.6953125 0.0390625 0.0390625
0 0.625 0.71875 0.0390625 0.0390625
0 0.62890625 0.71875 0.0390625 0.0390625
0 0.625 0.72265625 0.0390625 0.0390625
0 0.62890625 0.72265625 0.0390625 0.0390625
0 0.69921875 0.765625 0.0390625 0.0390625
0 0.6015625 0.79296875 0.0390625 0.0390625
0 0.6796875 0.80859375 0.0390625 0.0390625
0 0.17578125 0.8515625 0.0390625 0.0390625
