0 0.6171875 0.03125 0.0390625 0.0390625
0 0.6015625 0.05859375 0.0390625 0.0390625
0 0.5859375 0.0703125 0.0390625 0.0390625
0 0.5859375 0.07421875 0.0390625 0.0390625
0 0.56640625 0.08203125 0.0390625 0.0390625
0 0.5703125 0.08203125 0.0390625 0.0390625
0 0.5625 0.09765625 0.0390625 0.0390625
0 0.53125 0.12109375 0.0390625 0.0390625
0 0.53515625 0.12109375 0.0390625 0.0390625
0 0.51953125 0.140625 0.0390625 0.0390625
0 0.51953125 0.14453125 0.0390625 0.0390625
0 0.60546875 0.17578125 0.0390625 0.0390625
0 0.609375 0.17578125 0.0390625 0.0390625
0 0.58984375 0.1875 0.0390625 0.0390625
0 0.58984375 0.19140625 0.0390625 0.0390625
0 0.63671875 0.203125 0.0390625 0.0390625
0 0.640625 0.203125 0.0390625 0.0390625
0 0.625 0.21875 0.0390625 0.0390625
0 0.62890625 0.21875 0.0390625 0.0390625
0 0.5546875 0.2265625 0.0390625 0.0390625
0 0.5546875 0.23046875 0.0390625 0.0390625
0 0.59765625 0.24609375 0.0390625 0.0390625
0 0.140625 0.25 0.0390625 0.0390625
0 0.140625 0.25390625 0.0390625 0.0390625
0 0.5859375 0.2578125 0.0390625 0.0390625
0 0.5859375 0.26171875 0.0390625 0.0390625
0 0.2109375 0.27734375 0.0390625 0.0390625
0 0.48828125 0.29296875 0.0390625 0.0390625
0 0.859375 0.3046875 0.0390625 0.0390625
0 0.71875 0.30859375 0.0390625 0.0390625
0 0.69921875 0.33984375 0.0390625 0.0390625
0 0.7890625 0.3515625 0.0390625 0.0390625
0 0.95703125 0.359375 0.0390625 0.0390625
0 0.58984375 0.3671875 0.0390625 0.0390625
0 0.3984375 0.37109375 0.0390625 0.0390625
0 0.7578125 0.37109375 0.0390625 0.0390625
0 0.65625 0.37890625 0.0390625 0.0390625
0 0.91796875 0.37890625 0.0390625 0.0390625
0 0.921875 0.37890625 0.0390625 0.0390625
0 0.7421875 0.38671875 0.0390625 0.0390625
0 0.2734375 0.3984375 0.0390625 0.0390625
0 0.62109375 0.3984375 0.0390625 0.0390625
0 0.96484375 0.3984375 0.0390625 0.0390625
0 0.96484375 0.40234375 0.0390625 0.0390625
0 0.2734375 0.41796875 0.0390625 0.0390625
0 0.84765625 0.421875 0.0390625 0.0390625
0 0.8515625 0.421875 0.0390625 0.0390625
0 0.84765625 0.42578125 0.0390625 0.0390625
0 0.8515625 0.42578125 0.0390625 0.0390625
0 0.07421875 0.43359375 0.0390625 0.0390625
0 0.078125 0.43359375 0.0390625 0.0390625
0 0.07421875 0.4375 0.0390625 0.0390625
0 0.078125 0.4375 0.0390625 0.0390625
0 0.2734375 0.4375 0.0390625 0.0390625
0 0.2734375 0.44140625 0.0390625 0.0390625
0 0.95703125 0.4921875 0.0390625 0.0390625
0 0.9609375 0.4921875 0.0390625 0.0390625
0 0.78125 0.51953125 0.0390625 0.0390625
0 0.9140625 0.52734375 0.0390625 0.0390625
0 0.87890625 0.54296875 0.0390625 0.0390625
0 0.87890625 0.546875 0.0390625 0.0390625
0 0.77734375 0.61328125 0.0390625 0.0390625
0 0.76171875 0.625 0.0390625 0.0390625
0 0.48828125 0.9453125 0.0390625 0.0390625
0 0.4921875 0.9453125 0.0390625 0.0390625
