0 0.34765625 0.00390625 0.0390625 0.0390625
0 0.33203125 0.0234375 0.0390625 0.0390625
0 0.77734375 0.08203125 0.0390625 0.0390625
0 0.32421875 0.09375 0.0390625 0.0390625
0 0.73828125 0.09765625 0.0390625 0.0390625
0 0.73828125 0.1015625 0.0390625 0.0390625
0 0.734375 0.14453125 0.0390625 0.0390625
0 0.734375 0.1484375 0.0390625 0.0390625
0 0.9609375 0.23828125 0.0390625 0.0390625
0 0.875 0.265625 0.0390625 0.0390625
0 0.875 0.26953125 0.0390625 0.0390625
0 0.9609375 0.28125 0.0390625 0.0390625
0 0.921875 0.296875 0.0390625 0.0390625
0 0.921875 0.30078125 0.0390625 0.0390625
0 0.87890625 0.3125 0.0390625 0.0390625
0 0.87890625 0.31640625 0.0390625 0.0390625
0 0.75 0.32421875 0.0390625 0.0390625
0 0.75390625 0.32421875 0.0390625 0.0390625
0 0.7109375 0.3359375 0.0390625 0.0390625
0 0.66796875 0.34375 0.0390625 0.0390625
0 0.66796875 0.34765625 0.0390625 0.0390625
0 0.6328125 0.35546875 0.0390625 0.0390625
0 0.6328125 0.359375 0.0390625 0.0390625
0 0.59765625 0.36328125 0.0390625 0.0390625
0 0.4921875 0.42578125 0.0390625 0.0390625
0 0.5 0.4609375 0.0390625 0.0390625
0 0.796875 0.66015625 0.0390625 0.0390625
0 0.55859375 0.69140625 0.0390625 0.0390625
0 0.2890625 0.734375 0.0390625 0.0390625
0 0.359375 0.7890625 0.0390625 0.0390625
0 0.5859375 0.8046875 0.0390625 0.0390625
0 0.015625 0.82421875 0.0390625 0.0390625
0 0.4140625 0.84765625 0.0390625 0.0390625
0 0.4140625 0.8515625 0.0390625 0.0390625
0 0.3984375 0.859375 0.0390625 0.0390625
0 0.37890625 0.86328125 0.0390625 0.0390625
0 0.3828125 0.86328125 0.0390625 0.0390625
0 0.36328125 0.87109375 0.0390625 0.0390625
0 0.0703125 0.890625 0.0390625 0.0390625
0 0.6015625 0.890625 0.0390625 0.0390625
0 0.98828125 0.90234375 0.0390625 0.0390625
0 0.609375 0.921875 0.0390625 0.0390625
0 0.609375 0.92578125 0.0390625 0.0390625
0 0.61328125 0.96484375 0.0390625 0.0390625
