0 0.89453125 0.01953125 0.0390625 0.0390625
0 0.8984375 0.01953125 0.0390625 0.0390625
0 0.91796875 0.04296875 0.0390625 0.0390625
0 0.921875 0.04296875 0.0390625 0.0390625
0 0.93359375 0.05859375 0.0390625 0.0390625
0 0.98046875 0.1015625 0.0390625 0.0390625
0 0.89453125 0.23828125 0.0390625 0.0390625
0 0.8984375 0.23828125 0.0390625 0.0390625
0 0.90234375 0.2734375 0.0390625 0.0390625
0 0.15234375 0.28125 0.0390625 0.0390625
0 0.15234375 0.28515625 0.0390625 0.0390625
0 0.81640625 0.37890625 0.0390625 0.0390625
0 0.796875 0.39453125 0.0390625 0.0390625
0 0.80078125 0.39453125 0.0390625 0.0390625
0 0.921875 0.46875 0.0390625 0.0390625
0 0.94921875 0.4921875 0.0390625 0.0390625
0 0.953125 0.4921875 0.0390625 0.0390625
0 0.9609375 0.51171875 0.0390625 0.0390625
0 0.98828125 0.59765625 0.0390625 0.0390625
0 0.9921875 0.59765625 0.0390625 0.0390625
0 0.25390625 0.62890625 0.0390625 0.0390625
0 0.97265625 0.640625 0.0390625 0.0390625
0 0.9765625 0.640625 0.0390625 0.0390625
0 0.859375 0.87890625 0.0390625 0.0390625
0 0.86328125 0.87890625 0.0390625 0.0390625
0 0.38671875 0.8828125 0.0390625 0.0390625
0 0.38671875 0.88671875 0.0390625 0.0390625
0 0.47265625 0.8984375 0.0390625 0.0390625
0 0.90625 0.91796875 0.0390625 0.0390625
0 0.91015625 0.91796875 0.0390625 0.0390625
0 0.90625 0.921875 0.0390625 0.0390625
0 0.91015625 0.921875 0.0390625 0.0390625
0 0.5390625 0.984375 0.0390625 0.0390625
