0 0.65625 0.0 0.0390625 0.0390625
0 0.53125 0.00390625 0.0390625 0.0390625
0 0.65625 0.00390625 0.0390625 0.0390625
0 0.1328125 0.0390625 0.0390625 0.0390625
0 0.40234375 0.04296875 0.0390625 0.0390625
0 0.40234375 0.046875 0.0390625 0.0390625
0 0.36328125 0.13671875 0.0390625 0.0390625
0 0.36328125 0.140625 0.0390625 0.0390625
0 0.33203125 0.1640625 0.0390625 0.0390625
0 0.30078125 0.1875 0.0390625 0.0390625
0 0.265625 0.2109375 0.0390625 0.0390625
0 0.265625 0.21484375 0.0390625 0.0390625
0 0.13671875 0.2578125 0.0390625 0.0390625
0 0.140625 0.2578125 0.0390625 0.0390625
0 0.515625 0.2734375 0.0390625 0.0390625
0 0.3125 0.7734375 0.0390625 0.0390625
0 0.328125 0.8125 0.0390625 0.0390625
0 0.33203125 0.8125 0.0390625 0.0390625
0 0.83984375 0.91015625 0.0390625 0.0390625
0 0.83984375 0.9140625 0.0390625 0.0390625
0 0.3828125 0.9453125 0.0390625 0.0390625
0 0.38671875 0.9453125 0.0390625 0.0390625
0 0.3828125 0.94921875 0.0390625 0.0390625
0 0.38671875 0.94921875 0.0390625 0.0390625
0 0.34765625 0.97265625 0.0390625 0.0390625
0 0.68359375 0.97265625 0.0390625 0.0390625
0 0.68359375 0.9765625 0.0390625 0.0390625
0 0.3984375 0.98046875 0.0390625 0.0390625
0 0.3984375 0.984375 0.0390625 0.0390625
0 0.64453125 0.9921875 0.0390625 0.0390625
