0 0.58203125 0.1328125 0.0390625 0.0390625
0 0.5859375 0.1328125 0.0390625 0.0390625
0 0.6015625 0.140625 0.0390625 0.0390625
0 0.60546875 0.140625 0.0390625 0.0390625
0 0.63671875 0.16015625 0.0390625 0.0390625
0 0.640625 0.16015625 0.0390625 0.0390625
0 0.65625 0.171875 0.0390625 0.0390625
0 0.45703125 0.19921875 0.0390625 0.0390625
0 0.45703125 0.203125 0.0390625 0.0390625
0 0.79296875 0.3515625 0.0390625 0.0390625
0 0.45703125 0.6796875 0.0390625 0.0390625
0 0.45703125 0.68359375 0.0390625 0.0390625
