0 0.62890625 0.2265625 0.0390625 0.0390625
0 0.6328125 0.2265625 0.0390625 0.0390625
0 0.25390625 0.31640625 0.0390625 0.0390625
0 0.01171875 0.375 0.0390625 0.0390625
0 0.046875 0.4296875 0.0390625 0.0390625
0 0.140625 0.48828125 0.0390625 0.0390625
0 0.05859375 0.49609375 0.0390625 0.0390625
0 0.078125 0.49609375 0.0390625 0.0390625
0 0.109375 0.49609375 0.0390625 0.0390625
0 0.03125 0.5 0.0390625 0.0390625
0 0.03515625 0.5 0.0390625 0.0390625
0 0.01171875 0.50390625 0.0390625 0.0390625
0 0.03125 0.50390625 0.0390625 0.0390625
0 0.03515625 0.50390625 0.0390625 0.0390625
0 0.2421875 0.578125 0.0390625 0.0390625
0 0.22265625 0.5859375 0.0390625 0.0390625
0 0.21484375 0.60546875 0.0390625 0.0390625
0 0.203125 0.625 0.0390625 0.0390625
0 0.18359375 0.63671875 0.0390625 0.0390625
0 0.18359375 0.640625 0.0390625 0.0390625
0 0.06640625 0.66796875 0.0390625 0.0390625
0 0.01953125 0.671875 0.0390625 0.0390625
0 0.04296875 0.671875 0.0390625 0.0390625
0 0.046875 0.671875 0.0390625 0.0390625
0 0.484375 0.86328125 0.0390625 0.0390625
0 0.48828125 0.86328125 0.0390625 0.0390625
0 0.48046875 0.91015625 0.0390625 0.0390625
0 0.48046875 0.9140625 0.0390625 0.0390625
