0 0.1171875 0.01171875 0.0390625 0.0390625
0 0.1171875 0.015625 0.0390625 0.0390625
0 0.15234375 0.01953125 0.0390625 0.0390625
0 0.19921875 0.02734375 0.0390625 0.0390625
0 0.45703125 0.03515625 0.0390625 0.0390625
0 0.45703125 0.0390625 0.0390625 0.0390625
0 0.5078125 0.0390625 0.0390625 0.0390625
0 0.51171875 0.0390625 0.0390625 0.0390625
0 0.32421875 0.05078125 0.0390625 0.0390625
0 0.55859375 0.05078125 0.0390625 0.0390625
0 0.5625 0.05078125 0.0390625 0.0390625
0 0.359375 0.0546875 0.0390625 0.0390625
0 0.36328125 0.0546875 0.0390625 0.0390625
0 0.359375 0.05859375 0.0390625 0.0390625
0 0.36328125 0.05859375 0.0390625 0.0390625
0 0.40234375 0.06640625 0.0390625 0.0390625
0 0.484375 0.078125 0.0390625 0.0390625
0 0.51953125 0.08203125 0.0390625 0.0390625
0 0.5546875 0.08984375 0.0390625 0.0390625
0 0.58984375 0.09375 0.0390625 0.0390625
0 0.59375 0.09375 0.0390625 0.0390625
0 0.58984375 0.09765625 0.0390625 0.0390625
0 0.59375 0.09765625 0.0390625 0.0390625
0 0.109375 0.10546875 0.0390625 0.0390625
0 0.62890625 0.10546875 0.0390625 0.0390625
0 0.6328125 0.10546875 0.0390625 0.0390625
0 0.12890625 0.109375 0.0390625 0.0390625
0 0.4765625 0.15234375 0.0390625 0.0390625
0 0.45703125 0.15625 0.0390625 0.0390625
0 0.9296875 0.23828125 0.0390625 0.0390625
0 0.984375 0.24609375 0.0390625 0.0390625
0 0.04296875 0.296875 0.0390625 0.0390625
0 0.046875 0.296875 0.0390625 0.0390625
0 0.0703125 0.30859375 0.0390625 0.0390625
0 0.11328125 0.31640625 0.0390625 0.0390625
0 0.21484375 0.3515625 0.0390625 0.0390625
0 0.26171875 0.36328125 0.0390625 0.0390625
0 0.26171875 0.3671875 0.0390625 0.0390625
0 0.5234375 0.515625 0.0390625 0.0390625
0 0.5625 0.5234375 0.0390625 0.0390625
0 0.5859375 0.5234375 0.0390625 0.0390625
0 0.453125 0.53125 0.0390625 0.0390625
0 0.6484375 0.54296875 0.0390625 0.0390625
0 0.65234375 0.54296875 0.0390625 0.0390625
0 0.6953125 0.546875 0.0390625 0.0390625
0 0.6953125 0.55078125 0.0390625 0.0390625
0 0.71484375 0.5546875 0.0390625 0.0390625
0 0.84375 0.67578125 0.0390625 0.0390625
0 0.02734375 0.7109375 0.0390625 0.0390625
0 0.02734375 0.71484375 0.0390625 0.0390625
0 0.08203125 0.71484375 0.0390625 0.0390625
0 0.1015625 0.71484375 0.0390625 0.0390625
0 0.81640625 0.9921875 0.0390625 0.0390625
