0 0.015625 0.10546875 0.0390625 0.0390625
0 0.01953125 0.10546875 0.0390625 0.0390625
0 0.015625 0.109375 0.0390625 0.0390625
0 0.01953125 0.109375 0.0390625 0.0390625
0 0.49609375 0.21875 0.0390625 0.0390625
0 0.4765625 0.2265625 0.0390625 0.0390625
0 0.4765625 0.23046875 0.0390625 0.0390625
0 0.46875 0.24609375 0.0390625 0.0390625
0 0.62109375 0.24609375 0.0390625 0.0390625
0 0.625 0.24609375 0.0390625 0.0390625
0 0.66015625 0.2578125 0.0390625 0.0390625
0 0.74609375 0.375 0.0390625 0.0390625
0 0.74609375 0.37890625 0.0390625 0.0390625
0 0.78515625 0.4140625 0.0390625 0.0390625
0 0.78515625 0.41796875 0.0390625 0.0390625
0 0.2578125 0.48046875 0.0390625 0.0390625
0 0.26171875 0.48046875 0.0390625 0.0390625
0 0.2578125 0.484375 0.0390625 0.0390625
0 0.26171875 0.484375 0.0390625 0.0390625
0 0.83203125 0.49609375 0.0390625 0.0390625
0 0.07421875 0.6796875 0.0390625 0.0390625
0 0.01171875 0.82421875 0.0390625 0.0390625
0 0.03515625 0.83984375 0.0390625 0.0390625
0 0.0 0.84765625 0.0390625 0.0390625
0 0.0234375 0.87109375 0.0390625 0.0390625
0 0.00390625 0.87890625 0.0390625 0.0390625
0 0.0078125 0.87890625 0.0390625 0.0390625
0 0.00390625 0.8828125 0.0390625 0.0390625
0 0.0078125 0.8828125 0.0390625 0.0390625
0 0.55078125 0.90625 0.0390625 0.0390625
0 0.6015625 0.9609375 0.0390625 0.0390625
0 0.60546875 0.9609375 0.0390625 0.0390625
0 0.6015625 0.96484375 0.0390625 0.0390625
0 0.60546875 0.96484375 0.0390625 0.0390625
0 0.0 0.98828125 0.0390625 0.0390625
