0 0.859375 0.015625 0.0390625 0.0390625
0 0.6796875 0.02734375 0.0390625 0.0390625
0 0.7421875 0.10546875 0.0390625 0.0390625
0 0.015625 0.1171875 0.0390625 0.0390625
0 0.6328125 0.1171875 0.0390625 0.0390625
0 0.61328125 0.1328125 0.0390625 0.0390625
0 0.61328125 0.13671875 0.0390625 0.0390625
0 0.04296875 0.14453125 0.0390625 0.0390625
0 0.91796875 0.14453125 0.0390625 0.0390625
0 0.921875 0.14453125 0.0390625 0.0390625
0 0.14453125 0.1640625 0.0390625 0.0390625
0 0.0703125 0.17578125 0.0390625 0.0390625
0 0.16796875 0.19140625 0.0390625 0.0390625
0 0.171875 0.19140625 0.0390625 0.0390625
0 0.09765625 0.1953125 0.0390625 0.0390625
0 0.09765625 0.19921875 0.0390625 0.0390625
0 0.6484375 0.2109375 0.0390625 0.0390625
0 0.125 0.22265625 0.0390625 0.0390625
0 0.12890625 0.22265625 0.0390625 0.0390625
0 0.203125 0.22265625 0.0390625 0.0390625
0 0.6328125 0.2265625 0.0390625 0.0390625
0 0.47265625 0.234375 0.0390625 0.0390625
0 0.4765625 0.234375 0.0390625 0.0390625
0 0.15625 0.25390625 0.0390625 0.0390625
0 0.4609375 0.25390625 0.0390625 0.0390625
0 0.46484375 0.25390625 0.0390625 0.0390625
0 0.4609375 0.2578125 0.0390625 0.0390625
0 0.46484375 0.2578125 0.0390625 0.0390625
0 0.23828125 0.26171875 0.0390625 0.0390625
0 0.26953125 0.2890625 0.0390625 0.0390625
0 0.578125 0.2890625 0.0390625 0.0390625
0 0.578125 0.29296875 0.0390625 0.0390625
0 0.359375 0.296875 0.0390625 0.0390625
0 0.8515625 0.296875 0.0390625 0.0390625
0 0.203125 0.30078125 0.0390625 0.0390625
0 0.20703125 0.30078125 0.0390625 0.0390625
0 0.55859375 0.30078125 0.0390625 0.0390625
0 0.5625 0.30078125 0.0390625 0.0390625
0 0.546875 0.31640625 0.0390625 0.0390625
0 0.3046875 0.32421875 0.0390625 0.0390625
0 0.390625 0.328125 0.0390625 0.0390625
0 0.39453125 0.328125 0.0390625 0.0390625
0 0.40625 0.34765625 0.0390625 0.0390625
0 0.42578125 0.359375 0.0390625 0.0390625
0 0.84765625 0.36328125 0.0390625 0.0390625
0 0.8515625 0.36328125 0.0390625 0.0390625
0 0.28515625 0.37890625 0.0390625 0.0390625
0 0.23046875 0.3828125 0.0390625 0.0390625
0 0.28515625 0.3828125 0.0390625 0.0390625
0 0.30859375 0.4140625 0.0390625 0.0390625
0 0.76171875 0.421875 0.0390625 0.0390625
0 0.3359375 0.4375 0.0390625 0.0390625
0 0.3671875 0.46875 0.0390625 0.0390625
0 0.3984375 0.49609375 0.0390625 0.0390625
0 0.3984375 0.5 0.0390625 0.0390625
0 0.8515625 0.50390625 0.0390625 0.0390625
0 0.85546875 0.50390625 0.0390625 0.0390625
0 0.86328125 0.53125 0.0390625 0.0390625
0 0.88671875 0.5390625 0.0390625 0.0390625
0 0.890625 0.5390625 0.0390625 0.0390625
0 0.97265625 0.5546875 0.0390625 0.0390625
0 0.64453125 0.74609375 0.0390625 0.0390625
0 0.6796875 0.77734375 0.0390625 0.0390625
0 0.6796875 0.78125 0.0390625 0.0390625
0 0.71875 0.8125 0.0390625 0.0390625
0 0.75 0.84765625 0.0390625 0.0390625
0 0.78125 0.87890625 0.0390625 0.0390625
0 0.8125 0.9140625 0.0390625 0.0390625
