0 0.1875 0.00390625 0.0390625 0.0390625
0 0.1875 0.0078125 0.0390625 0.0390625
0 0.046875 0.078125 0.0390625 0.0390625
0 0.046875 0.08203125 0.0390625 0.0390625
0 0.03125 0.41796875 0.0390625 0.0390625
0 0.1171875 0.64453125 0.0390625 0.0390625
0 0.12109375 0.64453125 0.0390625 0.0390625
0 0.04296875 0.6796875 0.0390625 0.0390625
0 0.046875 0.6796875 0.0390625 0.0390625
0 0.078125 0.6953125 0.0390625 0.0390625
0 0.109375 0.703125 0.0390625 0.0390625
0 0.29296875 0.703125 0.0390625 0.0390625
0 0.12890625 0.7109375 0.0390625 0.0390625
0 0.1484375 0.71875 0.0390625 0.0390625
0 0.4765625 0.74609375 0.0390625 0.0390625
0 0.09765625 0.75 0.0390625 0.0390625
0 0.4765625 0.75 0.0390625 0.0390625
0 0.23828125 0.75390625 0.0390625 0.0390625
0 0.25390625 0.76171875 0.0390625 0.0390625
0 0.1328125 0.765625 0.0390625 0.0390625
0 0.1484375 0.765625 0.0390625 0.0390625
0 0.15234375 0.765625 0.0390625 0.0390625
0 0.1484375 0.76953125 0.0390625 0.0390625
0 0.15234375 0.76953125 0.0390625 0.0390625
0 0.2890625 0.7734375 0.0390625 0.0390625
0 0.32421875 0.7890625 0.0390625 0.0390625
0 0.359375 0.80078125 0.0390625 0.0390625
0 0.39453125 0.81640625 0.0390625 0.0390625
0 0.39453125 0.8203125 0.0390625 0.0390625
0 0.8515625 0.8828125 0.0390625 0.0390625
0 0.8515625 0.88671875 0.0390625 0.0390625
0 0.97265625 0.91015625 0.0390625 0.0390625
0 0.921875 0.9140625 0.0390625 0.0390625
0 0.97265625 0.9140625 0.0390625 0.0390625
0 0.88671875 0.91796875 0.0390625 0.0390625
0 0.66796875 0.95703125 0.0390625 0.0390625
