0 0.01171875 0.5390625 0.0390625 0.0390625
0 0.15234375 0.640625 0.0390625 0.0390625
0 0.16015625 0.703125 0.0390625 0.0390625
0 0.984375 0.8203125 0.0390625 0.0390625
0 0.984375 0.82421875 0.0390625 0.0390625
0 0.95703125 0.8515625 0.0390625 0.0390625
0 0.92578125 0.87890625 0.0390625 0.0390625
0 0.9140625 0.88671875 0.0390625 0.0390625
0 0.64453125 0.921875 0.0390625 0.0390625
0 0.66015625 0.9296875 0.0390625 0.0390625
0 0.97265625 0.953125 0.0390625 0.0390625
0 0.6875 0.9609375 0.0390625 0.0390625
0 0.69140625 0.9609375 0.0390625 0.0390625
0 0.95703125 0.96484375 0.0390625 0.0390625
0 0.9609375 0.96484375 0.0390625 0.0390625
0 0.70703125 0.96875 0.0390625 0.0390625
0 0.95703125 0.96875 0.0390625 0.0390625
0 0.9609375 0.96875 0.0390625 0.0390625
0 0.57421875 0.9765625 0.0390625 0.0390625
0 0.71875 0.984375 0.0390625 0.0390625
0 0.72265625 0.984375 0.0390625 0.0390625
0 0.71875 0.98828125 0.0390625 0.0390625
0 0.72265625 0.98828125 0.0390625 0.0390625
0 0.421875 0.9921875 0.0390625 0.0390625
