0 0.26171875 0.12109375 0.0390625 0.0390625
0 0.859375 0.1328125 0.0390625 0.0390625
0 0.86328125 0.1328125 0.0390625 0.0390625
0 0.1796875 0.15234375 0.0390625 0.0390625
0 0.83203125 0.16796875 0.0390625 0.0390625
0 0.25390625 0.296875 0.0390625 0.0390625
0 0.2890625 0.3125 0.0390625 0.0390625
0 0.30859375 0.3203125 0.0390625 0.0390625
0 0.390625 0.34765625 0.0390625 0.0390625
0 0.78125 0.3515625 0.0390625 0.0390625
0 0.40625 0.35546875 0.0390625 0.0390625
0 0.78125 0.4140625 0.0390625 0.0390625
0 0.375 0.5078125 0.0390625 0.0390625
0 0.65234375 0.51171875 0.0390625 0.0390625
0 0.65234375 0.515625 0.0390625 0.0390625
0 0.390625 0.51953125 0.0390625 0.0390625
0 0.39453125 0.51953125 0.0390625 0.0390625
0 0.41015625 0.51953125 0.0390625 0.0390625
0 0.42578125 0.5234375 0.0390625 0.0390625
0 0.42578125 0.52734375 0.0390625 0.0390625
0 0.44140625 0.53515625 0.0390625 0.0390625
0 0.4609375 0.5390625 0.0390625 0.0390625
0 0.4609375 0.54296875 0.0390625 0.0390625
0 0.4765625 0.546875 0.0390625 0.0390625
0 0.4921875 0.55078125 0.0390625 0.0390625
0 0.49609375 0.55078125 0.0390625 0.0390625
0 0.74609375 0.55078125 0.0390625 0.0390625
0 0.74609375 0.5546875 0.0390625 0.0390625
0 0.5078125 0.5625 0.0390625 0.0390625
0 0.51171875 0.5625 0.0390625 0.0390625
0 0.5234375 0.56640625 0.0390625 0.0390625
0 0.5390625 0.5703125 0.0390625 0.0390625
0 0.7890625 0.5703125 0.0390625 0.0390625
0 0.79296875 0.5703125 0.0390625 0.0390625
0 0.5390625 0.57421875 0.0390625 0.0390625
0 0.7890625 0.57421875 0.0390625 0.0390625
0 0.79296875 0.57421875 0.0390625 0.0390625
0 0.5546875 0.58203125 0.0390625 0.0390625
0 0.55859375 0.58203125 0.0390625 0.0390625
0 0.35546875 0.59375 0.0390625 0.0390625
0 0.37109375 0.6015625 0.0390625 0.0390625
0 0.8828125 0.60546875 0.0390625 0.0390625
0 0.38671875 0.61328125 0.0390625 0.0390625
0 0.41015625 0.6171875 0.0390625 0.0390625
0 0.45703125 0.63671875 0.0390625 0.0390625
0 0.4765625 0.64453125 0.0390625 0.0390625
