0 0.50390625 0.41796875 0.0390625 0.0390625
0 0.16015625 0.49609375 0.0390625 0.0390625
0 0.5859375 0.49609375 0.0390625 0.0390625
0 0.6328125 0.49609375 0.0390625 0.0390625
0 0.5859375 0.5 0.0390625 0.0390625
0 0.453125 0.5078125 0.0390625 0.0390625
0 0.9140625 0.5078125 0.0390625 0.0390625
0 0.453125 0.51171875 0.0390625 0.0390625
0 0.8125 0.51171875 0.0390625 0.0390625
0 0.81640625 0.51171875 0.0390625 0.0390625
0 0.9140625 0.51171875 0.0390625 0.0390625
0 0.8125 0.515625 0.0390625 0.0390625
0 0.81640625 0.515625 0.0390625 0.0390625
0 0.7265625 0.5234375 0.0390625 0.0390625
0 0.12890625 0.53515625 0.0390625 0.0390625
