0 0.078125 0.125 0.0390625 0.0390625
0 0.078125 0.12890625 0.0390625 0.0390625
0 0.09765625 0.2109375 0.0390625 0.0390625
0 0.1015625 0.2109375 0.0390625 0.0390625
0 0.28515625 0.22265625 0.0390625 0.0390625
0 0.140625 0.23046875 0.0390625 0.0390625
0 0.3828125 0.3046875 0.0390625 0.0390625
0 0.38671875 0.3046875 0.0390625 0.0390625
0 0.94140625 0.50390625 0.0390625 0.0390625
0 0.78515625 0.5234375 0.0390625 0.0390625
0 0.1171875 0.90625 0.0390625 0.0390625
0 0.3046875 0.984375 0.0390625 0.0390625
0 0.4375 0.984375 0.0390625 0.0390625
0 0.44140625 0.984375 0.0390625 0.0390625
0 0.3046875 0.98828125 0.0390625 0.0390625
