0 0.44921875 0.03515625 0.0390625 0.0390625
0 0.515625 0.07421875 0.0390625 0.0390625
0 0.44140625 0.078125 0.0390625 0.0390625
0 0.515625 0.078125 0.0390625 0.0390625
0 0.6015625 0.1328125 0.0390625 0.0390625
0 0.6015625 0.13671875 0.0390625 0.0390625
0 0.52734375 0.14453125 0.0390625 0.0390625
0 0.16015625 0.16796875 0.0390625 0.0390625
0 0.1640625 0.16796875 0.0390625 0.0390625
0 0.5703125 0.17578125 0.0390625 0.0390625
0 0.6875 0.19140625 0.0390625 0.0390625
0 0.69140625 0.19140625 0.0390625 0.0390625
0 0.72265625 0.2109375 0.0390625 0.0390625
0 0.640625 0.21484375 0.0390625 0.0390625
0 0.640625 0.21875 0.0390625 0.0390625
0 0.69140625 0.25 0.0390625 0.0390625
0 0.6953125 0.25 0.0390625 0.0390625
0 0.1953125 0.28125 0.0390625 0.0390625
0 0.83984375 0.28515625 0.0390625 0.0390625
0 0.83984375 0.2890625 0.0390625 0.0390625
0 0.05859375 0.296875 0.0390625 0.0390625
0 0.78515625 0.31640625 0.0390625 0.0390625
0 0.7890625 0.31640625 0.0390625 0.0390625
0 0.89453125 0.3203125 0.0390625 0.0390625
0 0.89453125 0.32421875 0.0390625 0.0390625
0 0.0390625 0.328125 0.0390625 0.0390625
0 0.0390625 0.33203125 0.0390625 0.0390625
0 0.828125 0.34375 0.0390625 0.0390625
0 0.828125 0.34765625 0.0390625 0.0390625
0 0.8515625 0.359375 0.0390625 0.0390625
0 0.48828125 0.39453125 0.0390625 0.0390625
0 0.5234375 0.41796875 0.0390625 0.0390625
0 0.52734375 0.41796875 0.0390625 0.0390625
0 0.38671875 0.421875 0.0390625 0.0390625
0 0.390625 0.421875 0.0390625 0.0390625
0 0.38671875 0.42578125 0.0390625 0.0390625
0 0.390625 0.42578125 0.0390625 0.0390625
0 0.5703125 0.4453125 0.0390625 0.0390625
0 0.24609375 0.48828125 0.0390625 0.0390625
0 0.9375 0.51171875 0.0390625 0.0390625
0 0.140625 0.515625 0.0390625 0.0390625
0 0.9140625 0.546875 0.0390625 0.0390625
0 0.91796875 0.546875 0.0390625 0.0390625
0 0.15625 0.5703125 0.0390625 0.0390625
0 0.1015625 0.578125 0.0390625 0.0390625
0 0.7265625 0.62109375 0.0390625 0.0390625
0 0.73046875 0.62109375 0.0390625 0.0390625
0 0.74609375 0.6328125 0.0390625 0.0390625
0 0.60546875 0.69140625 0.0390625 0.0390625
0 0.609375 0.69140625 0.0390625 0.0390625
0 0.8203125 0.7265625 0.0390625 0.0390625
0 0.82421875 0.7265625 0.0390625 0.0390625
0 0.80859375 0.7421875 0.0390625 0.0390625
0 0.8125 0.7421875 0.0390625 0.0390625
0 0.80859375 0.74609375 0.0390625 0.0390625
0 0.8125 0.74609375 0.0390625 0.0390625
0 0.80078125 0.76171875 0.0390625 0.0390625
0 0.7890625 0.77734375 0.0390625 0.0390625
0 0.77734375 0.7890625 0.0390625 0.0390625
0 0.265625 0.8046875 0.0390625 0.0390625
0 0.2421875 0.8125 0.0390625 0.0390625
0 0.24609375 0.8125 0.0390625 0.0390625
0 0.70703125 0.88671875 0.0390625 0.0390625
0 0.61328125 0.921875 0.0390625 0.0390625
0 0.6875 0.921875 0.0390625 0.0390625
0 0.671875 0.9375 0.0390625 0.0390625
