0 0.47265625 0.0078125 0.0390625 0.0390625
0 0.0 0.04296875 0.0390625 0.0390625
0 0.40234375 0.0625 0.0390625 0.0390625
0 0.40625 0.0625 0.0390625 0.0390625
0 0.46484375 0.09765625 0.0390625 0.0390625
0 0.14453125 0.12890625 0.0390625 0.0390625
0 0.1484375 0.12890625 0.0390625 0.0390625
0 0.01171875 0.140625 0.0390625 0.0390625
0 0.1328125 0.171875 0.0390625 0.0390625
0 0.1328125 0.17578125 0.0390625 0.0390625
0 0.0625 0.1796875 0.0390625 0.0390625
0 0.08203125 0.1875 0.0390625 0.0390625
0 0.125 0.22265625 0.0390625 0.0390625
0 0.515625 0.25390625 0.0390625 0.0390625
0 0.515625 0.2578125 0.0390625 0.0390625
0 0.29296875 0.28515625 0.0390625 0.0390625
0 0.515625 0.3046875 0.0390625 0.0390625
0 0.51953125 0.3046875 0.0390625 0.0390625
0 0.5234375 0.34375 0.0390625 0.0390625
0 0.5234375 0.38671875 0.0390625 0.0390625
0 0.4609375 0.44921875 0.0390625 0.0390625
0 0.96484375 0.44921875 0.0390625 0.0390625
0 0.94140625 0.46484375 0.0390625 0.0390625
0 0.6484375 0.51953125 0.0390625 0.0390625
0 0.65234375 0.51953125 0.0390625 0.0390625
0 0.875 0.51953125 0.0390625 0.0390625
0 0.02734375 0.53125 0.0390625 0.0390625
0 0.65234375 0.5390625 0.0390625 0.0390625
0 0.65234375 0.5546875 0.0390625 0.0390625
0 0.8125 0.56640625 0.0390625 0.0390625
0 0.765625 0.5703125 0.0390625 0.0390625
0 0.72265625 0.5859375 0.0390625 0.0390625
0 0.65625 0.59375 0.0390625 0.0390625
0 0.78125 0.65234375 0.0390625 0.0390625
0 0.76171875 0.65625 0.0390625 0.0390625
0 0.95703125 0.6640625 0.0390625 0.0390625
0 0.75 0.66796875 0.0390625 0.0390625
0 0.75390625 0.66796875 0.0390625 0.0390625
0 0.97265625 0.70703125 0.0390625 0.0390625
0 0.234375 0.8125 0.0390625 0.0390625
0 0.20703125 0.83984375 0.0390625 0.0390625
0 0.3046875 0.8515625 0.0390625 0.0390625
0 0.3046875 0.85546875 0.0390625 0.0390625
0 0.46484375 0.8671875 0.0390625 0.0390625
0 0.29296875 0.87109375 0.0390625 0.0390625
0 0.1875 0.875 0.0390625 0.0390625
0 0.19140625 0.875 0.0390625 0.0390625
0 0.34375 0.875 0.0390625 0.0390625
0 0.1875 0.87890625 0.0390625 0.0390625
0 0.19140625 0.87890625 0.0390625 0.0390625
0 0.34375 0.87890625 0.0390625 0.0390625
0 0.27734375 0.8828125 0.0390625 0.0390625
0 0.26953125 0.8984375 0.0390625 0.0390625
0 0.328125 0.8984375 0.0390625 0.0390625
0 0.26953125 0.90234375 0.0390625 0.0390625
0 0.171875 0.91015625 0.0390625 0.0390625
0 0.3125 0.91015625 0.0390625 0.0390625
0 0.171875 0.9140625 0.0390625 0.0390625
0 0.65625 0.9140625 0.0390625 0.0390625
0 0.2578125 0.91796875 0.0390625 0.0390625
0 0.3046875 0.92578125 0.0390625 0.0390625
0 0.69921875 0.9296875 0.0390625 0.0390625
0 0.24609375 0.93359375 0.0390625 0.0390625
0 0.25 0.93359375 0.0390625 0.0390625
0 0.2734375 0.95703125 0.0390625 0.0390625
0 0.27734375 0.95703125 0.0390625 0.0390625
0 0.375 0.97265625 0.0390625 0.0390625
0 0.73046875 0.9765625 0.0390625 0.0390625
