0 0.01953125 0.00390625 0.0390625 0.0390625
0 0.046875 0.015625 0.0390625 0.0390625
0 0.12890625 0.0390625 0.0390625 0.0390625
0 0.12890625 0.04296875 0.0390625 0.0390625
0 0.5 0.16015625 0.0390625 0.0390625
0 0.703125 0.18359375 0.0390625 0.0390625
0 0.80859375 0.19140625 0.0390625 0.0390625
0 0.9765625 0.203125 0.0390625 0.0390625
0 0.17578125 0.23046875 0.0390625 0.0390625
0 0.5703125 0.24609375 0.0390625 0.0390625
0 0.1640625 0.3828125 0.0390625 0.0390625
0 0.1640625 0.38671875 0.0390625 0.0390625
0 0.859375 0.68359375 0.0390625 0.0390625
0 0.0703125 0.69921875 0.0390625 0.0390625
0 0.4453125 0.703125 0.0390625 0.0390625
0 0.54296875 0.7109375 0.0390625 0.0390625
0 0.63671875 0.71484375 0.0390625 0.0390625
0 0.71875 0.71875 0.0390625 0.0390625
0 0.8125 0.71875 0.0390625 0.0390625
0 0.8125 0.72265625 0.0390625 0.0390625
0 0.328125 0.75390625 0.0390625 0.0390625
0 0.5390625 0.76171875 0.0390625 0.0390625
0 0.54296875 0.76171875 0.0390625 0.0390625
0 0.89453125 0.7734375 0.0390625 0.0390625
0 0.8984375 0.7734375 0.0390625 0.0390625
0 0.87109375 0.77734375 0.0390625 0.0390625
0 0.875 0.77734375 0.0390625 0.0390625
0 0.69140625 0.8125 0.0390625 0.0390625
0 0.69140625 0.99609375 0.0390625 0.0390625
