0 0.35546875 0.0703125 0.0390625 0.0390625
0 0.35546875 0.07421875 0.0390625 0.0390625
0 0.37890625 0.42578125 0.0390625 0.0390625
0 0.37890625 0.4296875 0.0390625 0.0390625
0 0.37890625 0.47265625 0.0390625 0.0390625
0 0.30859375 0.640625 0.0390625 0.0390625
0 0.3125 0.640625 0.0390625 0.0390625
0 0.27734375 0.6484375 0.0390625 0.0390625
0 0.23046875 0.65234375 0.0390625 0.0390625
0 0.27734375 0.65234375 0.0390625 0.0390625
0 0.30078125 0.7265625 0.0390625 0.0390625
0 0.27734375 0.73046875 0.0390625 0.0390625
0 0.2578125 0.734375 0.0390625 0.0390625
0 0.33984375 0.8125 0.0390625 0.0390625
0 0.33984375 0.81640625 0.0390625 0.0390625
0 0.84765625 0.9609375 0.0390625 0.0390625
0 0.8515625 0.9609375 0.0390625 0.0390625
