0 0.0390625 0.07421875 0.0390625 0.0390625
0 0.01171875 0.1015625 0.0390625 0.0390625
0 0.09375 0.33203125 0.0390625 0.0390625
0 0.08203125 0.3515625 0.0390625 0.0390625
0 0.0859375 0.3515625 0.0390625 0.0390625
0 0.08203125 0.35546875 0.0390625 0.0390625
0 0.0859375 0.35546875 0.0390625 0.0390625
0 0.06640625 0.36328125 0.0390625 0.0390625
0 0.06640625 0.3671875 0.0390625 0.0390625
0 0.0546875 0.375 0.0390625 0.0390625
0 0.0390625 0.390625 0.0390625 0.0390625
0 0.04296875 0.390625 0.0390625 0.0390625
0 0.0234375 0.40625 0.0390625 0.0390625
0 0.046875 0.53125 0.0390625 0.0390625
0 0.05078125 0.53125 0.0390625 0.0390625
0 0.18359375 0.5703125 0.0390625 0.0390625
0 0.00390625 0.6640625 0.0390625 0.0390625
0 0.0078125 0.6640625 0.0390625 0.0390625
0 0.00390625 0.66796875 0.0390625 0.0390625
0 0.0078125 0.66796875 0.0390625 0.0390625
0 0.2421875 0.79296875 0.0390625 0.0390625
0 0.23046875 0.8046875 0.0390625 0.0390625
0 0.21875 0.81640625 0.0390625 0.0390625
0 0.09765625 0.8203125 0.0390625 0.0390625
0 0.1015625 0.8203125 0.0390625 0.0390625
0 0.21875 0.8203125 0.0390625 0.0390625
0 0.4765625 0.8203125 0.0390625 0.0390625
0 0.0625 0.859375 0.0390625 0.0390625
0 0.14453125 0.98046875 0.0390625 0.0390625
