0 0.765625 0.015625 0.0390625 0.0390625
0 0.76953125 0.015625 0.0390625 0.0390625
0 0.2734375 0.03125 0.0390625 0.0390625
0 0.140625 0.03515625 0.0390625 0.0390625
0 0.09765625 0.0390625 0.0390625 0.0390625
0 0.1015625 0.0390625 0.0390625 0.0390625
0 0.140625 0.0390625 0.0390625 0.0390625
0 0.6328125 0.078125 0.0390625 0.0390625
0 0.4453125 0.0859375 0.0390625 0.0390625
0 0.48828125 0.0859375 0.0390625 0.0390625
0 0.42578125 0.08984375 0.0390625 0.0390625
0 0.4296875 0.08984375 0.0390625 0.0390625
0 0.03125 0.09765625 0.0390625 0.0390625
0 0.03515625 0.09765625 0.0390625 0.0390625
0 0.2734375 0.25390625 0.0390625 0.0390625
0 0.26171875 0.2734375 0.0390625 0.0390625
0 0.265625 0.2734375 0.0390625 0.0390625
0 0.2578125 0.3046875 0.0390625 0.0390625
0 0.234375 0.31640625 0.0390625 0.0390625
0 0.1171875 0.32421875 0.0390625 0.0390625
0 0.23046875 0.33203125 0.0390625 0.0390625
0 0.21875 0.34375 0.0390625 0.0390625
0 0.22265625 0.34375 0.0390625 0.0390625
0 0.21875 0.34765625 0.0390625 0.0390625
0 0.22265625 0.34765625 0.0390625 0.0390625
0 0.2109375 0.36328125 0.0390625 0.0390625
0 0.19921875 0.37890625 0.0390625 0.0390625
0 0.08203125 0.38671875 0.0390625 0.0390625
0 0.19140625 0.3984375 0.0390625 0.0390625
0 0.1953125 0.3984375 0.0390625 0.0390625
0 0.1875 0.4140625 0.0390625 0.0390625
0 0.21875 0.421875 0.0390625 0.0390625
0 0.1796875 0.4296875 0.0390625 0.0390625
0 0.18359375 0.4296875 0.0390625 0.0390625
0 0.2109375 0.4375 0.0390625 0.0390625
0 0.05078125 0.44140625 0.0390625 0.0390625
0 0.171875 0.44140625 0.0390625 0.0390625
0 0.17578125 0.44140625 0.0390625 0.0390625
0 0.19921875 0.45703125 0.0390625 0.0390625
0 0.453125 0.58203125 0.0390625 0.0390625
0 0.04296875 0.59765625 0.0390625 0.0390625
0 0.03515625 0.6171875 0.0390625 0.0390625
0 0.390625 0.6328125 0.0390625 0.0390625
0 0.42578125 0.6484375 0.0390625 0.0390625
0 0.42578125 0.65234375 0.0390625 0.0390625
0 0.5859375 0.7265625 0.0390625 0.0390625
0 0.66796875 0.76953125 0.0390625 0.0390625
0 0.70703125 0.78515625 0.0390625 0.0390625
0 0.7109375 0.78515625 0.0390625 0.0390625
