0 0.28515625 0.0078125 0.0390625 0.0390625
0 0.1328125 0.01953125 0.0390625 0.0390625
0 0.13671875 0.06640625 0.0390625 0.0390625
0 0.17578125 0.06640625 0.0390625 0.0390625
0 0.234375 0.15625 0.0390625 0.0390625
0 0.46875 0.15625 0.0390625 0.0390625
0 0.51171875 0.18359375 0.0390625 0.0390625
0 0.5 0.28125 0.0390625 0.0390625
0 0.5 0.28515625 0.0390625 0.0390625
0 0.57421875 0.29296875 0.0390625 0.0390625
0 0.62890625 0.29296875 0.0390625 0.0390625
0 0.68359375 0.29296875 0.0390625 0.0390625
0 0.73828125 0.29296875 0.0390625 0.0390625
0 0.7421875 0.29296875 0.0390625 0.0390625
0 0.68359375 0.296875 0.0390625 0.0390625
0 0.37109375 0.52734375 0.0390625 0.0390625
0 0.11328125 0.53125 0.0390625 0.0390625
0 0.23828125 0.5390625 0.0390625 0.0390625
0 0.8984375 0.6015625 0.0390625 0.0390625
0 0.50390625 0.61328125 0.0390625 0.0390625
0 0.5078125 0.61328125 0.0390625 0.0390625
0 0.77734375 0.625 0.0390625 0.0390625
0 0.78125 0.625 0.0390625 0.0390625
