0 0.7890625 0.05859375 0.0390625 0.0390625
0 0.05859375 0.73828125 0.0390625 0.0390625
0 0.0625 0.73828125 0.0390625 0.0390625
0 0.05859375 0.7421875 0.0390625 0.0390625
0 0.0625 0.7421875 0.0390625 0.0390625
0 0.03515625 0.76953125 0.0390625 0.0390625
0 0.1015625 0.8359375 0.0390625 0.0390625
0 0.0859375 0.84765625 0.0390625 0.0390625
0 0.0703125 0.859375 0.0390625 0.0390625
0 0.0390625 0.8828125 0.0390625 0.0390625
0 0.04296875 0.8828125 0.0390625 0.0390625
0 0.0390625 0.88671875 0.0390625 0.0390625
0 0.04296875 0.88671875 0.0390625 0.0390625
0 0.03125 0.8984375 0.0390625 0.0390625
0 0.08984375 0.90234375 0.0390625 0.0390625
0 0.015625 0.91015625 0.0390625 0.0390625
0 0.01953125 0.91015625 0.0390625 0.0390625
0 0.078125 0.91796875 0.0390625 0.0390625
0 0.1953125 0.91796875 0.0390625 0.0390625
0 0.078125 0.921875 0.0390625 0.0390625
0 0.0 0.92578125 0.0390625 0.0390625
0 0.1796875 0.9375 0.0390625 0.0390625
0 0.18359375 0.9375 0.0390625 0.0390625
0 0.046875 0.94140625 0.0390625 0.0390625
0 0.05078125 0.94140625 0.0390625 0.0390625
