0 0.07421875 0.08984375 0.0390625 0.0390625
0 0.0078125 0.12890625 0.0390625 0.0390625
0 0.14453125 0.16015625 0.0390625 0.0390625
0 0.15234375 0.53125 0.0390625 0.0390625
0 0.625 0.5859375 0.0390625 0.0390625
0 0.7265625 0.63671875 0.0390625 0.0390625
0 0.7265625 0.640625 0.0390625 0.0390625
0 0.3515625 0.7265625 0.0390625 0.0390625
0 0.3515625 0.73046875 0.0390625 0.0390625
0 0.453125 0.83203125 0.0390625 0.0390625
0 0.45703125 0.83203125 0.0390625 0.0390625
0 0.15625 0.85546875 0.0390625 0.0390625
0 0.15625 0.859375 0.0390625 0.0390625
