0 0.78515625 0.140625 0.0390625 0.0390625
0 0.19140625 0.16015625 0.0390625 0.0390625
0 0.19140625 0.1640625 0.0390625 0.0390625
0 0.80078125 0.21484375 0.0390625 0.0390625
0 0.8046875 0.21484375 0.0390625 0.0390625
0 0.8125 0.265625 0.0390625 0.0390625
0 0.81640625 0.265625 0.0390625 0.0390625
0 0.890625 0.2890625 0.0390625 0.0390625
0 0.83984375 0.359375 0.0390625 0.0390625
0 0.83984375 0.36328125 0.0390625 0.0390625
0 0.8515625 0.40234375 0.0390625 0.0390625
0 0.87109375 0.49609375 0.0390625 0.0390625
0 0.875 0.49609375 0.0390625 0.0390625
0 0.296875 0.65625 0.0390625 0.0390625
0 0.87890625 0.86328125 0.0390625 0.0390625
0 0.87890625 0.8671875 0.0390625 0.0390625
