0 0.59375 0.00390625 0.0390625 0.0390625
0 0.5078125 0.19921875 0.0390625 0.0390625
0 0.5078125 0.203125 0.0390625 0.0390625
0 0.94921875 0.27734375 0.0390625 0.0390625
0 0.953125 0.27734375 0.0390625 0.0390625
0 0.94921875 0.28125 0.0390625 0.0390625
0 0.953125 0.28125 0.0390625 0.0390625
0 0.17578125 0.6328125 0.0390625 0.0390625
0 0.21875 0.6484375 0.0390625 0.0390625
0 0.3359375 0.6953125 0.0390625 0.0390625
0 0.375 0.71484375 0.0390625 0.0390625
0 0.37890625 0.71484375 0.0390625 0.0390625
0 0.375 0.71875 0.0390625 0.0390625
0 0.37890625 0.71875 0.0390625 0.0390625
0 0.5 0.765625 0.0390625 0.0390625
0 0.6796875 0.7890625 0.0390625 0.0390625
0 0.7890625 0.91015625 0.0390625 0.0390625
0 0.82421875 0.9296875 0.0390625 0.0390625
