0 0.47265625 0.0 0.0390625 0.0390625
0 0.8984375 0.03515625 0.0390625 0.0390625
0 0.49609375 0.0390625 0.0390625 0.0390625
0 0.51953125 0.08203125 0.0390625 0.0390625
0 0.640625 0.109375 0.0390625 0.0390625
0 0.64453125 0.109375 0.0390625 0.0390625
0 0.53515625 0.11328125 0.0390625 0.0390625
0 0.67578125 0.171875 0.0390625 0.0390625
0 0.65234375 0.17578125 0.0390625 0.0390625
0 0.65625 0.17578125 0.0390625 0.0390625
0 0.63671875 0.1796875 0.0390625 0.0390625
0 0.63671875 0.18359375 0.0390625 0.0390625
0 0.83203125 0.40234375 0.0390625 0.0390625
0 0.83203125 0.40625 0.0390625 0.0390625
0 0.96875 0.47265625 0.0390625 0.0390625
0 0.984375 0.54296875 0.0390625 0.0390625
0 0.96484375 0.55078125 0.0390625 0.0390625
0 0.96484375 0.5546875 0.0390625 0.0390625
0 0.6875 0.609375 0.0390625 0.0390625
0 0.6875 0.61328125 0.0390625 0.0390625
0 0.6875 0.65625 0.0390625 0.0390625
0 0.69140625 0.65625 0.0390625 0.0390625
0 0.69140625 0.69140625 0.0390625 0.0390625
0 0.69140625 0.734375 0.0390625 0.0390625
0 0.6953125 0.734375 0.0390625 0.0390625
0 0.6953125 0.76953125 0.0390625 0.0390625
0 0.69921875 0.8203125 0.0390625 0.0390625
0 0.703125 0.8203125 0.0390625 0.0390625
0 0.984375 0.9921875 0.0390625 0.0390625
