0 0.93359375 0.08203125 0.0390625 0.0390625
0 0.73828125 0.0859375 0.0390625 0.0390625
0 0.93359375 0.0859375 0.0390625 0.0390625
0 0.5625 0.09375 0.0390625 0.0390625
0 0.56640625 0.09375 0.0390625 0.0390625
0 0.42578125 0.09765625 0.0390625 0.0390625
0 0.4296875 0.09765625 0.0390625 0.0390625
0 0.94921875 0.11328125 0.0390625 0.0390625
0 0.26953125 0.15625 0.0390625 0.0390625
0 0.99609375 0.1953125 0.0390625 0.0390625
0 0.9921875 0.23828125 0.0390625 0.0390625
0 0.05078125 0.42578125 0.0390625 0.0390625
0 0.5 0.4609375 0.0390625 0.0390625
0 0.59765625 0.578125 0.0390625 0.0390625
0 0.75 0.703125 0.0390625 0.0390625
0 0.75 0.70703125 0.0390625 0.0390625
0 0.68359375 0.76171875 0.0390625 0.0390625
0 0.6875 0.76171875 0.0390625 0.0390625
0 0.80078125 0.765625 0.0390625 0.0390625
0 0.69921875 0.7734375 0.0390625 0.0390625
0 0.69921875 0.77734375 0.0390625 0.0390625
0 0.82421875 0.79296875 0.0390625 0.0390625
0 0.71875 0.796875 0.0390625 0.0390625
0 0.75390625 0.84765625 0.0390625 0.0390625
0 0.76953125 0.875 0.0390625 0.0390625
0 0.78125 0.890625 0.0390625 0.0390625
0 0.796875 0.90625 0.0390625 0.0390625
0 0.796875 0.91015625 0.0390625 0.0390625
0 0.8125 0.921875 0.0390625 0.0390625
0 0.94140625 0.93359375 0.0390625 0.0390625
0 0.828125 0.9375 0.0390625 0.0390625
0 0.83984375 0.95703125 0.0390625 0.0390625
0 0.96875 0.97265625 0.0390625 0.0390625
0 0.26171875 0.9765625 0.0390625 0.0390625
0 0.265625 0.9765625 0.0390625 0.0390625
0 0.24609375 0.984375 0.0390625 0.0390625
