0 0.05078125 0.28515625 0.0390625 0.0390625
0 0.078125 0.3046875 0.0390625 0.0390625
0 0.08203125 0.3046875 0.0390625 0.0390625
0 0.078125 0.30859375 0.0390625 0.0390625
0 0.08203125 0.30859375 0.0390625 0.0390625
0 0.11328125 0.32421875 0.0390625 0.0390625
0 0.1328125 0.328125 0.0390625 0.0390625
0 0.23828125 0.73828125 0.0390625 0.0390625
0 0.3125 0.79296875 0.0390625 0.0390625
0 0.59375 0.8671875 0.0390625 0.0390625
0 0.59765625 0.8671875 0.0390625 0.0390625
0 0.4453125 0.875 0.0390625 0.0390625
0 0.6640625 0.98828125 0.0390625 0.0390625
