0 0.765625 0.0234375 0.0390625 0.0390625
0 0.3359375 0.05078125 0.0390625 0.0390625
0 0.3359375 0.0546875 0.0390625 0.0390625
0 0.23828125 0.0703125 0.0390625 0.0390625
0 0.23828125 0.07421875 0.0390625 0.0390625
0 0.51953125 0.26171875 0.0390625 0.0390625
0 0.49609375 0.3125 0.0390625 0.0390625
0 0.67578125 0.453125 0.0390625 0.0390625
0 0.59765625 0.4609375 0.0390625 0.0390625
0 0.59765625 0.46484375 0.0390625 0.0390625
0 0.65625 0.46484375 0.0390625 0.0390625
0 0.66015625 0.46484375 0.0390625 0.0390625
0 0.58203125 0.46875 0.0390625 0.0390625
0 0.55859375 0.47265625 0.0390625 0.0390625
0 0.2734375 0.6328125 0.0390625 0.0390625
0 0.9453125 0.7109375 0.0390625 0.0390625
0 0.85546875 0.72265625 0.0390625 0.0390625
0 0.859375 0.72265625 0.0390625 0.0390625
0 0.15625 0.81640625 0.0390625 0.0390625
