0 0.7109375 0.16796875 0.0390625 0.0390625
0 0.640625 0.1953125 0.0390625 0.0390625
0 0.64453125 0.1953125 0.0390625 0.0390625
0 0.60546875 0.2109375 0.0390625 0.0390625
0 0.61328125 0.23046875 0.0390625 0.0390625
0 0.72265625 0.2734375 0.0390625 0.0390625
0 0.7265625 0.2734375 0.0390625 0.0390625
0 0.63671875 0.30078125 0.0390625 0.0390625
0 0.73828125 0.33203125 0.0390625 0.0390625
0 0.65234375 0.33984375 0.0390625 0.0390625
0 0.65234375 0.34375 0.0390625 0.0390625
0 0.66015625 0.375 0.0390625 0.0390625
0 0.6640625 0.39453125 0.0390625 0.0390625
0 0.66796875 0.39453125 0.0390625 0.0390625
0 0.76171875 0.3984375 0.0390625 0.0390625
0 0.234375 0.44921875 0.0390625 0.0390625
0 0.23828125 0.44921875 0.0390625 0.0390625
0 0.73046875 0.453125 0.0390625 0.0390625
0 0.16796875 0.4609375 0.0390625 0.0390625
0 0.1484375 0.46484375 0.0390625 0.0390625
0 0.15234375 0.46484375 0.0390625 0.0390625
0 0.16796875 0.46484375 0.0390625 0.0390625
0 0.19140625 0.46875 0.0390625 0.0390625
0 0.1328125 0.4765625 0.0390625 0.0390625
0 0.203125 0.49609375 0.0390625 0.0390625
0 0.203125 0.5 0.0390625 0.0390625
0 0.18359375 0.50390625 0.0390625 0.0390625
0 0.1640625 0.5078125 0.0390625 0.0390625
0 0.1640625 0.51171875 0.0390625 0.0390625
0 0.125 0.515625 0.0390625 0.0390625
0 0.14453125 0.515625 0.0390625 0.0390625
0 0.25390625 0.5234375 0.0390625 0.0390625
0 0.10546875 0.53125 0.0390625 0.0390625
0 0.109375 0.53125 0.0390625 0.0390625
0 0.0859375 0.546875 0.0390625 0.0390625
0 0.2578125 0.546875 0.0390625 0.0390625
0 0.26171875 0.546875 0.0390625 0.0390625
0 0.2734375 0.57421875 0.0390625 0.0390625
0 0.1015625 0.5859375 0.0390625 0.0390625
0 0.1015625 0.58984375 0.0390625 0.0390625
0 0.2265625 0.59375 0.0390625 0.0390625
0 0.20703125 0.59765625 0.0390625 0.0390625
0 0.20703125 0.6015625 0.0390625 0.0390625
0 0.18359375 0.60546875 0.0390625 0.0390625
0 0.1875 0.60546875 0.0390625 0.0390625
0 0.16015625 0.6171875 0.0390625 0.0390625
0 0.08984375 0.640625 0.0390625 0.0390625
0 0.2578125 0.72265625 0.0390625 0.0390625
0 0.26171875 0.72265625 0.0390625 0.0390625
0 0.26171875 0.73828125 0.0390625 0.0390625
0 0.12109375 0.7421875 0.0390625 0.0390625
0 0.12109375 0.76171875 0.0390625 0.0390625
0 0.26953125 0.76171875 0.0390625 0.0390625
0 0.12109375 0.765625 0.0390625 0.0390625
0 0.26953125 0.765625 0.0390625 0.0390625
0 0.171875 0.7734375 0.0390625 0.0390625
0 0.125 0.78515625 0.0390625 0.0390625
0 0.69140625 0.78515625 0.0390625 0.0390625
0 0.6953125 0.78515625 0.0390625 0.0390625
0 0.1796875 0.79296875 0.0390625 0.0390625
0 0.28515625 0.8046875 0.0390625 0.0390625
0 0.63671875 0.80859375 0.0390625 0.0390625
0 0.18359375 0.8125 0.0390625 0.0390625
0 0.140625 0.82421875 0.0390625 0.0390625
0 0.14453125 0.82421875 0.0390625 0.0390625
0 0.140625 0.828125 0.0390625 0.0390625
0 0.14453125 0.828125 0.0390625 0.0390625
0 0.29296875 0.828125 0.0390625 0.0390625
0 0.578125 0.828125 0.0390625 0.0390625
0 0.19140625 0.83203125 0.0390625 0.0390625
0 0.53515625 0.83984375 0.0390625 0.0390625
0 0.6875 0.8671875 0.0390625 0.0390625
0 0.0078125 0.87109375 0.0390625 0.0390625
0 0.16796875 0.90625 0.0390625 0.0390625
0 0.02734375 0.92578125 0.0390625 0.0390625
0 0.51953125 0.92578125 0.0390625 0.0390625
0 0.4765625 0.9375 0.0390625 0.0390625
0 0.38671875 0.96484375 0.0390625 0.0390625
0 0.390625 0.96484375 0.0390625 0.0390625
