0 0.52734375 0.30078125 0.0390625 0.0390625
0 0.53515625 0.33984375 0.0390625 0.0390625
0 0.53515625 0.34375 0.0390625 0.0390625
0 0.6640625 0.3515625 0.0390625 0.0390625
0 0.6640625 0.35546875 0.0390625 0.0390625
0 0.69140625 0.45703125 0.0390625 0.0390625
0 0.69140625 0.4609375 0.0390625 0.0390625
0 0.578125 0.48828125 0.0390625 0.0390625
0 0.58203125 0.48828125 0.0390625 0.0390625
0 0.5859375 0.50390625 0.0390625 0.0390625
0 0.5859375 0.5078125 0.0390625 0.0390625
0 0.5546875 0.84375 0.0390625 0.0390625
0 0.55859375 0.84375 0.0390625 0.0390625
0 0.6875 0.87109375 0.0390625 0.0390625
0 0.95703125 0.87109375 0.0390625 0.0390625
0 0.9609375 0.87109375 0.0390625 0.0390625
0 0.8984375 0.88671875 0.0390625 0.0390625
0 0.90234375 0.88671875 0.0390625 0.0390625
0 0.9765625 0.96875 0.0390625 0.0390625
0 0.98046875 0.96875 0.0390625 0.0390625
0 0.94140625 0.98046875 0.0390625 0.0390625
0 0.94140625 0.984375 0.0390625 0.0390625
0 0.61328125 0.99609375 0.0390625 0.0390625
