0 0.625 0.2265625 0.0390625 0.0390625
0 0.625 0.23046875 0.0390625 0.0390625
0 0.66015625 0.34765625 0.0390625 0.0390625
0 0.78515625 0.48046875 0.0390625 0.0390625
0 0.78515625 0.484375 0.0390625 0.0390625
0 0.66796875 0.76171875 0.0390625 0.0390625
0 0.6796875 0.76171875 0.0390625 0.0390625
0 0.6796875 0.765625 0.0390625 0.0390625
0 0.67578125 0.7890625 0.0390625 0.0390625
0 0.67578125 0.79296875 0.0390625 0.0390625
0 0.66015625 0.83203125 0.0390625 0.0390625
0 0.64453125 0.87109375 0.0390625 0.0390625
0 0.64453125 0.875 0.0390625 0.0390625
0 0.6328125 0.8984375 0.0390625 0.0390625
