0 0.93359375 0.078125 0.0390625 0.0390625
0 0.58984375 0.1328125 0.0390625 0.0390625
0 0.59375 0.1328125 0.0390625 0.0390625
0 0.54296875 0.1484375 0.0390625 0.0390625
0 0.49609375 0.16015625 0.0390625 0.0390625
0 0.49609375 0.1640625 0.0390625 0.0390625
0 0.44921875 0.17578125 0.0390625 0.0390625
0 0.40234375 0.19140625 0.0390625 0.0390625
0 0.625 0.19140625 0.0390625 0.0390625
0 0.359375 0.20703125 0.0390625 0.0390625
0 0.36328125 0.20703125 0.0390625 0.0390625
0 0.3203125 0.21875 0.0390625 0.0390625
0 0.3203125 0.22265625 0.0390625 0.0390625
0 0.23046875 0.24609375 0.0390625 0.0390625
0 0.234375 0.24609375 0.0390625 0.0390625
0 0.23046875 0.25 0.0390625 0.0390625
0 0.234375 0.25 0.0390625 0.0390625
0 0.484375 0.2578125 0.0390625 0.0390625
0 0.484375 0.26171875 0.0390625 0.0390625
0 0.1640625 0.265625 0.0390625 0.0390625
0 0.1640625 0.26953125 0.0390625 0.0390625
0 0.4375 0.2734375 0.0390625 0.0390625
0 0.44140625 0.2734375 0.0390625 0.0390625
0 0.109375 0.28515625 0.0390625 0.0390625
0 0.11328125 0.28515625 0.0390625 0.0390625
0 0.39453125 0.28515625 0.0390625 0.0390625
0 0.05859375 0.30078125 0.0390625 0.0390625
0 0.3203125 0.30859375 0.0390625 0.0390625
0 0.32421875 0.30859375 0.0390625 0.0390625
0 0.00390625 0.3203125 0.0390625 0.0390625
0 0.1640625 0.35546875 0.0390625 0.0390625
0 0.12109375 0.37109375 0.0390625 0.0390625
0 0.078125 0.390625 0.0390625 0.0390625
0 0.03515625 0.3984375 0.0390625 0.0390625
0 0.0 0.41015625 0.0390625 0.0390625
0 0.0 0.4140625 0.0390625 0.0390625
0 0.96484375 0.73828125 0.0390625 0.0390625
0 0.86328125 0.765625 0.0390625 0.0390625
0 0.9921875 0.8046875 0.0390625 0.0390625
0 0.99609375 0.8046875 0.0390625 0.0390625
0 0.9921875 0.80859375 0.0390625 0.0390625
0 0.99609375 0.80859375 0.0390625 0.0390625
0 0.94140625 0.8203125 0.0390625 0.0390625
