0 0.84375 0.0546875 0.0390625 0.0390625
0 0.71484375 0.0859375 0.0390625 0.0390625
0 0.12890625 0.09765625 0.0390625 0.0390625
0 0.74609375 0.1796875 0.0390625 0.0390625
0 0.15625 0.1875 0.0390625 0.0390625
0 0.90234375 0.2421875 0.0390625 0.0390625
0 0.90234375 0.24609375 0.0390625 0.0390625
0 0.1796875 0.26953125 0.0390625 0.0390625
0 0.7734375 0.28125 0.0390625 0.0390625
0 0.28125 0.30859375 0.0390625 0.0390625
0 0.78515625 0.32421875 0.0390625 0.0390625
0 0.7890625 0.32421875 0.0390625 0.0390625
0 0.91796875 0.34765625 0.0390625 0.0390625
0 0.921875 0.34765625 0.0390625 0.0390625
0 0.22265625 0.3984375 0.0390625 0.0390625
0 0.9375 0.4609375 0.0390625 0.0390625
0 0.94140625 0.4609375 0.0390625 0.0390625
0 0.359375 0.4765625 0.0390625 0.0390625
0 0.9609375 0.4765625 0.0390625 0.0390625
0 0.359375 0.48046875 0.0390625 0.0390625
0 0.25390625 0.5 0.0390625 0.0390625
0 0.3671875 0.50390625 0.0390625 0.0390625
0 0.81640625 0.5390625 0.0390625 0.0390625
0 0.28515625 0.58984375 0.0390625 0.0390625
0 0.8203125 0.609375 0.0390625 0.0390625
0 0.8203125 0.61328125 0.0390625 0.0390625
0 0.41015625 0.65625 0.0390625 0.0390625
0 0.41015625 0.66015625 0.0390625 0.0390625
0 0.8515625 0.67578125 0.0390625 0.0390625
0 0.86328125 0.74609375 0.0390625 0.0390625
0 0.33984375 0.7734375 0.0390625 0.0390625
0 0.34375 0.7734375 0.0390625 0.0390625
0 0.35546875 0.8125 0.0390625 0.0390625
0 0.25390625 0.8203125 0.0390625 0.0390625
0 0.46875 0.85546875 0.0390625 0.0390625
0 0.46875 0.859375 0.0390625 0.0390625
0 0.953125 0.86328125 0.0390625 0.0390625
0 0.95703125 0.86328125 0.0390625 0.0390625
0 0.28515625 0.90234375 0.0390625 0.0390625
0 0.3828125 0.91015625 0.0390625 0.0390625
0 0.3828125 0.9140625 0.0390625 0.0390625
0 0.19921875 0.94921875 0.0390625 0.0390625
0 0.203125 0.94921875 0.0390625 0.0390625
0 0.921875 0.953125 0.0390625 0.0390625
0 0.51171875 0.9609375 0.0390625 0.0390625
0 0.51171875 0.96484375 0.0390625 0.0390625
