0 0.85546875 0.4603960396039604 0.0390625 0.04950495049504951
0 0.859375 0.4603960396039604 0.0390625 0.04950495049504951
0 0.93359375 0.5495049504950495 0.0390625 0.04950495049504951
0 0.828125 0.5841584158415841 0.0390625 0.04950495049504951
0 0.83203125 0.5841584158415841 0.0390625 0.04950495049504951
0 0.96875 0.5891089108910891 0.0390625 0.04950495049504951
0 0.44921875 0.6237623762376238 0.0390625 0.04950495049504951
0 0.8203125 0.6435643564356436 0.0390625 0.04950495049504951
0 0.67578125 0.6485148514851485 0.0390625 0.04950495049504951
0 0.8203125 0.6485148514851485 0.0390625 0.04950495049504951
0 0.62890625 0.6683168316831684 0.0390625 0.04950495049504951
0 0.828125 0.6732673267326733 0.0390625 0.04950495049504951
0 0.58984375 0.6831683168316832 0.0390625 0.04950495049504951
0 0.42578125 0.7425742574257426 0.0390625 0.04950495049504951
0 0.375 0.7623762376237624 0.0390625 0.04950495049504951
0 0.37890625 0.7623762376237624 0.0390625 0.04950495049504951
0 0.375 0.7673267326732673 0.0390625 0.04950495049504951
0 0.37890625 0.7673267326732673 0.0390625 0.04950495049504951
0 0.8515625 0.7722772277227723 0.0390625 0.04950495049504951
0 0.85546875 0.7722772277227723 0.0390625 0.04950495049504951
0 0.3203125 0.7920792079207921 0.0390625 0.04950495049504951
0 0.21484375 0.8267326732673267 0.0390625 0.04950495049504951
0 0.21484375 0.8316831683168316 0.0390625 0.04950495049504951
0 0.76171875 0.8564356435643564 0.0390625 0.04950495049504951
0 0.1015625 0.8712871287128713 0.0390625 0.04950495049504951
0 0.9375 0.900990099009901 0.0390625 0.04950495049504951
0 0.94921875 0.9257425742574258 0.0390625 0.04950495049504951
0 0.95703125 0.9455445544554455 0.0390625 0.04950495049504951
0 0.9609375 0.9455445544554455 0.0390625 0.04950495049504951
0 0.95703125 0.9504950495049505 0.0390625 0.04950495049504951
0 0.9609375 0.9504950495049505 0.0390625 0.04950495049504951
0 0.91796875 0.9603960396039604 0.0390625 0.04950495049504951
0 0.95703125 0.9801980198019802 0.0390625 0.04950495049504951
