0 0.9609375 0.0594059405940594 0.0390625 0.04950495049504951
0 0.98046875 0.3712871287128713 0.0390625 0.04950495049504951
0 0.9921875 0.4207920792079208 0.0390625 0.04950495049504951
0 0.96875 0.7227722772277227 0.0390625 0.04950495049504951
0 0.9296875 0.7376237623762376 0.0390625 0.04950495049504951
0 0.88671875 0.7574257425742574 0.0390625 0.04950495049504951
0 0.83203125 0.7772277227722773 0.0390625 0.04950495049504951
0 0.8359375 0.7772277227722773 0.0390625 0.04950495049504951
0 0.96484375 0.7920792079207921 0.0390625 0.04950495049504951
0 0.78515625 0.7970297029702971 0.0390625 0.04950495049504951
0 0.7890625 0.7970297029702971 0.0390625 0.04950495049504951
0 0.92578125 0.806930693069307 0.0390625 0.04950495049504951
0 0.73046875 0.8118811881188119 0.0390625 0.04950495049504951
0 0.734375 0.8118811881188119 0.0390625 0.04950495049504951
0 0.92578125 0.8118811881188119 0.0390625 0.04950495049504951
0 0.68359375 0.8316831683168316 0.0390625 0.04950495049504951
0 0.6875 0.8316831683168316 0.0390625 0.04950495049504951
0 0.87109375 0.8316831683168316 0.0390625 0.04950495049504951
0 0.62890625 0.8564356435643564 0.0390625 0.04950495049504951
0 0.80078125 0.8613861386138614 0.0390625 0.04950495049504951
0 0.8046875 0.8613861386138614 0.0390625 0.04950495049504951
0 0.58984375 0.8712871287128713 0.0390625 0.04950495049504951
0 0.7578125 0.8762376237623762 0.0390625 0.04950495049504951
0 0.546875 0.8861386138613861 0.0390625 0.04950495049504951
0 0.546875 0.8910891089108911 0.0390625 0.04950495049504951
0 0.703125 0.8960396039603961 0.0390625 0.04950495049504951
0 0.70703125 0.8960396039603961 0.0390625 0.04950495049504951
0 0.703125 0.900990099009901 0.0390625 0.04950495049504951
0 0.70703125 0.900990099009901 0.0390625 0.04950495049504951
0 0.4921875 0.9108910891089109 0.0390625 0.04950495049504951
0 0.65234375 0.9158415841584159 0.0390625 0.04950495049504951
0 0.44921875 0.9207920792079208 0.0390625 0.04950495049504951
0 0.453125 0.9207920792079208 0.0390625 0.04950495049504951
0 0.609375 0.9356435643564357 0.0390625 0.04950495049504951
0 0.41015625 0.9405940594059405 0.0390625 0.04950495049504951
0 0.41015625 0.9455445544554455 0.0390625 0.04950495049504951
0 0.36328125 0.9653465346534653 0.0390625 0.04950495049504951
0 0.50390625 0.9752475247524752 0.0390625 0.04950495049504951
0 0.50390625 0.9801980198019802 0.0390625 0.04950495049504951
