0 0.48046875 0.0297029702970297 0.0390625 0.04950495049504951
0 0.484375 0.0297029702970297 0.0390625 0.04950495049504951
0 0.51171875 0.14356435643564355 0.0390625 0.04950495049504951
0 0.52734375 0.21287128712871287 0.0390625 0.04950495049504951
0 0.54296875 0.26732673267326734 0.0390625 0.04950495049504951
0 0.5625 0.35148514851485146 0.0390625 0.04950495049504951
0 0.5625 0.3564356435643564 0.0390625 0.04950495049504951
0 0.546875 0.7722772277227723 0.0390625 0.04950495049504951
0 0.9609375 0.9702970297029703 0.0390625 0.04950495049504951
0 0.96484375 0.9702970297029703 0.0390625 0.04950495049504951
