0 0.83203125 0.07920792079207921 0.0390625 0.04950495049504951
0 0.87890625 0.15841584158415842 0.0390625 0.04950495049504951
0 0.8828125 0.15841584158415842 0.0390625 0.04950495049504951
0 0.9140625 0.18811881188118812 0.0390625 0.04950495049504951
0 0.91796875 0.18811881188118812 0.0390625 0.04950495049504951
0 0.86328125 0.19801980198019803 0.0390625 0.04950495049504951
0 0.86328125 0.20297029702970298 0.0390625 0.04950495049504951
0 0.8359375 0.2722772277227723 0.0390625 0.04950495049504951
0 0.91796875 0.4158415841584158 0.0390625 0.04950495049504951
0 0.890625 0.4207920792079208 0.0390625 0.04950495049504951
0 0.89453125 0.4207920792079208 0.0390625 0.04950495049504951
0 0.9921875 0.5841584158415841 0.0390625 0.04950495049504951
0 0.953125 0.5891089108910891 0.0390625 0.04950495049504951
0 0.24609375 0.8514851485148515 0.0390625 0.04950495049504951
0 0.171875 0.8861386138613861 0.0390625 0.04950495049504951
0 0.17578125 0.8861386138613861 0.0390625 0.04950495049504951
0 0.0859375 0.9158415841584159 0.0390625 0.04950495049504951
0 0.0859375 0.9207920792079208 0.0390625 0.04950495049504951
0 0.02734375 0.9405940594059405 0.0390625 0.04950495049504951
0 0.02734375 0.9455445544554455 0.0390625 0.04950495049504951
