0 0.66796875 0.12376237623762376 0.0390625 0.04950495049504951
0 0.0 0.22277227722772278 0.0390625 0.04950495049504951
0 0.0078125 0.48514851485148514 0.0390625 0.04950495049504951
0 0.01953125 0.5396039603960396 0.0390625 0.04950495049504951
0 0.0234375 0.5396039603960396 0.0390625 0.04950495049504951
0 0.10546875 0.8861386138613861 0.0390625 0.04950495049504951
0 0.10546875 0.8910891089108911 0.0390625 0.04950495049504951
0 0.12890625 0.9752475247524752 0.0390625 0.04950495049504951
0 0.1328125 0.9752475247524752 0.0390625 0.04950495049504951
0 0.12890625 0.9801980198019802 0.0390625 0.04950495049504951
0 0.1328125 0.9801980198019802 0.0390625 0.04950495049504951
