0 0.5491803278688525 0.1328125 0.08196721311475409 0.0390625
0 0.18032786885245902 0.1484375 0.08196721311475409 0.0390625
0 0.45081967213114754 0.1484375 0.08196721311475409 0.0390625
0 0.05737704918032787 0.171875 0.08196721311475409 0.0390625
0 0.05737704918032787 0.17578125 0.08196721311475409 0.0390625
0 0.47540983606557374 0.18359375 0.08196721311475409 0.0390625
0 0.47540983606557374 0.1875 0.08196721311475409 0.0390625
0 0.20491803278688525 0.24609375 0.08196721311475409 0.0390625
0 0.22131147540983606 0.26953125 0.08196721311475409 0.0390625
0 0.22950819672131148 0.26953125 0.08196721311475409 0.0390625
0 0.26229508196721313 0.32421875 0.08196721311475409 0.0390625
0 0.02459016393442623 0.33984375 0.08196721311475409 0.0390625
0 0.03278688524590164 0.33984375 0.08196721311475409 0.0390625
0 0.319672131147541 0.4453125 0.08196721311475409 0.0390625
0 0.8852459016393442 0.45703125 0.08196721311475409 0.0390625
0 0.8934426229508197 0.45703125 0.08196721311475409 0.0390625
0 0.5 0.49609375 0.08196721311475409 0.0390625
0 0.6229508196721312 0.51171875 0.08196721311475409 0.0390625
0 0.01639344262295082 0.55078125 0.08196721311475409 0.0390625
0 0.13934426229508196 0.640625 0.08196721311475409 0.0390625
0 0.9590163934426229 0.76171875 0.08196721311475409 0.0390625
