0 0.5390625 0.297029702970297 0.0390625 0.04950495049504951
0 0.03515625 0.7376237623762376 0.0390625 0.04950495049504951
0 0.01171875 0.7425742574257426 0.0390625 0.04950495049504951
0 0.05859375 0.7475247524752475 0.0390625 0.04950495049504951
0 0.125 0.7920792079207921 0.0390625 0.04950495049504951
0 0.13671875 0.8415841584158416 0.0390625 0.04950495049504951
0 0.1484375 0.8960396039603961 0.0390625 0.04950495049504951
0 0.1484375 0.900990099009901 0.0390625 0.04950495049504951
0 0.98828125 0.9158415841584159 0.0390625 0.04950495049504951
0 0.16796875 0.9603960396039604 0.0390625 0.04950495049504951
0 0.171875 0.9603960396039604 0.0390625 0.04950495049504951
