0 0.58984375 0.0 0.0390625 0.0390625
0 0.58984375 0.00390625 0.0390625 0.0390625
0 0.8671875 0.140625 0.0390625 0.0390625
0 0.9375 0.17578125 0.0390625 0.0390625
0 0.890625 0.1875 0.0390625 0.0390625
0 0.9453125 0.19921875 0.0390625 0.0390625
0 0.9453125 0.203125 0.0390625 0.0390625
0 0.90625 0.23828125 0.0390625 0.0390625
0 0.953125 0.25 0.0390625 0.0390625
0 0.95703125 0.25 0.0390625 0.0390625
0 0.91796875 0.2890625 0.0390625 0.0390625
0 0.9765625 0.296875 0.0390625 0.0390625
0 0.984375 0.31640625 0.0390625 0.0390625
0 0.984375 0.3203125 0.0390625 0.0390625
0 0.65625 0.4921875 0.0390625 0.0390625
0 0.92578125 0.4921875 0.0390625 0.0390625
0 0.96484375 0.49609375 0.0390625 0.0390625
0 0.96875 0.49609375 0.0390625 0.0390625
0 0.59765625 0.50390625 0.0390625 0.0390625
0 0.66015625 0.86328125 0.0390625 0.0390625
0 0.609375 0.87890625 0.0390625 0.0390625
0 0.390625 0.94921875 0.0390625 0.0390625
