0 0.040983606557377046 0.22772277227722773 0.08196721311475409 0.04950495049504951
0 0.06557377049180328 0.25742574257425743 0.08196721311475409 0.04950495049504951
0 0.09016393442622951 0.30198019801980197 0.08196721311475409 0.04950495049504951
0 0.10655737704918032 0.35148514851485146 0.08196721311475409 0.04950495049504951
0 0.13114754098360656 0.3811881188118812 0.08196721311475409 0.04950495049504951
0 0.14754098360655737 0.43564356435643564 0.08196721311475409 0.04950495049504951
0 0.18032786885245902 0.4801980198019802 0.08196721311475409 0.04950495049504951
0 0.22131147540983606 0.5594059405940595 0.08196721311475409 0.04950495049504951
0 0.22131147540983606 0.5643564356435643 0.08196721311475409 0.04950495049504951
0 0.22950819672131148 0.6188118811881188 0.08196721311475409 0.04950495049504951
0 0.22950819672131148 0.6237623762376238 0.08196721311475409 0.04950495049504951
0 0.22950819672131148 0.6485148514851485 0.08196721311475409 0.04950495049504951
0 0.9426229508196722 0.6633663366336634 0.08196721311475409 0.04950495049504951
0 0.9426229508196722 0.6683168316831684 0.08196721311475409 0.04950495049504951
0 0.7459016393442623 0.7128712871287128 0.08196721311475409 0.04950495049504951
0 0.5819672131147541 0.7425742574257426 0.08196721311475409 0.04950495049504951
0 0.48360655737704916 0.7475247524752475 0.08196721311475409 0.04950495049504951
0 0.4918032786885246 0.7475247524752475 0.08196721311475409 0.04950495049504951
0 0.3770491803278688 0.7673267326732673 0.08196721311475409 0.04950495049504951
0 0.28688524590163933 0.7920792079207921 0.08196721311475409 0.04950495049504951
0 0.22131147540983606 0.8564356435643564 0.08196721311475409 0.04950495049504951
0 0.22950819672131148 0.8564356435643564 0.08196721311475409 0.04950495049504951
0 0.12295081967213115 0.8811881188118812 0.08196721311475409 0.04950495049504951
0 0.13114754098360656 0.8811881188118812 0.08196721311475409 0.04950495049504951
