0 0.58984375 0.0049504950495049506 0.0390625 0.04950495049504951
0 0.68359375 0.0049504950495049506 0.0390625 0.04950495049504951
0 0.6875 0.0049504950495049506 0.0390625 0.04950495049504951
0 0.68359375 0.009900990099009901 0.0390625 0.04950495049504951
0 0.6875 0.009900990099009901 0.0390625 0.04950495049504951
0 0.609375 0.019801980198019802 0.0390625 0.04950495049504951
0 0.609375 0.024752475247524754 0.0390625 0.04950495049504951
0 0.6328125 0.024752475247524754 0.0390625 0.04950495049504951
0 0.63671875 0.024752475247524754 0.0390625 0.04950495049504951
0 0.90234375 0.8811881188118812 0.0390625 0.04950495049504951
0 0.85546875 0.8960396039603961 0.0390625 0.04950495049504951
0 0.81640625 0.9158415841584159 0.0390625 0.04950495049504951
0 0.984375 0.9158415841584159 0.0390625 0.04950495049504951
0 0.81640625 0.9207920792079208 0.0390625 0.04950495049504951
0 0.72265625 0.9455445544554455 0.0390625 0.04950495049504951
0 0.72265625 0.9504950495049505 0.0390625 0.04950495049504951
0 0.671875 0.9702970297029703 0.0390625 0.04950495049504951
