0 0.578125 0.07425742574257425 0.0390625 0.04950495049504951
0 0.52734375 0.21782178217821782 0.0390625 0.04950495049504951
0 0.44140625 0.24257425742574257 0.0390625 0.04950495049504951
0 0.44140625 0.24752475247524752 0.0390625 0.04950495049504951
0 0.55078125 0.25742574257425743 0.0390625 0.04950495049504951
0 0.60546875 0.25742574257425743 0.0390625 0.04950495049504951
0 0.61328125 0.2871287128712871 0.0390625 0.04950495049504951
0 0.39453125 0.29207920792079206 0.0390625 0.04950495049504951
0 0.3984375 0.29207920792079206 0.0390625 0.04950495049504951
0 0.39453125 0.297029702970297 0.0390625 0.04950495049504951
0 0.3984375 0.297029702970297 0.0390625 0.04950495049504951
0 0.4375 0.30198019801980197 0.0390625 0.04950495049504951
0 0.44140625 0.30198019801980197 0.0390625 0.04950495049504951
0 0.40625 0.31683168316831684 0.0390625 0.04950495049504951
0 0.609375 0.31683168316831684 0.0390625 0.04950495049504951
0 0.40625 0.3217821782178218 0.0390625 0.04950495049504951
0 0.5703125 0.32673267326732675 0.0390625 0.04950495049504951
0 0.4140625 0.33663366336633666 0.0390625 0.04950495049504951
0 0.41796875 0.33663366336633666 0.0390625 0.04950495049504951
0 0.22265625 0.3415841584158416 0.0390625 0.04950495049504951
0 0.4140625 0.3415841584158416 0.0390625 0.04950495049504951
0 0.41796875 0.3415841584158416 0.0390625 0.04950495049504951
0 0.30859375 0.41089108910891087 0.0390625 0.04950495049504951
0 0.30859375 0.4158415841584158 0.0390625 0.04950495049504951
0 0.4375 0.4207920792079208 0.0390625 0.04950495049504951
0 0.6015625 0.43564356435643564 0.0390625 0.04950495049504951
0 0.65234375 0.45544554455445546 0.0390625 0.04950495049504951
0 0.65625 0.45544554455445546 0.0390625 0.04950495049504951
0 0.65234375 0.4603960396039604 0.0390625 0.04950495049504951
0 0.65625 0.4603960396039604 0.0390625 0.04950495049504951
0 0.43359375 0.47029702970297027 0.0390625 0.04950495049504951
0 0.59375 0.48514851485148514 0.0390625 0.04950495049504951
0 0.31640625 0.49504950495049505 0.0390625 0.04950495049504951
0 0.2734375 0.504950495049505 0.0390625 0.04950495049504951
0 0.66796875 0.504950495049505 0.0390625 0.04950495049504951
0 0.4609375 0.5099009900990099 0.0390625 0.04950495049504951
0 0.61328125 0.5544554455445545 0.0390625 0.04950495049504951
0 0.67578125 0.5544554455445545 0.0390625 0.04950495049504951
0 0.4765625 0.5594059405940595 0.0390625 0.04950495049504951
0 0.4765625 0.5643564356435643 0.0390625 0.04950495049504951
0 0.53125 0.5693069306930693 0.0390625 0.04950495049504951
0 0.6875 0.5792079207920792 0.0390625 0.04950495049504951
0 0.69140625 0.5792079207920792 0.0390625 0.04950495049504951
0 0.4765625 0.6386138613861386 0.0390625 0.04950495049504951
0 0.54296875 0.6386138613861386 0.0390625 0.04950495049504951
0 0.48828125 0.6633663366336634 0.0390625 0.04950495049504951
0 0.4921875 0.6633663366336634 0.0390625 0.04950495049504951
0 0.48828125 0.6683168316831684 0.0390625 0.04950495049504951
0 0.4921875 0.6683168316831684 0.0390625 0.04950495049504951
0 0.4921875 0.7128712871287128 0.0390625 0.04950495049504951
0 0.51953125 0.7326732673267327 0.0390625 0.04950495049504951
0 0.51953125 0.7376237623762376 0.0390625 0.04950495049504951
0 0.578125 0.7821782178217822 0.0390625 0.04950495049504951
