0 0.82421875 0.0703125 0.0390625 0.0390625
0 0.828125 0.0703125 0.0390625 0.0390625
0 0.77734375 0.0859375 0.0390625 0.0390625
0 0.72265625 0.1015625 0.0390625 0.0390625
0 0.72265625 0.10546875 0.0390625 0.0390625
0 0.671875 0.1171875 0.0390625 0.0390625
0 0.67578125 0.1171875 0.0390625 0.0390625
0 0.62109375 0.13671875 0.0390625 0.0390625
0 0.625 0.13671875 0.0390625 0.0390625
0 0.484375 0.17578125 0.0390625 0.0390625
0 0.484375 0.1796875 0.0390625 0.0390625
0 0.44140625 0.19140625 0.0390625 0.0390625
0 0.3984375 0.20703125 0.0390625 0.0390625
0 0.40234375 0.20703125 0.0390625 0.0390625
0 0.35546875 0.22265625 0.0390625 0.0390625
0 0.359375 0.22265625 0.0390625 0.0390625
0 0.5703125 0.23046875 0.0390625 0.0390625
0 0.3125 0.234375 0.0390625 0.0390625
0 0.5703125 0.234375 0.0390625 0.0390625
0 0.3125 0.23828125 0.0390625 0.0390625
0 0.51953125 0.25 0.0390625 0.0390625
0 0.5234375 0.25 0.0390625 0.0390625
0 0.4765625 0.265625 0.0390625 0.0390625
0 0.42578125 0.27734375 0.0390625 0.0390625
0 0.4296875 0.27734375 0.0390625 0.0390625
0 0.37890625 0.296875 0.0390625 0.0390625
0 0.3828125 0.296875 0.0390625 0.0390625
0 0.34375 0.3046875 0.0390625 0.0390625
0 0.30859375 0.31640625 0.0390625 0.0390625
0 0.3125 0.31640625 0.0390625 0.0390625
0 0.30859375 0.3203125 0.0390625 0.0390625
0 0.3125 0.3203125 0.0390625 0.0390625
0 0.171875 0.51171875 0.0390625 0.0390625
0 0.1640625 0.7421875 0.0390625 0.0390625
0 0.94921875 0.84765625 0.0390625 0.0390625
0 0.953125 0.84765625 0.0390625 0.0390625
0 0.6953125 0.87890625 0.0390625 0.0390625
0 0.6953125 0.8828125 0.0390625 0.0390625
0 0.625 0.953125 0.0390625 0.0390625
0 0.578125 0.96484375 0.0390625 0.0390625
0 0.52734375 0.984375 0.0390625 0.0390625
0 0.53125 0.984375 0.0390625 0.0390625
0 0.52734375 0.98828125 0.0390625 0.0390625
0 0.53125 0.98828125 0.0390625 0.0390625
