0 0.2109375 0.0234375 0.0390625 0.0390625
0 0.21484375 0.0234375 0.0390625 0.0390625
0 0.96875 0.515625 0.0390625 0.0390625
0 0.97265625 0.515625 0.0390625 0.0390625
0 0.96875 0.51953125 0.0390625 0.0390625
0 0.97265625 0.51953125 0.0390625 0.0390625
0 0.7890625 0.5703125 0.0390625 0.0390625
0 0.7890625 0.57421875 0.0390625 0.0390625
0 0.1484375 0.640625 0.0390625 0.0390625
0 0.1640625 0.671875 0.0390625 0.0390625
0 0.33984375 0.67578125 0.0390625 0.0390625
0 0.4765625 0.67578125 0.0390625 0.0390625
0 0.171875 0.72265625 0.0390625 0.0390625
0 0.17578125 0.72265625 0.0390625 0.0390625
0 0.0546875 0.81640625 0.0390625 0.0390625
