0 0.98046875 0.1953125 0.0390625 0.0390625
0 0.9296875 0.20703125 0.0390625 0.0390625
0 0.93359375 0.20703125 0.0390625 0.0390625
0 0.90625 0.33203125 0.0390625 0.0390625
0 0.91015625 0.33203125 0.0390625 0.0390625
0 0.05859375 0.48828125 0.0390625 0.0390625
0 0.05859375 0.4921875 0.0390625 0.0390625
0 0.015625 0.50390625 0.0390625 0.0390625
0 0.9765625 0.55859375 0.0390625 0.0390625
0 0.98046875 0.55859375 0.0390625 0.0390625
0 0.28125 0.59765625 0.0390625 0.0390625
0 0.2890625 0.62109375 0.0390625 0.0390625
0 0.30859375 0.69140625 0.0390625 0.0390625
0 0.3125 0.69140625 0.0390625 0.0390625
0 0.41796875 0.8828125 0.0390625 0.0390625
0 0.42578125 0.90234375 0.0390625 0.0390625
0 0.42578125 0.90625 0.0390625 0.0390625
0 0.43359375 0.92578125 0.0390625 0.0390625
0 0.43359375 0.9296875 0.0390625 0.0390625
0 0.44140625 0.953125 0.0390625 0.0390625
0 0.4453125 0.953125 0.0390625 0.0390625
0 0.44921875 0.9765625 0.0390625 0.0390625
0 0.453125 0.9765625 0.0390625 0.0390625
