0 0.375 0.296875 0.0390625 0.0390625
0 0.9296875 0.5546875 0.0390625 0.0390625
0 0.44140625 0.56640625 0.0390625 0.0390625
0 0.4453125 0.56640625 0.0390625 0.0390625
0 0.890625 0.5703125 0.0390625 0.0390625
0 0.890625 0.57421875 0.0390625 0.0390625
0 0.8359375 0.5859375 0.0390625 0.0390625
0 0.8359375 0.58984375 0.0390625 0.0390625
0 0.92578125 0.59375 0.0390625 0.0390625
0 0.6328125 0.69140625 0.0390625 0.0390625
0 0.44140625 0.74609375 0.0390625 0.0390625
0 0.44140625 0.75 0.0390625 0.0390625
0 0.09765625 0.828125 0.0390625 0.0390625
0 0.05078125 0.84375 0.0390625 0.0390625
0 0.05078125 0.84765625 0.0390625 0.0390625
0 0.5234375 0.8515625 0.0390625 0.0390625
0 0.5234375 0.85546875 0.0390625 0.0390625
0 0.6328125 0.9609375 0.0390625 0.0390625
0 0.6328125 0.96484375 0.0390625 0.0390625
