0 0.99609375 0.36328125 0.0390625 0.0390625
0 0.94921875 0.375 0.0390625 0.0390625
0 0.94921875 0.37890625 0.0390625 0.0390625
0 0.97265625 0.421875 0.0390625 0.0390625
0 0.73046875 0.44921875 0.0390625 0.0390625
0 0.73046875 0.453125 0.0390625 0.0390625
0 0.67578125 0.46484375 0.0390625 0.0390625
0 0.6796875 0.46484375 0.0390625 0.0390625
0 0.63671875 0.48046875 0.0390625 0.0390625
0 0.58203125 0.49609375 0.0390625 0.0390625
0 0.5390625 0.5078125 0.0390625 0.0390625
0 0.484375 0.52734375 0.0390625 0.0390625
0 0.43359375 0.54296875 0.0390625 0.0390625
0 0.43359375 0.546875 0.0390625 0.0390625
0 0.390625 0.5625 0.0390625 0.0390625
0 0.39453125 0.5625 0.0390625 0.0390625
0 0.34375 0.57421875 0.0390625 0.0390625
0 0.34765625 0.57421875 0.0390625 0.0390625
0 0.36328125 0.6484375 0.0390625 0.0390625
0 0.36328125 0.65234375 0.0390625 0.0390625
