0 0.99609375 0.2109375 0.0390625 0.0390625
0 0.9375 0.2265625 0.0390625 0.0390625
0 0.31640625 0.4609375 0.0390625 0.0390625
0 0.96875 0.46875 0.0390625 0.0390625
0 0.8125 0.5078125 0.0390625 0.0390625
0 0.80859375 0.51171875 0.0390625 0.0390625
0 0.8125 0.51171875 0.0390625 0.0390625
0 0.1171875 0.53515625 0.0390625 0.0390625
0 0.8359375 0.53515625 0.0390625 0.0390625
0 0.83984375 0.53515625 0.0390625 0.0390625
0 0.92578125 0.53515625 0.0390625 0.0390625
0 0.9296875 0.53515625 0.0390625 0.0390625
0 0.8359375 0.5390625 0.0390625 0.0390625
0 0.83984375 0.5390625 0.0390625 0.0390625
0 0.8671875 0.5546875 0.0390625 0.0390625
0 0.87109375 0.55859375 0.0390625 0.0390625
0 0.875 0.55859375 0.0390625 0.0390625
0 0.70703125 0.6796875 0.0390625 0.0390625
0 0.72265625 0.73046875 0.0390625 0.0390625
0 0.2734375 0.7578125 0.0390625 0.0390625
0 0.27734375 0.7578125 0.0390625 0.0390625
0 0.76171875 0.76171875 0.0390625 0.0390625
0 0.765625 0.76171875 0.0390625 0.0390625
0 0.234375 0.76953125 0.0390625 0.0390625
0 0.1875 0.78515625 0.0390625 0.0390625
0 0.1875 0.7890625 0.0390625 0.0390625
0 0.796875 0.96875 0.0390625 0.0390625
0 0.80078125 0.96875 0.0390625 0.0390625
