0 0.5234375 0.0390625 0.0390625 0.0390625
0 0.46875 0.0546875 0.0390625 0.0390625
0 0.46875 0.05859375 0.0390625 0.0390625
0 0.40625 0.078125 0.0390625 0.0390625
0 0.34375 0.09375 0.0390625 0.0390625
0 0.34375 0.09765625 0.0390625 0.0390625
0 0.28515625 0.11328125 0.0390625 0.0390625
0 0.28515625 0.1171875 0.0390625 0.0390625
0 0.23046875 0.1328125 0.0390625 0.0390625
0 0.18359375 0.1484375 0.0390625 0.0390625
0 0.05078125 0.1953125 0.0390625 0.0390625
0 0.76953125 0.25390625 0.0390625 0.0390625
0 0.76953125 0.2578125 0.0390625 0.0390625
0 0.72265625 0.2734375 0.0390625 0.0390625
0 0.48828125 0.28515625 0.0390625 0.0390625
0 0.4921875 0.28515625 0.0390625 0.0390625
0 0.67578125 0.28515625 0.0390625 0.0390625
0 0.62109375 0.3046875 0.0390625 0.0390625
0 0.625 0.3046875 0.0390625 0.0390625
0 0.58203125 0.3203125 0.0390625 0.0390625
0 0.265625 0.32421875 0.0390625 0.0390625
0 0.265625 0.328125 0.0390625 0.0390625
0 0.52734375 0.3359375 0.0390625 0.0390625
0 0.53125 0.3359375 0.0390625 0.0390625
0 0.39453125 0.3828125 0.0390625 0.0390625
0 0.34765625 0.3984375 0.0390625 0.0390625
0 0.125 0.40234375 0.0390625 0.0390625
0 0.30078125 0.4140625 0.0390625 0.0390625
0 0.25390625 0.4296875 0.0390625 0.0390625
0 0.203125 0.4453125 0.0390625 0.0390625
0 0.15625 0.4609375 0.0390625 0.0390625
0 0.109375 0.48046875 0.0390625 0.0390625
0 0.05859375 0.4921875 0.0390625 0.0390625
0 0.0625 0.4921875 0.0390625 0.0390625
0 0.0 0.51171875 0.0390625 0.0390625
0 0.0 0.515625 0.0390625 0.0390625
