0 0.890625 0.02734375 0.0390625 0.0390625
0 0.48828125 0.18359375 0.0390625 0.0390625
0 0.46875 0.1953125 0.0390625 0.0390625
0 0.46875 0.19921875 0.0390625 0.0390625
0 0.38671875 0.21484375 0.0390625 0.0390625
0 0.44140625 0.21484375 0.0390625 0.0390625
0 0.41796875 0.21875 0.0390625 0.0390625
0 0.3203125 0.2265625 0.0390625 0.0390625
0 0.32421875 0.2265625 0.0390625 0.0390625
0 0.359375 0.2265625 0.0390625 0.0390625
0 0.296875 0.234375 0.0390625 0.0390625
0 0.30078125 0.234375 0.0390625 0.0390625
0 0.2734375 0.23828125 0.0390625 0.0390625
0 0.27734375 0.23828125 0.0390625 0.0390625
0 0.1640625 0.26953125 0.0390625 0.0390625
0 0.14453125 0.27734375 0.0390625 0.0390625
0 0.14453125 0.28125 0.0390625 0.0390625
0 0.14453125 0.28515625 0.0390625 0.0390625
0 0.109375 0.2890625 0.0390625 0.0390625
0 0.08203125 0.29296875 0.0390625 0.0390625
0 0.08203125 0.296875 0.0390625 0.0390625
0 0.390625 0.3046875 0.0390625 0.0390625
0 0.390625 0.30859375 0.0390625 0.0390625
0 0.375 0.31640625 0.0390625 0.0390625
0 0.3515625 0.32421875 0.0390625 0.0390625
0 0.32421875 0.3359375 0.0390625 0.0390625
0 0.328125 0.3359375 0.0390625 0.0390625
0 0.30859375 0.34375 0.0390625 0.0390625
0 0.28515625 0.35546875 0.0390625 0.0390625
0 0.2890625 0.35546875 0.0390625 0.0390625
0 0.26171875 0.359375 0.0390625 0.0390625
0 0.265625 0.359375 0.0390625 0.0390625
0 0.23828125 0.3671875 0.0390625 0.0390625
0 0.2421875 0.3671875 0.0390625 0.0390625
0 0.21875 0.375 0.0390625 0.0390625
0 0.34375 0.375 0.0390625 0.0390625
0 0.21875 0.37890625 0.0390625 0.0390625
0 0.34375 0.37890625 0.0390625 0.0390625
0 0.19140625 0.3828125 0.0390625 0.0390625
0 0.3203125 0.38671875 0.0390625 0.0390625
0 0.13671875 0.39453125 0.0390625 0.0390625
0 0.16015625 0.39453125 0.0390625 0.0390625
0 0.140625 0.3984375 0.0390625 0.0390625
0 0.30078125 0.40234375 0.0390625 0.0390625
0 0.28515625 0.421875 0.0390625 0.0390625
0 0.2421875 0.42578125 0.0390625 0.0390625
0 0.21875 0.4375 0.0390625 0.0390625
