0 0.6640625 0.4453125 0.0390625 0.0390625
0 0.66796875 0.4453125 0.0390625 0.0390625
0 0.6640625 0.44921875 0.0390625 0.0390625
0 0.66796875 0.44921875 0.0390625 0.0390625
0 0.6796875 0.48828125 0.0390625 0.0390625
0 0.68359375 0.48828125 0.0390625 0.0390625
0 0.6796875 0.4921875 0.0390625 0.0390625
0 0.68359375 0.4921875 0.0390625 0.0390625
0 0.69921875 0.54296875 0.0390625 0.0390625
0 0.71484375 0.6015625 0.0390625 0.0390625
0 0.73046875 0.65625 0.0390625 0.0390625
0 0.75 0.70703125 0.0390625 0.0390625
0 0.76171875 0.7578125 0.0390625 0.0390625
0 0.77734375 0.8046875 0.0390625 0.0390625
0 0.171875 0.98046875 0.0390625 0.0390625
0 0.171875 0.984375 0.0390625 0.0390625
0 0.11328125 0.99609375 0.0390625 0.0390625
