0 0.98828125 0.04296875 0.0390625 0.0390625
0 0.9921875 0.04296875 0.0390625 0.0390625
0 0.13671875 0.046875 0.0390625 0.0390625
0 0.13671875 0.05078125 0.0390625 0.0390625
0 0.94140625 0.05859375 0.0390625 0.0390625
0 0.9453125 0.05859375 0.0390625 0.0390625
0 0.89453125 0.0703125 0.0390625 0.0390625
0 0.15234375 0.078125 0.0390625 0.0390625
0 0.84375 0.09375 0.0390625 0.0390625
0 0.84765625 0.09375 0.0390625 0.0390625
0 0.8046875 0.09765625 0.0390625 0.0390625
0 0.8046875 0.1015625 0.0390625 0.0390625
0 0.765625 0.11328125 0.0390625 0.0390625
0 0.16015625 0.1171875 0.0390625 0.0390625
0 0.98828125 0.12109375 0.0390625 0.0390625
0 0.93359375 0.1328125 0.0390625 0.0390625
0 0.16796875 0.140625 0.0390625 0.0390625
0 0.171875 0.140625 0.0390625 0.0390625
0 0.87890625 0.15234375 0.0390625 0.0390625
0 0.87890625 0.15625 0.0390625 0.0390625
0 0.17578125 0.1640625 0.0390625 0.0390625
0 0.17578125 0.16796875 0.0390625 0.0390625
0 0.7890625 0.18359375 0.0390625 0.0390625
0 0.18359375 0.1953125 0.0390625 0.0390625
0 0.73828125 0.1953125 0.0390625 0.0390625
0 0.19140625 0.22265625 0.0390625 0.0390625
0 0.1953125 0.22265625 0.0390625 0.0390625
0 0.2734375 0.2734375 0.0390625 0.0390625
0 0.27734375 0.2734375 0.0390625 0.0390625
0 0.66015625 0.2890625 0.0390625 0.0390625
0 0.078125 0.3359375 0.0390625 0.0390625
0 0.04296875 0.34375 0.0390625 0.0390625
0 0.04296875 0.34765625 0.0390625 0.0390625
0 0.2578125 0.35546875 0.0390625 0.0390625
0 0.2578125 0.359375 0.0390625 0.0390625
0 0.12890625 0.37109375 0.0390625 0.0390625
0 0.21875 0.37109375 0.0390625 0.0390625
0 0.94921875 0.88671875 0.0390625 0.0390625
0 0.8125 0.94140625 0.0390625 0.0390625
0 0.81640625 0.94140625 0.0390625 0.0390625
0 0.8125 0.9453125 0.0390625 0.0390625
0 0.81640625 0.9453125 0.0390625 0.0390625
0 0.328125 0.984375 0.0390625 0.0390625
0 0.33203125 0.984375 0.0390625 0.0390625
