0 0.45703125 0.00390625 0.0390625 0.0390625
0 0.37109375 0.0078125 0.0390625 0.0390625
0 0.46484375 0.0234375 0.0390625 0.0390625
0 0.38671875 0.0546875 0.0390625 0.0390625
0 0.1015625 0.5 0.0390625 0.0390625
0 0.10546875 0.5 0.0390625 0.0390625
0 0.1015625 0.50390625 0.0390625 0.0390625
0 0.10546875 0.50390625 0.0390625 0.0390625
0 0.91796875 0.53125 0.0390625 0.0390625
0 0.84765625 0.5546875 0.0390625 0.0390625
0 0.9921875 0.5703125 0.0390625 0.0390625
0 0.9921875 0.57421875 0.0390625 0.0390625
0 0.75390625 0.5859375 0.0390625 0.0390625
0 0.7578125 0.5859375 0.0390625 0.0390625
0 0.90625 0.87890625 0.0390625 0.0390625
