0 0.0625 0.02734375 0.0390625 0.0390625
0 0.6875 0.28515625 0.0390625 0.0390625
0 0.62890625 0.3046875 0.0390625 0.0390625
0 0.62890625 0.3359375 0.0390625 0.0390625
0 0.9765625 0.42578125 0.0390625 0.0390625
0 0.2734375 0.453125 0.0390625 0.0390625
0 0.2734375 0.45703125 0.0390625 0.0390625
0 0.94140625 0.46484375 0.0390625 0.0390625
0 0.94140625 0.46875 0.0390625 0.0390625
0 0.0546875 0.48828125 0.0390625 0.0390625
0 0.31640625 0.49609375 0.0390625 0.0390625
0 0.3203125 0.49609375 0.0390625 0.0390625
0 0.83203125 0.5 0.0390625 0.0390625
0 0.83203125 0.50390625 0.0390625 0.0390625
0 0.921875 0.5078125 0.0390625 0.0390625
0 0.71875 0.60546875 0.0390625 0.0390625
0 0.72265625 0.60546875 0.0390625 0.0390625
0 0.71875 0.609375 0.0390625 0.0390625
0 0.72265625 0.609375 0.0390625 0.0390625
0 0.66796875 0.625 0.0390625 0.0390625
0 0.91015625 0.94140625 0.0390625 0.0390625
0 0.890625 0.953125 0.0390625 0.0390625
0 0.89453125 0.953125 0.0390625 0.0390625
