0 0.66015625 0.00390625 0.0390625 0.0390625
0 0.55859375 0.01953125 0.0390625 0.0390625
0 0.5625 0.01953125 0.0390625 0.0390625
0 0.59765625 0.0546875 0.0390625 0.0390625
0 0.12109375 0.08203125 0.0390625 0.0390625
0 0.4296875 0.08203125 0.0390625 0.0390625
0 0.3515625 0.0859375 0.0390625 0.0390625
0 0.50390625 0.0859375 0.0390625 0.0390625
0 0.59765625 0.0859375 0.0390625 0.0390625
0 0.6015625 0.0859375 0.0390625 0.0390625
0 0.50390625 0.08984375 0.0390625 0.0390625
0 0.7109375 0.10546875 0.0390625 0.0390625
0 0.83203125 0.140625 0.0390625 0.0390625
0 0.8359375 0.140625 0.0390625 0.0390625
0 0.37890625 0.1484375 0.0390625 0.0390625
0 0.37890625 0.15234375 0.0390625 0.0390625
0 0.16015625 0.1640625 0.0390625 0.0390625
0 0.81640625 0.203125 0.0390625 0.0390625
0 0.61328125 0.2109375 0.0390625 0.0390625
0 0.1171875 0.21484375 0.0390625 0.0390625
0 0.16015625 0.2265625 0.0390625 0.0390625
0 0.57421875 0.25390625 0.0390625 0.0390625
0 0.578125 0.25390625 0.0390625 0.0390625
0 0.67578125 0.25390625 0.0390625 0.0390625
0 0.39453125 0.29296875 0.0390625 0.0390625
0 0.4453125 0.328125 0.0390625 0.0390625
0 0.44921875 0.328125 0.0390625 0.0390625
0 0.296875 0.37890625 0.0390625 0.0390625
0 0.09375 0.38671875 0.0390625 0.0390625
0 0.09765625 0.38671875 0.0390625 0.0390625
0 0.1875 0.38671875 0.0390625 0.0390625
0 0.06640625 0.4296875 0.0390625 0.0390625
0 0.04296875 0.46484375 0.0390625 0.0390625
0 0.046875 0.46484375 0.0390625 0.0390625
0 0.01171875 0.515625 0.0390625 0.0390625
0 0.78515625 0.52734375 0.0390625 0.0390625
0 0.89453125 0.640625 0.0390625 0.0390625
0 0.80078125 0.67578125 0.0390625 0.0390625
0 0.90625 0.6796875 0.0390625 0.0390625
0 0.125 0.8125 0.0390625 0.0390625
0 0.25390625 0.89453125 0.0390625 0.0390625
0 0.2578125 0.89453125 0.0390625 0.0390625
0 0.70703125 0.953125 0.0390625 0.0390625
0 0.70703125 0.95703125 0.0390625 0.0390625
