0 0.0859375 0.0546875 0.0390625 0.0390625
0 0.08984375 0.0546875 0.0390625 0.0390625
0 0.046875 0.09765625 0.0390625 0.0390625
0 0.57421875 0.09765625 0.0390625 0.0390625
0 0.59375 0.1484375 0.0390625 0.0390625
0 0.59375 0.15234375 0.0390625 0.0390625
0 0.21875 0.2734375 0.0390625 0.0390625
0 0.21875 0.27734375 0.0390625 0.0390625
0 0.2578125 0.43359375 0.0390625 0.0390625
0 0.73046875 0.5078125 0.0390625 0.0390625
0 0.734375 0.5078125 0.0390625 0.0390625
0 0.74609375 0.56640625 0.0390625 0.0390625
0 0.75 0.56640625 0.0390625 0.0390625
0 0.79296875 0.7109375 0.0390625 0.0390625
0 0.796875 0.7109375 0.0390625 0.0390625
0 0.8125 0.765625 0.0390625 0.0390625
0 0.82421875 0.8046875 0.0390625 0.0390625
0 0.84375 0.8671875 0.0390625 0.0390625
