0 0.6328125 0.00390625 0.0390625 0.0390625
0 0.63671875 0.00390625 0.0390625 0.0390625
0 0.8828125 0.125 0.0390625 0.0390625
0 0.77734375 0.1328125 0.0390625 0.0390625
0 0.78125 0.1328125 0.0390625 0.0390625
0 0.89453125 0.16796875 0.0390625 0.0390625
0 0.79296875 0.1796875 0.0390625 0.0390625
0 0.90625 0.19921875 0.0390625 0.0390625
0 0.80859375 0.22265625 0.0390625 0.0390625
0 0.8203125 0.26953125 0.0390625 0.0390625
0 0.83984375 0.3203125 0.0390625 0.0390625
0 0.984375 0.4609375 0.0390625 0.0390625
0 0.91015625 0.58203125 0.0390625 0.0390625
0 0.9375 0.67578125 0.0390625 0.0390625
0 0.9921875 0.7265625 0.0390625 0.0390625
0 0.94921875 0.73046875 0.0390625 0.0390625
0 0.96484375 0.7734375 0.0390625 0.0390625
