0 0.0 0.52734375 0.0390625 0.0390625
0 0.015625 0.58203125 0.0390625 0.0390625
0 0.015625 0.5859375 0.0390625 0.0390625
0 0.91015625 0.69921875 0.0390625 0.0390625
0 0.83984375 0.7109375 0.0390625 0.0390625
0 0.83984375 0.71484375 0.0390625 0.0390625
0 0.79296875 0.73046875 0.0390625 0.0390625
0 0.796875 0.73046875 0.0390625 0.0390625
0 0.7421875 0.7421875 0.0390625 0.0390625
0 0.15234375 0.84765625 0.0390625 0.0390625
0 0.75390625 0.85546875 0.0390625 0.0390625
0 0.0078125 0.9296875 0.0390625 0.0390625
0 0.76953125 0.953125 0.0390625 0.0390625
0 0.7734375 0.953125 0.0390625 0.0390625
0 0.015625 0.96875 0.0390625 0.0390625
0 0.015625 0.97265625 0.0390625 0.0390625
0 0.69921875 0.97265625 0.0390625 0.0390625
0 0.703125 0.97265625 0.0390625 0.0390625
