0 0.1796875 0.11328125 0.0390625 0.0390625
0 0.18359375 0.11328125 0.0390625 0.0390625
0 0.89453125 0.2265625 0.0390625 0.0390625
0 0.87109375 0.234375 0.0390625 0.0390625
0 0.8203125 0.24609375 0.0390625 0.0390625
0 0.82421875 0.24609375 0.0390625 0.0390625
0 0.80078125 0.26171875 0.0390625 0.0390625
0 0.8046875 0.26171875 0.0390625 0.0390625
0 0.8046875 0.265625 0.0390625 0.0390625
0 0.234375 0.296875 0.0390625 0.0390625
0 0.62109375 0.31640625 0.0390625 0.0390625
0 0.59765625 0.3203125 0.0390625 0.0390625
0 0.59765625 0.32421875 0.0390625 0.0390625
0 0.3203125 0.57421875 0.0390625 0.0390625
0 0.32421875 0.66796875 0.0390625 0.0390625
0 0.8359375 0.75390625 0.0390625 0.0390625
0 0.4921875 0.9375 0.0390625 0.0390625
0 0.46875 0.953125 0.0390625 0.0390625
