0 0.8515625 0.05859375 0.0390625 0.0390625
0 0.87109375 0.109375 0.0390625 0.0390625
0 0.87890625 0.15625 0.0390625 0.0390625
0 0.8828125 0.15625 0.0390625 0.0390625
0 0.89453125 0.203125 0.0390625 0.0390625
0 0.9140625 0.25390625 0.0390625 0.0390625
0 0.91015625 0.2578125 0.0390625 0.0390625
0 0.9140625 0.2578125 0.0390625 0.0390625
0 0.99609375 0.5546875 0.0390625 0.0390625
0 0.3046875 0.58203125 0.0390625 0.0390625
0 0.30859375 0.58203125 0.0390625 0.0390625
0 0.3046875 0.5859375 0.0390625 0.0390625
0 0.30859375 0.5859375 0.0390625 0.0390625
0 0.14453125 0.734375 0.0390625 0.0390625
0 0.15625 0.78515625 0.0390625 0.0390625
0 0.171875 0.83203125 0.0390625 0.0390625
0 0.17578125 0.83203125 0.0390625 0.0390625
0 0.18359375 0.88671875 0.0390625 0.0390625
0 0.1875 0.88671875 0.0390625 0.0390625
0 0.1953125 0.9296875 0.0390625 0.0390625
0 0.19921875 0.9296875 0.0390625 0.0390625
0 0.21484375 0.97265625 0.0390625 0.0390625
