0 0.27734375 0.3515625 0.0390625 0.0390625
0 0.28125 0.3515625 0.0390625 0.0390625
0 0.390625 0.359375 0.0390625 0.0390625
0 0.26171875 0.36328125 0.0390625 0.0390625
0 0.2109375 0.3828125 0.0390625 0.0390625
0 0.171875 0.390625 0.0390625 0.0390625
0 0.17578125 0.390625 0.0390625 0.0390625
0 0.171875 0.39453125 0.0390625 0.0390625
0 0.17578125 0.39453125 0.0390625 0.0390625
0 0.1484375 0.3984375 0.0390625 0.0390625
0 0.12890625 0.40234375 0.0390625 0.0390625
0 0.10546875 0.4140625 0.0390625 0.0390625
0 0.40234375 0.4296875 0.0390625 0.0390625
0 0.265625 0.46875 0.0390625 0.0390625
0 0.24609375 0.48046875 0.0390625 0.0390625
0 0.2265625 0.48828125 0.0390625 0.0390625
0 0.19921875 0.49609375 0.0390625 0.0390625
0 0.15625 0.50390625 0.0390625 0.0390625
0 0.16015625 0.50390625 0.0390625 0.0390625
0 0.1796875 0.50390625 0.0390625 0.0390625
0 0.18359375 0.50390625 0.0390625 0.0390625
0 0.13671875 0.5078125 0.0390625 0.0390625
0 0.140625 0.5078125 0.0390625 0.0390625
0 0.15625 0.5078125 0.0390625 0.0390625
0 0.16015625 0.5078125 0.0390625 0.0390625
0 0.30859375 0.5078125 0.0390625 0.0390625
0 0.13671875 0.51171875 0.0390625 0.0390625
0 0.140625 0.51171875 0.0390625 0.0390625
0 0.2890625 0.515625 0.0390625 0.0390625
0 0.11328125 0.51953125 0.0390625 0.0390625
0 0.23828125 0.52734375 0.0390625 0.0390625
0 0.26171875 0.52734375 0.0390625 0.0390625
0 0.1953125 0.546875 0.0390625 0.0390625
0 0.0 0.5546875 0.0390625 0.0390625
0 0.0 0.55859375 0.0390625 0.0390625
0 0.015625 0.6171875 0.0390625 0.0390625
0 0.01953125 0.6171875 0.0390625 0.0390625
0 0.015625 0.62109375 0.0390625 0.0390625
0 0.01953125 0.62109375 0.0390625 0.0390625
0 0.05078125 0.72265625 0.0390625 0.0390625
0 0.0546875 0.72265625 0.0390625 0.0390625
0 0.0703125 0.7734375 0.0390625 0.0390625
0 0.09765625 0.8671875 0.0390625 0.0390625
0 0.11328125 0.91796875 0.0390625 0.0390625
0 0.11328125 0.921875 0.0390625 0.0390625
0 0.12890625 0.97265625 0.0390625 0.0390625
