0 0.0078125 0.0 0.0390625 0.0390625
0 0.98046875 0.16015625 0.0390625 0.0390625
0 0.9296875 0.1796875 0.0390625 0.0390625
0 0.8828125 0.19140625 0.0390625 0.0390625
0 0.88671875 0.19140625 0.0390625 0.0390625
0 0.84375 0.20703125 0.0390625 0.0390625
0 0.796875 0.22265625 0.0390625 0.0390625
0 0.546875 0.30859375 0.0390625 0.0390625
0 0.546875 0.3125 0.0390625 0.0390625
0 0.71875 0.3125 0.0390625 0.0390625
0 0.4921875 0.32421875 0.0390625 0.0390625
0 0.515625 0.34765625 0.0390625 0.0390625
0 0.5859375 0.359375 0.0390625 0.0390625
0 0.51953125 0.37890625 0.0390625 0.0390625
0 0.5234375 0.37890625 0.0390625 0.0390625
0 0.41015625 0.43359375 0.0390625 0.0390625
0 0.453125 0.47265625 0.0390625 0.0390625
0 0.453125 0.4765625 0.0390625 0.0390625
0 0.8203125 0.5234375 0.0390625 0.0390625
0 0.42578125 0.55078125 0.0390625 0.0390625
0 0.484375 0.58203125 0.0390625 0.0390625
0 0.48828125 0.58203125 0.0390625 0.0390625
0 0.46875 0.609375 0.0390625 0.0390625
0 0.3125 0.6328125 0.0390625 0.0390625
0 0.328125 0.69140625 0.0390625 0.0390625
0 0.2734375 0.7109375 0.0390625 0.0390625
0 0.359375 0.71484375 0.0390625 0.0390625
0 0.5 0.71875 0.0390625 0.0390625
0 0.578125 0.875 0.0390625 0.0390625
0 0.58203125 0.875 0.0390625 0.0390625
0 0.55859375 0.91015625 0.0390625 0.0390625
