0 0.40234375 0.0234375 0.0390625 0.0390625
0 0.40234375 0.02734375 0.0390625 0.0390625
0 0.35546875 0.0390625 0.0390625 0.0390625
0 0.22265625 0.0859375 0.0390625 0.0390625
0 0.828125 0.19140625 0.0390625 0.0390625
0 0.84375 0.234375 0.0390625 0.0390625
0 0.48828125 0.34765625 0.0390625 0.0390625
0 0.31640625 0.40625 0.0390625 0.0390625
0 0.3203125 0.40625 0.0390625 0.0390625
0 0.1953125 0.4453125 0.0390625 0.0390625
0 0.1953125 0.44921875 0.0390625 0.0390625
0 0.14453125 0.46484375 0.0390625 0.0390625
0 0.015625 0.5078125 0.0390625 0.0390625
