0 0.55859375 0.4375 0.0390625 0.0390625
0 0.71875 0.46484375 0.0390625 0.0390625
0 0.96875 0.51171875 0.0390625 0.0390625
0 0.97265625 0.51171875 0.0390625 0.0390625
0 0.96484375 0.5859375 0.0390625 0.0390625
0 0.6015625 0.62890625 0.0390625 0.0390625
0 0.94140625 0.66015625 0.0390625 0.0390625
0 0.9453125 0.66015625 0.0390625 0.0390625
0 0.94140625 0.6640625 0.0390625 0.0390625
0 0.9453125 0.6640625 0.0390625 0.0390625
0 0.62890625 0.6953125 0.0390625 0.0390625
0 0.6328125 0.6953125 0.0390625 0.0390625
0 0.62890625 0.69921875 0.0390625 0.0390625
0 0.6328125 0.69921875 0.0390625 0.0390625
0 0.98828125 0.7734375 0.0390625 0.0390625
0 0.98828125 0.77734375 0.0390625 0.0390625
0 0.96875 0.86328125 0.0390625 0.0390625
0 0.97265625 0.86328125 0.0390625 0.0390625
0 0.9921875 0.890625 0.0390625 0.0390625
0 0.99609375 0.890625 0.0390625 0.0390625
0 0.9921875 0.89453125 0.0390625 0.0390625
0 0.99609375 0.89453125 0.0390625 0.0390625
