0 0.73828125 0.01953125 0.0390625 0.0390625
0 0.51171875 0.08984375 0.0390625 0.0390625
0 0.515625 0.08984375 0.0390625 0.0390625
0 0.9296875 0.08984375 0.0390625 0.0390625
0 0.32421875 0.12109375 0.0390625 0.0390625
0 0.9453125 0.14453125 0.0390625 0.0390625
0 0.9609375 0.19140625 0.0390625 0.0390625
0 0.15234375 0.20703125 0.0390625 0.0390625
0 0.15625 0.20703125 0.0390625 0.0390625
0 0.9765625 0.23828125 0.0390625 0.0390625
0 0.3984375 0.37890625 0.0390625 0.0390625
0 0.40234375 0.37890625 0.0390625 0.0390625
0 0.03125 0.44921875 0.0390625 0.0390625
0 0.0390625 0.4921875 0.0390625 0.0390625
0 0.046875 0.51171875 0.0390625 0.0390625
0 0.05078125 0.51171875 0.0390625 0.0390625
0 0.0546875 0.546875 0.0390625 0.0390625
0 0.05859375 0.546875 0.0390625 0.0390625
0 0.0703125 0.5703125 0.0390625 0.0390625
0 0.9609375 0.8046875 0.0390625 0.0390625
0 0.91015625 0.8203125 0.0390625 0.0390625
0 0.9140625 0.8203125 0.0390625 0.0390625
0 0.87109375 0.83203125 0.0390625 0.0390625
0 0.87109375 0.8359375 0.0390625 0.0390625
0 0.5546875 0.87109375 0.0390625 0.0390625
0 0.5546875 0.875 0.0390625 0.0390625
0 0.88671875 0.87890625 0.0390625 0.0390625
0 0.890625 0.87890625 0.0390625 0.0390625
0 0.19140625 0.92578125 0.0390625 0.0390625
0 0.19140625 0.9296875 0.0390625 0.0390625
0 0.13671875 0.9375 0.0390625 0.0390625
0 0.13671875 0.94140625 0.0390625 0.0390625
0 0.09375 0.9609375 0.0390625 0.0390625
0 0.796875 0.96875 0.0390625 0.0390625
0 0.05078125 0.97265625 0.0390625 0.0390625
0 0.796875 0.9921875 0.0390625 0.0390625
