0 0.02734375 0.06640625 0.0390625 0.0390625
0 0.046875 0.11328125 0.0390625 0.0390625
0 0.9296875 0.1484375 0.0390625 0.0390625
0 0.05859375 0.16796875 0.0390625 0.0390625
0 0.94921875 0.20703125 0.0390625 0.0390625
0 0.078125 0.2265625 0.0390625 0.0390625
0 0.078125 0.23046875 0.0390625 0.0390625
0 0.96484375 0.2578125 0.0390625 0.0390625
0 0.08984375 0.26953125 0.0390625 0.0390625
0 0.09375 0.26953125 0.0390625 0.0390625
0 0.9765625 0.3046875 0.0390625 0.0390625
0 0.98828125 0.34765625 0.0390625 0.0390625
0 0.9921875 0.34765625 0.0390625 0.0390625
0 0.01953125 0.375 0.0390625 0.0390625
0 0.12890625 0.38671875 0.0390625 0.0390625
0 0.03515625 0.41796875 0.0390625 0.0390625
0 0.13671875 0.421875 0.0390625 0.0390625
0 0.140625 0.421875 0.0390625 0.0390625
0 0.23046875 0.4921875 0.0390625 0.0390625
0 0.234375 0.4921875 0.0390625 0.0390625
0 0.1640625 0.50390625 0.0390625 0.0390625
0 0.375 0.5703125 0.0390625 0.0390625
0 0.3359375 0.578125 0.0390625 0.0390625
0 0.3359375 0.58203125 0.0390625 0.0390625
0 0.31640625 0.58984375 0.0390625 0.0390625
0 0.4296875 0.6171875 0.0390625 0.0390625
0 0.43359375 0.6171875 0.0390625 0.0390625
0 0.16796875 0.86328125 0.0390625 0.0390625
0 0.1875 0.91796875 0.0390625 0.0390625
0 0.19921875 0.96875 0.0390625 0.0390625
0 0.95703125 0.97265625 0.0390625 0.0390625
0 0.90234375 0.9921875 0.0390625 0.0390625
