0 0.0078125 0.39453125 0.0390625 0.0390625
0 0.0234375 0.44921875 0.0390625 0.0390625
0 0.0390625 0.5 0.0390625 0.0390625
0 0.52734375 0.5703125 0.0390625 0.0390625
0 0.10546875 0.7265625 0.0390625 0.0390625
0 0.109375 0.7265625 0.0390625 0.0390625
0 0.1171875 0.76171875 0.0390625 0.0390625
0 0.12109375 0.76171875 0.0390625 0.0390625
0 0.1171875 0.765625 0.0390625 0.0390625
0 0.12109375 0.765625 0.0390625 0.0390625
0 0.53515625 0.80078125 0.0390625 0.0390625
0 0.53515625 0.8046875 0.0390625 0.0390625
0 0.74609375 0.8046875 0.0390625 0.0390625
0 0.69140625 0.8203125 0.0390625 0.0390625
0 0.6328125 0.83984375 0.0390625 0.0390625
0 0.63671875 0.83984375 0.0390625 0.0390625
0 0.5546875 0.86328125 0.0390625 0.0390625
0 0.5078125 0.87890625 0.0390625 0.0390625
0 0.2578125 0.88671875 0.0390625 0.0390625
0 0.26171875 0.88671875 0.0390625 0.0390625
0 0.42578125 0.90625 0.0390625 0.0390625
0 0.4296875 0.90625 0.0390625 0.0390625
0 0.94921875 0.9375 0.0390625 0.0390625
0 0.31640625 0.94140625 0.0390625 0.0390625
0 0.31640625 0.9453125 0.0390625 0.0390625
