0 0.02734375 0.01953125 0.0390625 0.0390625
0 0.046875 0.09375 0.0390625 0.0390625
0 0.0625 0.15234375 0.0390625 0.0390625
0 0.109375 0.33203125 0.0390625 0.0390625
0 0.9609375 0.37109375 0.0390625 0.0390625
0 0.96484375 0.37109375 0.0390625 0.0390625
0 0.921875 0.38671875 0.0390625 0.0390625
0 0.875 0.40234375 0.0390625 0.0390625
0 0.875 0.40625 0.0390625 0.0390625
0 0.8203125 0.421875 0.0390625 0.0390625
0 0.765625 0.44140625 0.0390625 0.0390625
0 0.7265625 0.453125 0.0390625 0.0390625
0 0.73046875 0.453125 0.0390625 0.0390625
0 0.68359375 0.46875 0.0390625 0.0390625
0 0.28515625 0.57421875 0.0390625 0.0390625
0 0.3046875 0.703125 0.0390625 0.0390625
0 0.69921875 0.921875 0.0390625 0.0390625
0 0.65234375 0.9453125 0.0390625 0.0390625
0 0.61328125 0.953125 0.0390625 0.0390625
0 0.5625 0.96875 0.0390625 0.0390625
