0 0.0859375 0.015625 0.0390625 0.0390625
0 0.0859375 0.01953125 0.0390625 0.0390625
0 0.56640625 0.06640625 0.0390625 0.0390625
0 0.1015625 0.0703125 0.0390625 0.0390625
0 0.515625 0.07421875 0.0390625 0.0390625
0 0.4765625 0.0859375 0.0390625 0.0390625
0 0.11328125 0.109375 0.0390625 0.0390625
0 0.11328125 0.11328125 0.0390625 0.0390625
0 0.125 0.15625 0.0390625 0.0390625
0 0.14453125 0.19921875 0.0390625 0.0390625
0 0.14453125 0.203125 0.0390625 0.0390625
0 0.16015625 0.25390625 0.0390625 0.0390625
0 0.1796875 0.30859375 0.0390625 0.0390625
0 0.19921875 0.37890625 0.0390625 0.0390625
0 0.21484375 0.421875 0.0390625 0.0390625
0 0.6171875 0.43359375 0.0390625 0.0390625
0 0.62109375 0.43359375 0.0390625 0.0390625
0 0.2265625 0.46875 0.0390625 0.0390625
0 0.62890625 0.48046875 0.0390625 0.0390625
0 0.6328125 0.48046875 0.0390625 0.0390625
0 0.2421875 0.515625 0.0390625 0.0390625
0 0.2421875 0.51953125 0.0390625 0.0390625
0 0.05859375 0.52734375 0.0390625 0.0390625
0 0.65234375 0.5390625 0.0390625 0.0390625
0 0.00390625 0.546875 0.0390625 0.0390625
0 0.25390625 0.5546875 0.0390625 0.0390625
0 0.265625 0.59765625 0.0390625 0.0390625
0 0.265625 0.6015625 0.0390625 0.0390625
0 0.20703125 0.640625 0.0390625 0.0390625
0 0.28125 0.6484375 0.0390625 0.0390625
0 0.796875 0.66796875 0.0390625 0.0390625
0 0.2265625 0.69140625 0.0390625 0.0390625
0 0.296875 0.6953125 0.0390625 0.0390625
0 0.70703125 0.6953125 0.0390625 0.0390625
0 0.625 0.72265625 0.0390625 0.0390625
0 0.23828125 0.73046875 0.0390625 0.0390625
0 0.30859375 0.73046875 0.0390625 0.0390625
0 0.23828125 0.734375 0.0390625 0.0390625
0 0.5625 0.74609375 0.0390625 0.0390625
0 0.5234375 0.7578125 0.0390625 0.0390625
0 0.484375 0.7734375 0.0390625 0.0390625
0 0.4453125 0.78515625 0.0390625 0.0390625
0 0.4453125 0.7890625 0.0390625 0.0390625
0 0.5234375 0.84765625 0.0390625 0.0390625
0 0.15234375 0.98828125 0.0390625 0.0390625
0 0.15234375 0.9921875 0.0390625 0.0390625
