0 0.90625 0.05859375 0.0390625 0.0390625
0 0.90625 0.0625 0.0390625 0.0390625
0 0.7734375 0.10546875 0.0390625 0.0390625
0 0.73046875 0.12109375 0.0390625 0.0390625
0 0.68359375 0.1328125 0.0390625 0.0390625
0 0.68359375 0.13671875 0.0390625 0.0390625
0 0.61328125 0.15625 0.0390625 0.0390625
0 0.62109375 0.15625 0.0390625 0.0390625
0 0.5703125 0.171875 0.0390625 0.0390625
0 0.5703125 0.17578125 0.0390625 0.0390625
0 0.51171875 0.19140625 0.0390625 0.0390625
0 0.515625 0.19140625 0.0390625 0.0390625
0 0.46875 0.2109375 0.0390625 0.0390625
0 0.21484375 0.25390625 0.0390625 0.0390625
0 0.21875 0.25390625 0.0390625 0.0390625
0 0.2265625 0.28515625 0.0390625 0.0390625
0 0.2265625 0.2890625 0.0390625 0.0390625
0 0.18359375 0.30078125 0.0390625 0.0390625
0 0.14453125 0.3125 0.0390625 0.0390625
0 0.1484375 0.3125 0.0390625 0.0390625
0 0.109375 0.32421875 0.0390625 0.0390625
0 0.06640625 0.33984375 0.0390625 0.0390625
0 0.01953125 0.35546875 0.0390625 0.0390625
0 0.97265625 0.515625 0.0390625 0.0390625
0 0.97265625 0.51953125 0.0390625 0.0390625
0 0.9296875 0.53125 0.0390625 0.0390625
0 0.8671875 0.55078125 0.0390625 0.0390625
0 0.8125 0.5703125 0.0390625 0.0390625
0 0.81640625 0.5703125 0.0390625 0.0390625
0 0.76953125 0.58203125 0.0390625 0.0390625
0 0.7265625 0.59765625 0.0390625 0.0390625
0 0.91015625 0.6328125 0.0390625 0.0390625
0 0.86328125 0.64453125 0.0390625 0.0390625
0 0.86328125 0.6484375 0.0390625 0.0390625
0 0.91796875 0.6484375 0.0390625 0.0390625
0 0.921875 0.6484375 0.0390625 0.0390625
0 0.87109375 0.6640625 0.0390625 0.0390625
0 0.875 0.6640625 0.0390625 0.0390625
0 0.921875 0.671875 0.0390625 0.0390625
0 0.48046875 0.67578125 0.0390625 0.0390625
0 0.8828125 0.68359375 0.0390625 0.0390625
0 0.4296875 0.69140625 0.0390625 0.0390625
0 0.43359375 0.69140625 0.0390625 0.0390625
0 0.78515625 0.69140625 0.0390625 0.0390625
0 0.4296875 0.6953125 0.0390625 0.0390625
0 0.43359375 0.6953125 0.0390625 0.0390625
0 0.78515625 0.6953125 0.0390625 0.0390625
0 0.9296875 0.6953125 0.0390625 0.0390625
0 0.88671875 0.70703125 0.0390625 0.0390625
0 0.890625 0.70703125 0.0390625 0.0390625
0 0.88671875 0.7109375 0.0390625 0.0390625
0 0.890625 0.7109375 0.0390625 0.0390625
0 0.37109375 0.71484375 0.0390625 0.0390625
0 0.375 0.71484375 0.0390625 0.0390625
0 0.9375 0.71484375 0.0390625 0.0390625
0 0.33203125 0.7265625 0.0390625 0.0390625
0 0.8984375 0.7265625 0.0390625 0.0390625
0 0.8984375 0.73046875 0.0390625 0.0390625
0 0.28515625 0.7421875 0.0390625 0.0390625
0 0.28515625 0.74609375 0.0390625 0.0390625
0 0.90234375 0.75390625 0.0390625 0.0390625
0 0.95703125 0.75390625 0.0390625 0.0390625
0 0.90234375 0.7578125 0.0390625 0.0390625
0 0.95703125 0.7578125 0.0390625 0.0390625
0 0.91015625 0.7734375 0.0390625 0.0390625
0 0.91015625 0.77734375 0.0390625 0.0390625
0 0.95703125 0.78125 0.0390625 0.0390625
0 0.91796875 0.796875 0.0390625 0.0390625
0 0.88671875 0.9765625 0.0390625 0.0390625
