0 0.8203125 0.31640625 0.0390625 0.0390625
0 0.82421875 0.31640625 0.0390625 0.0390625
0 0.84375 0.31640625 0.0390625 0.0390625
0 0.80078125 0.32421875 0.0390625 0.0390625
0 0.78515625 0.3359375 0.0390625 0.0390625
0 0.76171875 0.33984375 0.0390625 0.0390625
0 0.72265625 0.3515625 0.0390625 0.0390625
0 0.35546875 0.390625 0.0390625 0.0390625
0 0.91015625 0.3984375 0.0390625 0.0390625
0 0.8828125 0.40234375 0.0390625 0.0390625
0 0.88671875 0.40234375 0.0390625 0.0390625
0 0.2734375 0.4140625 0.0390625 0.0390625
0 0.27734375 0.4140625 0.0390625 0.0390625
0 0.84765625 0.4140625 0.0390625 0.0390625
0 0.2734375 0.41796875 0.0390625 0.0390625
0 0.27734375 0.41796875 0.0390625 0.0390625
0 0.2109375 0.4375 0.0390625 0.0390625
0 0.2109375 0.44140625 0.0390625 0.0390625
0 0.765625 0.44140625 0.0390625 0.0390625
0 0.76953125 0.44140625 0.0390625 0.0390625
0 0.7265625 0.4453125 0.0390625 0.0390625
0 0.75 0.4453125 0.0390625 0.0390625
0 0.7265625 0.44921875 0.0390625 0.0390625
0 0.328125 0.4921875 0.0390625 0.0390625
0 0.0390625 0.609375 0.0390625 0.0390625
0 0.140625 0.62109375 0.0390625 0.0390625
0 0.6953125 0.62890625 0.0390625 0.0390625
0 0.046875 0.6328125 0.0390625 0.0390625
0 0.0078125 0.640625 0.0390625 0.0390625
0 0.14453125 0.64453125 0.0390625 0.0390625
0 0.0546875 0.6484375 0.0390625 0.0390625
0 0.01171875 0.6640625 0.0390625 0.0390625
0 0.15234375 0.6640625 0.0390625 0.0390625
0 0.02734375 0.68359375 0.0390625 0.0390625
0 0.02734375 0.6875 0.0390625 0.0390625
0 0.0703125 0.69140625 0.0390625 0.0390625
0 0.15625 0.69140625 0.0390625 0.0390625
0 0.15625 0.6953125 0.0390625 0.0390625
0 0.03125 0.7109375 0.0390625 0.0390625
0 0.16015625 0.71484375 0.0390625 0.0390625
0 0.07421875 0.71875 0.0390625 0.0390625
0 0.03515625 0.73046875 0.0390625 0.0390625
0 0.171875 0.73046875 0.0390625 0.0390625
0 0.1796875 0.75390625 0.0390625 0.0390625
0 0.0390625 0.7578125 0.0390625 0.0390625
0 0.04296875 0.7578125 0.0390625 0.0390625
0 0.1796875 0.7578125 0.0390625 0.0390625
0 0.0546875 0.7734375 0.0390625 0.0390625
0 0.72265625 0.7734375 0.0390625 0.0390625
0 0.0546875 0.77734375 0.0390625 0.0390625
0 0.94140625 0.7890625 0.0390625 0.0390625
0 0.9453125 0.7890625 0.0390625 0.0390625
0 0.87890625 0.796875 0.0390625 0.0390625
0 0.94921875 0.80859375 0.0390625 0.0390625
0 0.83203125 0.8203125 0.0390625 0.0390625
0 0.83203125 0.82421875 0.0390625 0.0390625
0 0.88671875 0.8359375 0.0390625 0.0390625
0 0.8359375 0.8515625 0.0390625 0.0390625
0 0.83984375 0.8515625 0.0390625 0.0390625
0 0.6796875 0.859375 0.0390625 0.0390625
0 0.68359375 0.859375 0.0390625 0.0390625
0 0.6796875 0.86328125 0.0390625 0.0390625
0 0.68359375 0.86328125 0.0390625 0.0390625
0 0.72265625 0.875 0.0390625 0.0390625
