0 0.234375 0.02734375 0.0390625 0.0390625
0 0.23828125 0.0625 0.0390625 0.0390625
0 0.71484375 0.1171875 0.0390625 0.0390625
0 0.71875 0.1171875 0.0390625 0.0390625
0 0.4921875 0.53515625 0.0390625 0.0390625
0 0.5 0.5546875 0.0390625 0.0390625
0 0.9609375 0.65234375 0.0390625 0.0390625
0 0.96484375 0.65234375 0.0390625 0.0390625
0 0.890625 0.6796875 0.0390625 0.0390625
0 0.8203125 0.69921875 0.0390625 0.0390625
0 0.05078125 0.7578125 0.0390625 0.0390625
0 0.07421875 0.77734375 0.0390625 0.0390625
0 0.0078125 0.796875 0.0390625 0.0390625
