0 0.14453125 0.01953125 0.0390625 0.0390625
0 0.21875 0.0390625 0.0390625 0.0390625
0 0.22265625 0.0390625 0.0390625 0.0390625
0 0.91796875 0.296875 0.0390625 0.0390625
0 0.72265625 0.33203125 0.0390625 0.0390625
0 0.73828125 0.359375 0.0390625 0.0390625
0 0.94921875 0.359375 0.0390625 0.0390625
0 0.515625 0.42578125 0.0390625 0.0390625
0 0.3984375 0.46875 0.0390625 0.0390625
0 0.08203125 0.61328125 0.0390625 0.0390625
0 0.1796875 0.61328125 0.0390625 0.0390625
0 0.08203125 0.6171875 0.0390625 0.0390625
0 0.015625 0.63671875 0.0390625 0.0390625
0 0.87109375 0.84765625 0.0390625 0.0390625
