0 0.5655737704918032 0.0390625 0.08196721311475409 0.0390625
0 0.23770491803278687 0.1171875 0.08196721311475409 0.0390625
0 0.2459016393442623 0.1171875 0.08196721311475409 0.0390625
0 0.14754098360655737 0.140625 0.08196721311475409 0.0390625
0 0.1557377049180328 0.140625 0.08196721311475409 0.0390625
0 0.14754098360655737 0.14453125 0.08196721311475409 0.0390625
0 0.1557377049180328 0.14453125 0.08196721311475409 0.0390625
0 0.4672131147540984 0.4609375 0.08196721311475409 0.0390625
0 0.38524590163934425 0.55078125 0.08196721311475409 0.0390625
0 0.4098360655737705 0.59375 0.08196721311475409 0.0390625
0 0.4180327868852459 0.59375 0.08196721311475409 0.0390625
0 0.45901639344262296 0.6484375 0.08196721311475409 0.0390625
0 0.48360655737704916 0.6953125 0.08196721311475409 0.0390625
0 0.6885245901639344 0.7265625 0.08196721311475409 0.0390625
0 0.6885245901639344 0.73046875 0.08196721311475409 0.0390625
0 0.7213114754098361 0.78125 0.08196721311475409 0.0390625
0 0.5491803278688525 0.79296875 0.08196721311475409 0.0390625
0 0.5491803278688525 0.796875 0.08196721311475409 0.0390625
0 0.5491803278688525 0.80078125 0.08196721311475409 0.0390625
0 0.5819672131147541 0.8359375 0.08196721311475409 0.0390625
0 0.5819672131147541 0.83984375 0.08196721311475409 0.0390625
0 0.7950819672131147 0.875 0.08196721311475409 0.0390625
0 0.6557377049180327 0.97265625 0.08196721311475409 0.0390625
