0 0.40625 0.0 0.0390625 0.0390625
0 0.95703125 0.00390625 0.0390625 0.0390625
0 0.37890625 0.0078125 0.0390625 0.0390625
0 0.7109375 0.0078125 0.0390625 0.0390625
0 0.73046875 0.01171875 0.0390625 0.0390625
0 0.734375 0.01171875 0.0390625 0.0390625
0 0.08984375 0.015625 0.0390625 0.0390625
0 0.671875 0.0234375 0.0390625 0.0390625
0 0.6953125 0.0234375 0.0390625 0.0390625
0 0.671875 0.02734375 0.0390625 0.0390625
0 0.60546875 0.046875 0.0390625 0.0390625
0 0.1171875 0.0546875 0.0390625 0.0390625
0 0.5625 0.05859375 0.0390625 0.0390625
0 0.7734375 0.05859375 0.0390625 0.0390625
0 0.546875 0.06640625 0.0390625 0.0390625
0 0.5234375 0.0703125 0.0390625 0.0390625
0 0.5 0.07421875 0.0390625 0.0390625
0 0.734375 0.07421875 0.0390625 0.0390625
0 0.48046875 0.08203125 0.0390625 0.0390625
0 0.484375 0.08203125 0.0390625 0.0390625
0 0.4609375 0.08984375 0.0390625 0.0390625
0 0.46484375 0.08984375 0.0390625 0.0390625
0 0.67578125 0.09375 0.0390625 0.0390625
0 0.23828125 0.09765625 0.0390625 0.0390625
0 0.2421875 0.09765625 0.0390625 0.0390625
0 0.41796875 0.09765625 0.0390625 0.0390625
0 0.94921875 0.09765625 0.0390625 0.0390625
0 0.61328125 0.109375 0.0390625 0.0390625
0 0.55078125 0.1328125 0.0390625 0.0390625
0 0.29296875 0.13671875 0.0390625 0.0390625
0 0.50390625 0.14453125 0.0390625 0.0390625
0 0.5078125 0.14453125 0.0390625 0.0390625
0 0.46484375 0.15625 0.0390625 0.0390625
0 0.34765625 0.28125 0.0390625 0.0390625
0 0.9453125 0.60546875 0.0390625 0.0390625
0 0.890625 0.62109375 0.0390625 0.0390625
0 0.890625 0.625 0.0390625 0.0390625
0 0.80859375 0.64453125 0.0390625 0.0390625
0 0.8125 0.64453125 0.0390625 0.0390625
0 0.80859375 0.6484375 0.0390625 0.0390625
0 0.8125 0.6484375 0.0390625 0.0390625
0 0.76171875 0.6640625 0.0390625 0.0390625
0 0.76171875 0.66796875 0.0390625 0.0390625
0 0.65234375 0.69921875 0.0390625 0.0390625
