0 0.453125 0.08203125 0.0390625 0.0390625
0 0.4609375 0.12109375 0.0390625 0.0390625
0 0.46484375 0.12109375 0.0390625 0.0390625
0 0.47265625 0.1484375 0.0390625 0.0390625
0 0.484375 0.1875 0.0390625 0.0390625
0 0.4921875 0.2109375 0.0390625 0.0390625
0 0.55859375 0.30859375 0.0390625 0.0390625
0 0.8359375 0.32421875 0.0390625 0.0390625
0 0.78515625 0.33984375 0.0390625 0.0390625
0 0.78515625 0.34375 0.0390625 0.0390625
0 0.73828125 0.35546875 0.0390625 0.0390625
0 0.7421875 0.35546875 0.0390625 0.0390625
0 0.73828125 0.359375 0.0390625 0.0390625
0 0.7421875 0.359375 0.0390625 0.0390625
0 0.05859375 0.89453125 0.0390625 0.0390625
0 0.0703125 0.94140625 0.0390625 0.0390625
