0 0.92578125 0.0 0.0390625 0.0390625
0 0.9296875 0.0 0.0390625 0.0390625
0 0.92578125 0.00390625 0.0390625 0.0390625
0 0.9296875 0.00390625 0.0390625 0.0390625
0 0.8046875 0.01171875 0.0390625 0.0390625
0 0.20703125 0.015625 0.0390625 0.0390625
0 0.8125 0.03125 0.0390625 0.0390625
0 0.13671875 0.0390625 0.0390625 0.0390625
0 0.08984375 0.0546875 0.0390625 0.0390625
0 0.09375 0.0546875 0.0390625 0.0390625
0 0.87890625 0.078125 0.0390625 0.0390625
0 0.8828125 0.078125 0.0390625 0.0390625
0 0.91015625 0.1796875 0.0390625 0.0390625
0 0.92578125 0.22265625 0.0390625 0.0390625
0 0.91015625 0.26953125 0.0390625 0.0390625
0 0.96484375 0.390625 0.0390625 0.0390625
0 0.421875 0.453125 0.0390625 0.0390625
0 0.53125 0.51171875 0.0390625 0.0390625
0 0.21484375 0.5234375 0.0390625 0.0390625
0 0.4765625 0.52734375 0.0390625 0.0390625
0 0.4765625 0.53125 0.0390625 0.0390625
0 0.16796875 0.53515625 0.0390625 0.0390625
0 0.421875 0.54296875 0.0390625 0.0390625
0 0.109375 0.5546875 0.0390625 0.0390625
0 0.37890625 0.55859375 0.0390625 0.0390625
0 0.30078125 0.58203125 0.0390625 0.0390625
0 0.3046875 0.58203125 0.0390625 0.0390625
0 0.74609375 0.98046875 0.0390625 0.0390625
