0 0.21484375 0.01953125 0.0390625 0.0390625
0 0.21875 0.01953125 0.0390625 0.0390625
0 0.23828125 0.01953125 0.0390625 0.0390625
0 0.2421875 0.01953125 0.0390625 0.0390625
0 0.21484375 0.0234375 0.0390625 0.0390625
0 0.21875 0.0234375 0.0390625 0.0390625
0 0.78125 0.03125 0.0390625 0.0390625
0 0.78515625 0.03125 0.0390625 0.0390625
0 0.73828125 0.04296875 0.0390625 0.0390625
0 0.6875 0.05859375 0.0390625 0.0390625
0 0.23828125 0.07421875 0.0390625 0.0390625
0 0.6484375 0.07421875 0.0390625 0.0390625
0 0.8828125 0.078125 0.0390625 0.0390625
0 0.76171875 0.11328125 0.0390625 0.0390625
0 0.76171875 0.1171875 0.0390625 0.0390625
0 0.70703125 0.13671875 0.0390625 0.0390625
0 0.46484375 0.28515625 0.0390625 0.0390625
0 0.484375 0.33203125 0.0390625 0.0390625
0 0.69921875 0.36328125 0.0390625 0.0390625
0 0.5078125 0.390625 0.0390625 0.0390625
0 0.6171875 0.390625 0.0390625 0.0390625
0 0.515625 0.44140625 0.0390625 0.0390625
0 0.7265625 0.44140625 0.0390625 0.0390625
0 0.41796875 0.4453125 0.0390625 0.0390625
0 0.515625 0.4453125 0.0390625 0.0390625
0 0.41796875 0.44921875 0.0390625 0.0390625
0 0.59765625 0.4609375 0.0390625 0.0390625
0 0.53515625 0.4765625 0.0390625 0.0390625
0 0.53515625 0.48046875 0.0390625 0.0390625
0 0.734375 0.48046875 0.0390625 0.0390625
0 0.6171875 0.4921875 0.0390625 0.0390625
0 0.62109375 0.4921875 0.0390625 0.0390625
0 0.625 0.515625 0.0390625 0.0390625
0 0.66015625 0.5234375 0.0390625 0.0390625
0 0.6640625 0.546875 0.0390625 0.0390625
0 0.62890625 0.55859375 0.0390625 0.0390625
0 0.67578125 0.5625 0.0390625 0.0390625
0 0.6796875 0.5625 0.0390625 0.0390625
0 0.75390625 0.5625 0.0390625 0.0390625
0 0.67578125 0.56640625 0.0390625 0.0390625
0 0.6796875 0.56640625 0.0390625 0.0390625
0 0.55859375 0.59765625 0.0390625 0.0390625
0 0.5625 0.59765625 0.0390625 0.0390625
0 0.5703125 0.61328125 0.0390625 0.0390625
0 0.57421875 0.61328125 0.0390625 0.0390625
0 0.89453125 0.62109375 0.0390625 0.0390625
0 0.8984375 0.62109375 0.0390625 0.0390625
0 0.89453125 0.625 0.0390625 0.0390625
0 0.8984375 0.625 0.0390625 0.0390625
0 0.875 0.62890625 0.0390625 0.0390625
0 0.87890625 0.62890625 0.0390625 0.0390625
0 0.875 0.6328125 0.0390625 0.0390625
0 0.87890625 0.6328125 0.0390625 0.0390625
0 0.76953125 0.640625 0.0390625 0.0390625
0 0.828125 0.6484375 0.0390625 0.0390625
0 0.83203125 0.6484375 0.0390625 0.0390625
0 0.85546875 0.6484375 0.0390625 0.0390625
0 0.73046875 0.65234375 0.0390625 0.0390625
0 0.6640625 0.67578125 0.0390625 0.0390625
0 0.6640625 0.6796875 0.0390625 0.0390625
0 0.67578125 0.6953125 0.0390625 0.0390625
0 0.4296875 0.70703125 0.0390625 0.0390625
0 0.69140625 0.7109375 0.0390625 0.0390625
0 0.73046875 0.71875 0.0390625 0.0390625
0 0.734375 0.71875 0.0390625 0.0390625
0 0.6015625 0.7265625 0.0390625 0.0390625
0 0.60546875 0.7265625 0.0390625 0.0390625
0 0.6953125 0.734375 0.0390625 0.0390625
0 0.74609375 0.734375 0.0390625 0.0390625
0 0.609375 0.74609375 0.0390625 0.0390625
0 0.75390625 0.75 0.0390625 0.0390625
0 0.75390625 0.75390625 0.0390625 0.0390625
0 0.62109375 0.765625 0.0390625 0.0390625
0 0.70703125 0.765625 0.0390625 0.0390625
0 0.76171875 0.7734375 0.0390625 0.0390625
0 0.71484375 0.78515625 0.0390625 0.0390625
0 0.6328125 0.7890625 0.0390625 0.0390625
0 0.765625 0.79296875 0.0390625 0.0390625
0 0.76953125 0.79296875 0.0390625 0.0390625
0 0.4609375 0.80078125 0.0390625 0.0390625
0 0.72265625 0.8046875 0.0390625 0.0390625
0 0.7265625 0.8046875 0.0390625 0.0390625
0 0.6328125 0.80859375 0.0390625 0.0390625
0 0.72265625 0.80859375 0.0390625 0.0390625
0 0.7265625 0.80859375 0.0390625 0.0390625
0 0.6328125 0.8125 0.0390625 0.0390625
0 0.984375 0.81640625 0.0390625 0.0390625
0 0.73046875 0.82421875 0.0390625 0.0390625
0 0.63671875 0.828125 0.0390625 0.0390625
0 0.640625 0.828125 0.0390625 0.0390625
0 0.484375 0.84375 0.0390625 0.0390625
0 0.73046875 0.84765625 0.0390625 0.0390625
0 0.734375 0.84765625 0.0390625 0.0390625
0 0.640625 0.859375 0.0390625 0.0390625
0 0.97265625 0.86328125 0.0390625 0.0390625
0 0.953125 0.87109375 0.0390625 0.0390625
0 0.48828125 0.8828125 0.0390625 0.0390625
0 0.73828125 0.88671875 0.0390625 0.0390625
0 0.7890625 0.890625 0.0390625 0.0390625
0 0.79296875 0.890625 0.0390625 0.0390625
0 0.65625 0.89453125 0.0390625 0.0390625
0 0.74609375 0.90625 0.0390625 0.0390625
0 0.75 0.90625 0.0390625 0.0390625
0 0.80078125 0.91015625 0.0390625 0.0390625
0 0.8046875 0.91015625 0.0390625 0.0390625
0 0.66015625 0.91796875 0.0390625 0.0390625
0 0.75 0.92578125 0.0390625 0.0390625
0 0.80859375 0.9296875 0.0390625 0.0390625
0 0.66796875 0.93359375 0.0390625 0.0390625
0 0.66796875 0.9375 0.0390625 0.0390625
0 0.8125 0.94921875 0.0390625 0.0390625
0 0.98046875 0.95703125 0.0390625 0.0390625
0 0.6796875 0.9609375 0.0390625 0.0390625
0 0.76953125 0.9609375 0.0390625 0.0390625
0 0.953125 0.96484375 0.0390625 0.0390625
0 0.81640625 0.96875 0.0390625 0.0390625
0 0.8203125 0.96875 0.0390625 0.0390625
0 0.9296875 0.97265625 0.0390625 0.0390625
0 0.6875 0.98046875 0.0390625 0.0390625
0 0.77734375 0.984375 0.0390625 0.0390625
0 0.828125 0.98828125 0.0390625 0.0390625
