0 0.890625 0.08203125 0.0390625 0.0390625
0 0.83984375 0.10546875 0.0390625 0.0390625
0 0.23046875 0.125 0.0390625 0.0390625
0 0.9296875 0.1953125 0.0390625 0.0390625
0 0.94140625 0.2421875 0.0390625 0.0390625
0 0.94921875 0.26171875 0.0390625 0.0390625
0 0.29296875 0.328125 0.0390625 0.0390625
0 0.9609375 0.37109375 0.0390625 0.0390625
0 0.828125 0.375 0.0390625 0.0390625
0 0.30859375 0.37890625 0.0390625 0.0390625
0 0.828125 0.37890625 0.0390625 0.0390625
0 0.97265625 0.390625 0.0390625 0.0390625
0 0.9765625 0.390625 0.0390625 0.0390625
0 0.984375 0.41796875 0.0390625 0.0390625
0 0.53125 0.421875 0.0390625 0.0390625
0 0.98828125 0.4375 0.0390625 0.0390625
0 0.84375 0.4609375 0.0390625 0.0390625
0 0.99609375 0.4609375 0.0390625 0.0390625
0 0.8515625 0.484375 0.0390625 0.0390625
0 0.34375 0.50390625 0.0390625 0.0390625
0 0.86328125 0.50390625 0.0390625 0.0390625
0 0.7109375 0.51171875 0.0390625 0.0390625
0 0.87109375 0.5234375 0.0390625 0.0390625
0 0.875 0.546875 0.0390625 0.0390625
0 0.359375 0.5546875 0.0390625 0.0390625
0 0.87890625 0.56640625 0.0390625 0.0390625
0 0.8828125 0.56640625 0.0390625 0.0390625
0 0.88671875 0.58984375 0.0390625 0.0390625
0 0.375 0.59765625 0.0390625 0.0390625
0 0.8984375 0.609375 0.0390625 0.0390625
0 0.8984375 0.61328125 0.0390625 0.0390625
0 0.8515625 0.62109375 0.0390625 0.0390625
0 0.8515625 0.625 0.0390625 0.0390625
0 0.38671875 0.63671875 0.0390625 0.0390625
0 0.390625 0.63671875 0.0390625 0.0390625
0 0.609375 0.63671875 0.0390625 0.0390625
0 0.703125 0.65234375 0.0390625 0.0390625
0 0.70703125 0.65234375 0.0390625 0.0390625
0 0.72265625 0.68359375 0.0390625 0.0390625
0 0.0234375 0.71484375 0.0390625 0.0390625
0 0.02734375 0.71484375 0.0390625 0.0390625
0 0.6328125 0.73828125 0.0390625 0.0390625
0 0.64453125 0.7578125 0.0390625 0.0390625
0 0.88671875 0.7734375 0.0390625 0.0390625
0 0.046875 0.80078125 0.0390625 0.0390625
0 0.05078125 0.80078125 0.0390625 0.0390625
0 0.0625 0.83984375 0.0390625 0.0390625
0 0.06640625 0.83984375 0.0390625 0.0390625
0 0.0625 0.84375 0.0390625 0.0390625
0 0.06640625 0.84375 0.0390625 0.0390625
0 0.015625 0.8515625 0.0390625 0.0390625
0 0.75 0.875 0.0390625 0.0390625
0 0.75 0.87890625 0.0390625 0.0390625
0 0.046875 0.9375 0.0390625 0.0390625
0 0.0234375 0.9453125 0.0390625 0.0390625
0 0.0 0.94921875 0.0390625 0.0390625
