0 0.51953125 0.1015625 0.0390625 0.0390625
0 0.48828125 0.11328125 0.0390625 0.0390625
0 0.48828125 0.1171875 0.0390625 0.0390625
0 0.97265625 0.16015625 0.0390625 0.0390625
0 0.9765625 0.16015625 0.0390625 0.0390625
0 0.97265625 0.1640625 0.0390625 0.0390625
0 0.9765625 0.1640625 0.0390625 0.0390625
0 0.98828125 0.1875 0.0390625 0.0390625
0 0.51953125 0.21875 0.0390625 0.0390625
0 0.546875 0.30859375 0.0390625 0.0390625
0 0.55078125 0.30859375 0.0390625 0.0390625
0 0.65234375 0.359375 0.0390625 0.0390625
0 0.6640625 0.40625 0.0390625 0.0390625
0 0.67578125 0.44921875 0.0390625 0.0390625
0 0.6875 0.49609375 0.0390625 0.0390625
0 0.703125 0.5390625 0.0390625 0.0390625
0 0.01953125 0.74609375 0.0390625 0.0390625
0 0.03125 0.7890625 0.0390625 0.0390625
0 0.03515625 0.7890625 0.0390625 0.0390625
0 0.796875 0.8359375 0.0390625 0.0390625
0 0.80078125 0.8359375 0.0390625 0.0390625
0 0.05078125 0.83984375 0.0390625 0.0390625
0 0.02734375 0.85546875 0.0390625 0.0390625
0 0.02734375 0.859375 0.0390625 0.0390625
0 0.72265625 0.875 0.0390625 0.0390625
0 0.8046875 0.875 0.0390625 0.0390625
0 0.80859375 0.875 0.0390625 0.0390625
0 0.8046875 0.87890625 0.0390625 0.0390625
0 0.80859375 0.87890625 0.0390625 0.0390625
0 0.06640625 0.8984375 0.0390625 0.0390625
0 0.66796875 0.8984375 0.0390625 0.0390625
0 0.66796875 0.90234375 0.0390625 0.0390625
0 0.64453125 0.90625 0.0390625 0.0390625
0 0.60546875 0.9140625 0.0390625 0.0390625
0 0.625 0.9140625 0.0390625 0.0390625
0 0.73046875 0.9140625 0.0390625 0.0390625
0 0.03125 0.96484375 0.0390625 0.0390625
0 0.0859375 0.96875 0.0390625 0.0390625
0 0.78515625 0.96875 0.0390625 0.0390625
0 0.65234375 0.99609375 0.0390625 0.0390625
