0 0.484375 0.09375 0.0390625 0.0390625
0 0.49609375 0.1328125 0.0390625 0.0390625
0 0.5 0.1328125 0.0390625 0.0390625
0 0.51171875 0.1796875 0.0390625 0.0390625
0 0.5234375 0.21875 0.0390625 0.0390625
0 0.5234375 0.22265625 0.0390625 0.0390625
0 0.02734375 0.23046875 0.0390625 0.0390625
0 0.03125 0.23046875 0.0390625 0.0390625
0 0.53515625 0.2578125 0.0390625 0.0390625
0 0.53515625 0.26171875 0.0390625 0.0390625
0 0.546875 0.30859375 0.0390625 0.0390625
0 0.2421875 0.32421875 0.0390625 0.0390625
0 0.24609375 0.32421875 0.0390625 0.0390625
0 0.56640625 0.3671875 0.0390625 0.0390625
0 0.58203125 0.4140625 0.0390625 0.0390625
0 0.59765625 0.46484375 0.0390625 0.0390625
0 0.81640625 0.76953125 0.0390625 0.0390625
0 0.79296875 0.78125 0.0390625 0.0390625
0 0.796875 0.78125 0.0390625 0.0390625
