0 0.3125 0.046875 0.0390625 0.0390625
0 0.3125 0.05078125 0.0390625 0.0390625
0 0.32421875 0.09375 0.0390625 0.0390625
0 0.3359375 0.1328125 0.0390625 0.0390625
0 0.36328125 0.22265625 0.0390625 0.0390625
0 0.3828125 0.28515625 0.0390625 0.0390625
0 0.3984375 0.328125 0.0390625 0.0390625
0 0.41015625 0.3671875 0.0390625 0.0390625
0 0.421875 0.4140625 0.0390625 0.0390625
0 0.4375 0.46484375 0.0390625 0.0390625
0 0.44140625 0.46484375 0.0390625 0.0390625
0 0.46875 0.5625 0.0390625 0.0390625
0 0.47265625 0.5625 0.0390625 0.0390625
0 0.9375 0.5703125 0.0390625 0.0390625
0 0.94140625 0.5703125 0.0390625 0.0390625
0 0.09375 0.62890625 0.0390625 0.0390625
0 0.50390625 0.671875 0.0390625 0.0390625
0 0.0703125 0.70703125 0.0390625 0.0390625
0 0.5859375 0.765625 0.0390625 0.0390625
0 0.58984375 0.765625 0.0390625 0.0390625
0 0.140625 0.7734375 0.0390625 0.0390625
0 0.14453125 0.7734375 0.0390625 0.0390625
0 0.1015625 0.82421875 0.0390625 0.0390625
0 0.0859375 0.86328125 0.0390625 0.0390625
0 0.0859375 0.8671875 0.0390625 0.0390625
0 0.95703125 0.94140625 0.0390625 0.0390625
