0 0.73828125 0.07421875 0.0390625 0.0390625
0 0.6953125 0.078125 0.0390625 0.0390625
0 0.99609375 0.671875 0.0390625 0.0390625
0 0.67578125 0.6953125 0.0390625 0.0390625
0 0.84375 0.71875 0.0390625 0.0390625
0 0.91015625 0.75390625 0.0390625 0.0390625
0 0.97265625 0.7578125 0.0390625 0.0390625
0 0.9765625 0.7578125 0.0390625 0.0390625
0 0.890625 0.78515625 0.0390625 0.0390625
0 0.89453125 0.78515625 0.0390625 0.0390625
0 0.82421875 0.8046875 0.0390625 0.0390625
0 0.82421875 0.80859375 0.0390625 0.0390625
0 0.5703125 0.8828125 0.0390625 0.0390625
0 0.27734375 0.88671875 0.0390625 0.0390625
0 0.27734375 0.890625 0.0390625 0.0390625
0 0.1640625 0.97265625 0.0390625 0.0390625
