0 0.296875 0.04296875 0.0390625 0.0390625
0 0.49609375 0.0546875 0.0390625 0.0390625
0 0.5 0.0546875 0.0390625 0.0390625
0 0.0234375 0.1015625 0.0390625 0.0390625
0 0.1015625 0.109375 0.0390625 0.0390625
0 0.47265625 0.1484375 0.0390625 0.0390625
0 0.4765625 0.1484375 0.0390625 0.0390625
0 0.58203125 0.2578125 0.0390625 0.0390625
0 0.51953125 0.2890625 0.0390625 0.0390625
0 0.59765625 0.296875 0.0390625 0.0390625
0 0.53515625 0.3359375 0.0390625 0.0390625
0 0.61328125 0.34765625 0.0390625 0.0390625
0 0.625 0.390625 0.0390625 0.0390625
0 0.62890625 0.390625 0.0390625 0.0390625
0 0.5546875 0.3984375 0.0390625 0.0390625
0 0.16015625 0.42578125 0.0390625 0.0390625
0 0.64453125 0.4453125 0.0390625 0.0390625
0 0.57421875 0.4609375 0.0390625 0.0390625
0 0.171875 0.4765625 0.0390625 0.0390625
0 0.65625 0.48828125 0.0390625 0.0390625
0 0.5859375 0.5078125 0.0390625 0.0390625
0 0.5859375 0.51171875 0.0390625 0.0390625
0 0.1796875 0.53125 0.0390625 0.0390625
0 0.671875 0.53125 0.0390625 0.0390625
0 0.671875 0.53515625 0.0390625 0.0390625
0 0.59765625 0.5546875 0.0390625 0.0390625
0 0.6015625 0.5546875 0.0390625 0.0390625
0 0.59765625 0.55859375 0.0390625 0.0390625
0 0.6015625 0.55859375 0.0390625 0.0390625
0 0.16015625 0.5703125 0.0390625 0.0390625
0 0.6171875 0.6015625 0.0390625 0.0390625
0 0.6171875 0.60546875 0.0390625 0.0390625
0 0.1484375 0.61328125 0.0390625 0.0390625
0 0.1484375 0.6171875 0.0390625 0.0390625
0 0.1875 0.625 0.0390625 0.0390625
0 0.1875 0.62890625 0.0390625 0.0390625
0 0.203125 0.640625 0.0390625 0.0390625
0 0.203125 0.64453125 0.0390625 0.0390625
0 0.62890625 0.64453125 0.0390625 0.0390625
0 0.70703125 0.65625 0.0390625 0.0390625
0 0.7109375 0.65625 0.0390625 0.0390625
0 0.22265625 0.66015625 0.0390625 0.0390625
0 0.23046875 0.6796875 0.0390625 0.0390625
0 0.640625 0.6875 0.0390625 0.0390625
0 0.640625 0.69140625 0.0390625 0.0390625
0 0.71875 0.69140625 0.0390625 0.0390625
0 0.23828125 0.69921875 0.0390625 0.0390625
0 0.23828125 0.703125 0.0390625 0.0390625
0 0.2421875 0.71875 0.0390625 0.0390625
0 0.2578125 0.74609375 0.0390625 0.0390625
0 0.2578125 0.75 0.0390625 0.0390625
0 0.66796875 0.79296875 0.0390625 0.0390625
0 0.35546875 0.796875 0.0390625 0.0390625
0 0.36328125 0.82421875 0.0390625 0.0390625
0 0.96484375 0.94140625 0.0390625 0.0390625
0 0.77734375 0.94921875 0.0390625 0.0390625
0 0.78125 0.94921875 0.0390625 0.0390625
0 0.921875 0.95703125 0.0390625 0.0390625
0 0.921875 0.9609375 0.0390625 0.0390625
0 0.8828125 0.96875 0.0390625 0.0390625
0 0.8828125 0.97265625 0.0390625 0.0390625
