0 0.4453125 0.01953125 0.0390625 0.0390625
0 0.5859375 0.01953125 0.0390625 0.0390625
0 0.25390625 0.0234375 0.0390625 0.0390625
0 0.4453125 0.0234375 0.0390625 0.0390625
0 0.4921875 0.02734375 0.0390625 0.0390625
0 0.49609375 0.02734375 0.0390625 0.0390625
0 0.36328125 0.04296875 0.0390625 0.0390625
0 0.453125 0.04296875 0.0390625 0.0390625
0 0.36328125 0.046875 0.0390625 0.0390625
0 0.4609375 0.0625 0.0390625 0.0390625
0 0.5078125 0.06640625 0.0390625 0.0390625
0 0.5078125 0.0703125 0.0390625 0.0390625
0 0.6015625 0.0703125 0.0390625 0.0390625
0 0.46875 0.08203125 0.0390625 0.0390625
0 0.47265625 0.08203125 0.0390625 0.0390625
0 0.515625 0.08984375 0.0390625 0.0390625
0 0.51953125 0.08984375 0.0390625 0.0390625
0 0.3828125 0.10546875 0.0390625 0.0390625
0 0.5234375 0.109375 0.0390625 0.0390625
0 0.5234375 0.11328125 0.0390625 0.0390625
0 0.48046875 0.12109375 0.0390625 0.0390625
0 0.48046875 0.125 0.0390625 0.0390625
0 0.38671875 0.12890625 0.0390625 0.0390625
0 0.390625 0.12890625 0.0390625 0.0390625
0 0.62109375 0.15625 0.0390625 0.0390625
0 0.625 0.15625 0.0390625 0.0390625
0 0.40625 0.16796875 0.0390625 0.0390625
0 0.5390625 0.171875 0.0390625 0.0390625
0 0.54296875 0.171875 0.0390625 0.0390625
0 0.5390625 0.17578125 0.0390625 0.0390625
0 0.54296875 0.17578125 0.0390625 0.0390625
0 0.5078125 0.1796875 0.0390625 0.0390625
0 0.5078125 0.18359375 0.0390625 0.0390625
0 0.41015625 0.19140625 0.0390625 0.0390625
0 0.64453125 0.19140625 0.0390625 0.0390625
0 0.55078125 0.1953125 0.0390625 0.0390625
0 0.55078125 0.19921875 0.0390625 0.0390625
0 0.515625 0.20703125 0.0390625 0.0390625
0 0.4140625 0.21484375 0.0390625 0.0390625
0 0.65234375 0.21484375 0.0390625 0.0390625
0 0.42578125 0.234375 0.0390625 0.0390625
0 0.5703125 0.23828125 0.0390625 0.0390625
0 0.4296875 0.25390625 0.0390625 0.0390625
0 0.43359375 0.25390625 0.0390625 0.0390625
0 0.57421875 0.26171875 0.0390625 0.0390625
0 0.44140625 0.2734375 0.0390625 0.0390625
0 0.453125 0.3203125 0.0390625 0.0390625
0 0.765625 0.35546875 0.0390625 0.0390625
0 0.859375 0.421875 0.0390625 0.0390625
0 0.87109375 0.46484375 0.0390625 0.0390625
0 0.88671875 0.515625 0.0390625 0.0390625
0 0.76953125 0.55078125 0.0390625 0.0390625
0 0.94921875 0.58984375 0.0390625 0.0390625
0 0.95703125 0.61328125 0.0390625 0.0390625
0 0.9609375 0.63671875 0.0390625 0.0390625
0 0.96484375 0.63671875 0.0390625 0.0390625
0 0.96875 0.65234375 0.0390625 0.0390625
0 0.9765625 0.67578125 0.0390625 0.0390625
0 0.984375 0.6953125 0.0390625 0.0390625
0 0.8125 0.70703125 0.0390625 0.0390625
0 0.98828125 0.72265625 0.0390625 0.0390625
0 0.0625 0.77734375 0.0390625 0.0390625
0 0.0078125 0.796875 0.0390625 0.0390625
