0 0.0390625 0.53515625 0.0390625 0.0390625
0 0.04296875 0.53515625 0.0390625 0.0390625
0 0.0546875 0.5546875 0.0390625 0.0390625
0 0.0546875 0.57421875 0.0390625 0.0390625
0 0.0625 0.59765625 0.0390625 0.0390625
0 0.07421875 0.61328125 0.0390625 0.0390625
0 0.078125 0.640625 0.0390625 0.0390625
0 0.08984375 0.67578125 0.0390625 0.0390625
0 0.09375 0.67578125 0.0390625 0.0390625
0 0.5390625 0.796875 0.0390625 0.0390625
0 0.515625 0.80078125 0.0390625 0.0390625
0 0.515625 0.8046875 0.0390625 0.0390625
0 0.45703125 0.8203125 0.0390625 0.0390625
0 0.37109375 0.84765625 0.0390625 0.0390625
0 0.58203125 0.8515625 0.0390625 0.0390625
0 0.58203125 0.85546875 0.0390625 0.0390625
0 0.33203125 0.8671875 0.0390625 0.0390625
0 0.265625 0.87109375 0.0390625 0.0390625
0 0.265625 0.875 0.0390625 0.0390625
0 0.24609375 0.890625 0.0390625 0.0390625
0 0.4921875 0.890625 0.0390625 0.0390625
0 0.49609375 0.91015625 0.0390625 0.0390625
0 0.49609375 0.9140625 0.0390625 0.0390625
0 0.10546875 0.9375 0.0390625 0.0390625
0 0.33203125 0.94140625 0.0390625 0.0390625
0 0.21875 0.94921875 0.0390625 0.0390625
0 0.22265625 0.94921875 0.0390625 0.0390625
0 0.51171875 0.94921875 0.0390625 0.0390625
0 0.60546875 0.96484375 0.0390625 0.0390625
0 0.33984375 0.98046875 0.0390625 0.0390625
0 0.33984375 0.984375 0.0390625 0.0390625
0 0.4765625 0.984375 0.0390625 0.0390625
0 0.2421875 0.98828125 0.0390625 0.0390625
0 0.24609375 0.98828125 0.0390625 0.0390625
0 0.23828125 0.9921875 0.0390625 0.0390625
0 0.23828125 0.99609375 0.0390625 0.0390625
