0 0.65234375 0.0 0.0390625 0.0390625
0 0.62890625 0.00390625 0.0390625 0.0390625
0 0.61328125 0.0078125 0.0390625 0.0390625
0 0.07421875 0.01171875 0.0390625 0.0390625
0 0.1015625 0.01171875 0.0390625 0.0390625
0 0.61328125 0.01171875 0.0390625 0.0390625
0 0.5546875 0.03125 0.0390625 0.0390625
0 0.57421875 0.03125 0.0390625 0.0390625
0 0.6796875 0.03125 0.0390625 0.0390625
0 0.765625 0.03515625 0.0390625 0.0390625
0 0.64453125 0.0390625 0.0390625 0.0390625
0 0.6640625 0.0390625 0.0390625 0.0390625
0 0.53515625 0.04296875 0.0390625 0.0390625
0 0.859375 0.046875 0.0390625 0.0390625
0 0.62109375 0.05078125 0.0390625 0.0390625
0 0.625 0.05078125 0.0390625 0.0390625
0 0.4765625 0.05859375 0.0390625 0.0390625
0 0.1171875 0.0625 0.0390625 0.0390625
0 0.5859375 0.0703125 0.0390625 0.0390625
0 0.77734375 0.07421875 0.0390625 0.0390625
0 0.546875 0.078125 0.0390625 0.0390625
0 0.546875 0.08203125 0.0390625 0.0390625
0 0.52734375 0.0859375 0.0390625 0.0390625
0 0.10546875 0.10546875 0.0390625 0.0390625
0 0.12890625 0.10546875 0.0390625 0.0390625
0 0.046875 0.125 0.0390625 0.0390625
0 0.69140625 0.1328125 0.0390625 0.0390625
0 0.6328125 0.14453125 0.0390625 0.0390625
0 0.65625 0.14453125 0.0390625 0.0390625
0 0.6328125 0.1484375 0.0390625 0.0390625
0 0.609375 0.15234375 0.0390625 0.0390625
0 0.61328125 0.15234375 0.0390625 0.0390625
0 0.78515625 0.15234375 0.0390625 0.0390625
0 0.59375 0.1640625 0.0390625 0.0390625
0 0.1484375 0.171875 0.0390625 0.0390625
0 0.5703125 0.171875 0.0390625 0.0390625
0 0.57421875 0.171875 0.0390625 0.0390625
0 0.5546875 0.17578125 0.0390625 0.0390625
0 0.53515625 0.1796875 0.0390625 0.0390625
0 0.8984375 0.1796875 0.0390625 0.0390625
0 0.8984375 0.18359375 0.0390625 0.0390625
0 0.90234375 0.18359375 0.0390625 0.0390625
0 0.8984375 0.1875 0.0390625 0.0390625
0 0.90234375 0.1875 0.0390625 0.0390625
0 0.8203125 0.21484375 0.0390625 0.0390625
0 0.13671875 0.21875 0.0390625 0.0390625
0 0.8203125 0.21875 0.0390625 0.0390625
0 0.91015625 0.22265625 0.0390625 0.0390625
0 0.16796875 0.23046875 0.0390625 0.0390625
0 0.16796875 0.234375 0.0390625 0.0390625
0 0.9140625 0.234375 0.0390625 0.0390625
0 0.83203125 0.265625 0.0390625 0.0390625
0 0.921875 0.26953125 0.0390625 0.0390625
0 0.921875 0.2734375 0.0390625 0.0390625
0 0.92578125 0.2734375 0.0390625 0.0390625
0 0.84375 0.3046875 0.0390625 0.0390625
0 0.84765625 0.3046875 0.0390625 0.0390625
0 0.1484375 0.30859375 0.0390625 0.0390625
0 0.859375 0.35546875 0.0390625 0.0390625
0 0.2109375 0.3828125 0.0390625 0.0390625
0 0.21484375 0.3828125 0.0390625 0.0390625
0 0.2109375 0.38671875 0.0390625 0.0390625
0 0.21484375 0.38671875 0.0390625 0.0390625
0 0.23046875 0.4375 0.0390625 0.0390625
0 0.234375 0.4375 0.0390625 0.0390625
0 0.23046875 0.44140625 0.0390625 0.0390625
0 0.234375 0.44140625 0.0390625 0.0390625
0 0.24609375 0.484375 0.0390625 0.0390625
0 0.24609375 0.48828125 0.0390625 0.0390625
0 0.8203125 0.5546875 0.0390625 0.0390625
0 0.703125 0.58984375 0.0390625 0.0390625
0 0.69921875 0.6171875 0.0390625 0.0390625
0 0.69921875 0.62109375 0.0390625 0.0390625
0 0.5546875 0.63671875 0.0390625 0.0390625
0 0.62890625 0.640625 0.0390625 0.0390625
0 0.90625 0.64453125 0.0390625 0.0390625
0 0.71484375 0.65234375 0.0390625 0.0390625
0 0.5703125 0.65625 0.0390625 0.0390625
0 0.57421875 0.65625 0.0390625 0.0390625
0 0.48046875 0.66015625 0.0390625 0.0390625
0 0.49609375 0.6796875 0.0390625 0.0390625
0 0.3984375 0.68359375 0.0390625 0.0390625
0 0.4140625 0.703125 0.0390625 0.0390625
0 0.96484375 0.71875 0.0390625 0.0390625
0 0.06640625 0.8359375 0.0390625 0.0390625
0 0.0703125 0.8359375 0.0390625 0.0390625
0 0.08984375 0.859375 0.0390625 0.0390625
0 0.08984375 0.86328125 0.0390625 0.0390625
