0 0.375 0.0625 0.0390625 0.0390625
0 0.33203125 0.171875 0.0390625 0.0390625
0 0.3359375 0.171875 0.0390625 0.0390625
0 0.6484375 0.34765625 0.0390625 0.0390625
0 0.43359375 0.41796875 0.0390625 0.0390625
0 0.984375 0.4375 0.0390625 0.0390625
0 0.984375 0.44140625 0.0390625 0.0390625
0 0.94140625 0.44921875 0.0390625 0.0390625
0 0.94140625 0.453125 0.0390625 0.0390625
0 0.28515625 0.4609375 0.0390625 0.0390625
0 0.2890625 0.4609375 0.0390625 0.0390625
0 0.60546875 0.4609375 0.0390625 0.0390625
0 0.859375 0.47265625 0.0390625 0.0390625
0 0.86328125 0.47265625 0.0390625 0.0390625
0 0.84375 0.48828125 0.0390625 0.0390625
0 0.43359375 0.515625 0.0390625 0.0390625
0 0.4375 0.515625 0.0390625 0.0390625
0 0.23828125 0.578125 0.0390625 0.0390625
0 0.1953125 0.58203125 0.0390625 0.0390625
0 0.21484375 0.58203125 0.0390625 0.0390625
0 0.97265625 0.59375 0.0390625 0.0390625
0 0.15625 0.59765625 0.0390625 0.0390625
0 0.16015625 0.59765625 0.0390625 0.0390625
0 0.140625 0.60546875 0.0390625 0.0390625
0 0.11328125 0.61328125 0.0390625 0.0390625
0 0.1171875 0.61328125 0.0390625 0.0390625
0 0.90625 0.61328125 0.0390625 0.0390625
0 0.91015625 0.61328125 0.0390625 0.0390625
0 0.1171875 0.6171875 0.0390625 0.0390625
0 0.01171875 0.6640625 0.0390625 0.0390625
0 0.015625 0.6640625 0.0390625 0.0390625
0 0.0078125 0.66796875 0.0390625 0.0390625
0 0.99609375 0.6875 0.0390625 0.0390625
0 0.95703125 0.69140625 0.0390625 0.0390625
0 0.9765625 0.69140625 0.0390625 0.0390625
0 0.76171875 0.69921875 0.0390625 0.0390625
0 0.76171875 0.703125 0.0390625 0.0390625
0 0.84375 0.96875 0.0390625 0.0390625
