0 0.9508196721311475 0.26953125 0.08196721311475409 0.0390625
0 0.9590163934426229 0.26953125 0.08196721311475409 0.0390625
0 0.8770491803278688 0.28125 0.08196721311475409 0.0390625
0 0.7868852459016393 0.296875 0.08196721311475409 0.0390625
0 0.7950819672131147 0.296875 0.08196721311475409 0.0390625
0 0.7131147540983607 0.30859375 0.08196721311475409 0.0390625
0 0.3360655737704918 0.38671875 0.08196721311475409 0.0390625
0 0.7868852459016393 0.41796875 0.08196721311475409 0.0390625
0 0.6557377049180327 0.4375 0.08196721311475409 0.0390625
0 0.6639344262295082 0.4375 0.08196721311475409 0.0390625
0 0.6557377049180327 0.44140625 0.08196721311475409 0.0390625
0 0.6639344262295082 0.44140625 0.08196721311475409 0.0390625
0 0.5327868852459017 0.45703125 0.08196721311475409 0.0390625
0 0.7704918032786885 0.4609375 0.08196721311475409 0.0390625
0 0.7704918032786885 0.46484375 0.08196721311475409 0.0390625
0 0.8114754098360656 0.46484375 0.08196721311475409 0.0390625
0 0.7213114754098361 0.46875 0.08196721311475409 0.0390625
0 0.680327868852459 0.48046875 0.08196721311475409 0.0390625
0 0.47540983606557374 0.50390625 0.08196721311475409 0.0390625
0 0.38524590163934425 0.5234375 0.08196721311475409 0.0390625
0 0.39344262295081966 0.5234375 0.08196721311475409 0.0390625
0 0.03278688524590164 0.53125 0.08196721311475409 0.0390625
0 0.23770491803278687 0.55078125 0.08196721311475409 0.0390625
0 0.14754098360655737 0.5625 0.08196721311475409 0.0390625
0 0.1557377049180328 0.5625 0.08196721311475409 0.0390625
0 0.9180327868852459 0.5625 0.08196721311475409 0.0390625
0 0.10655737704918032 0.5703125 0.08196721311475409 0.0390625
0 0.8688524590163934 0.5703125 0.08196721311475409 0.0390625
0 0.8278688524590164 0.578125 0.08196721311475409 0.0390625
0 0.7377049180327869 0.58203125 0.08196721311475409 0.0390625
0 0.6147540983606558 0.5859375 0.08196721311475409 0.0390625
0 0.6967213114754098 0.5859375 0.08196721311475409 0.0390625
0 0.7377049180327869 0.5859375 0.08196721311475409 0.0390625
0 0.5409836065573771 0.609375 0.08196721311475409 0.0390625
0 0.07377049180327869 0.671875 0.08196721311475409 0.0390625
0 0.680327868852459 0.69140625 0.08196721311475409 0.0390625
0 0.6311475409836066 0.703125 0.08196721311475409 0.0390625
0 0.22131147540983606 0.72265625 0.08196721311475409 0.0390625
0 0.8278688524590164 0.98046875 0.08196721311475409 0.0390625
0 0.8360655737704918 0.98046875 0.08196721311475409 0.0390625
0 0.8278688524590164 0.984375 0.08196721311475409 0.0390625
0 0.8360655737704918 0.984375 0.08196721311475409 0.0390625
