0 0.328125 0.2109375 0.0390625 0.0390625
0 0.390625 0.25390625 0.0390625 0.0390625
0 0.39453125 0.25390625 0.0390625 0.0390625
0 0.33984375 0.26953125 0.0390625 0.0390625
0 0.29296875 0.28515625 0.0390625 0.0390625
0 0.25 0.296875 0.0390625 0.0390625
0 0.25390625 0.296875 0.0390625 0.0390625
0 0.2109375 0.3125 0.0390625 0.0390625
0 0.21484375 0.3125 0.0390625 0.0390625
0 0.12109375 0.33984375 0.0390625 0.0390625
0 0.0703125 0.41015625 0.0390625 0.0390625
0 0.07421875 0.4453125 0.0390625 0.0390625
0 0.078125 0.46484375 0.0390625 0.0390625
0 0.09375 0.484375 0.0390625 0.0390625
0 0.09375 0.48828125 0.0390625 0.0390625
0 0.09375 0.5078125 0.0390625 0.0390625
0 0.09765625 0.5078125 0.0390625 0.0390625
0 0.09375 0.51171875 0.0390625 0.0390625
0 0.09765625 0.51171875 0.0390625 0.0390625
0 0.01171875 0.53125 0.0390625 0.0390625
0 0.015625 0.53125 0.0390625 0.0390625
0 0.10546875 0.53125 0.0390625 0.0390625
0 0.109375 0.53125 0.0390625 0.0390625
0 0.01171875 0.53515625 0.0390625 0.0390625
0 0.015625 0.53515625 0.0390625 0.0390625
0 0.1171875 0.55078125 0.0390625 0.0390625
0 0.12109375 0.57421875 0.0390625 0.0390625
0 0.0625 0.59765625 0.0390625 0.0390625
0 0.06640625 0.59765625 0.0390625 0.0390625
0 0.12890625 0.59765625 0.0390625 0.0390625
0 0.1328125 0.59765625 0.0390625 0.0390625
0 0.26953125 0.6015625 0.0390625 0.0390625
0 0.2734375 0.6015625 0.0390625 0.0390625
0 0.26953125 0.60546875 0.0390625 0.0390625
0 0.2734375 0.60546875 0.0390625 0.0390625
0 0.1328125 0.62109375 0.0390625 0.0390625
0 0.13671875 0.62109375 0.0390625 0.0390625
0 0.3046875 0.63671875 0.0390625 0.0390625
0 0.13671875 0.640625 0.0390625 0.0390625
0 0.140625 0.66015625 0.0390625 0.0390625
0 0.14453125 0.66015625 0.0390625 0.0390625
