0 0.3046875 0.06640625 0.0390625 0.0390625
0 0.3203125 0.12109375 0.0390625 0.0390625
0 0.3203125 0.125 0.0390625 0.0390625
0 0.29296875 0.1796875 0.0390625 0.0390625
0 0.24609375 0.2578125 0.0390625 0.0390625
0 0.25 0.2578125 0.0390625 0.0390625
0 0.95703125 0.328125 0.0390625 0.0390625
0 0.75 0.390625 0.0390625 0.0390625
0 0.75 0.39453125 0.0390625 0.0390625
0 0.62109375 0.46875 0.0390625 0.0390625
0 0.625 0.46875 0.0390625 0.0390625
0 0.3671875 0.6484375 0.0390625 0.0390625
0 0.54296875 0.67578125 0.0390625 0.0390625
0 0.40625 0.6796875 0.0390625 0.0390625
0 0.38671875 0.70703125 0.0390625 0.0390625
0 0.390625 0.70703125 0.0390625 0.0390625
0 0.46875 0.7109375 0.0390625 0.0390625
0 0.44140625 0.76171875 0.0390625 0.0390625
0 0.29296875 0.953125 0.0390625 0.0390625
0 0.29296875 0.95703125 0.0390625 0.0390625
0 0.03515625 0.96484375 0.0390625 0.0390625
