0 0.78515625 0.01953125 0.0390625 0.0390625
0 0.72265625 0.06640625 0.0390625 0.0390625
0 0.83203125 0.0703125 0.0390625 0.0390625
0 0.64453125 0.08984375 0.0390625 0.0390625
0 0.66796875 0.11328125 0.0390625 0.0390625
0 0.6640625 0.1171875 0.0390625 0.0390625
0 0.66796875 0.1171875 0.0390625 0.0390625
0 0.63671875 0.15234375 0.0390625 0.0390625
0 0.4453125 0.18359375 0.0390625 0.0390625
0 0.50390625 0.2265625 0.0390625 0.0390625
0 0.05078125 0.3046875 0.0390625 0.0390625
0 0.05078125 0.30859375 0.0390625 0.0390625
0 0.51171875 0.4921875 0.0390625 0.0390625
0 0.1875 0.62890625 0.0390625 0.0390625
0 0.1953125 0.6640625 0.0390625 0.0390625
0 0.19921875 0.6640625 0.0390625 0.0390625
0 0.078125 0.66796875 0.0390625 0.0390625
0 0.08203125 0.66796875 0.0390625 0.0390625
0 0.2109375 0.6796875 0.0390625 0.0390625
0 0.02734375 0.68359375 0.0390625 0.0390625
0 0.03125 0.68359375 0.0390625 0.0390625
0 0.2109375 0.68359375 0.0390625 0.0390625
0 0.5234375 0.68359375 0.0390625 0.0390625
0 0.57421875 0.68359375 0.0390625 0.0390625
0 0.17578125 0.6953125 0.0390625 0.0390625
0 0.03515625 0.69921875 0.0390625 0.0390625
0 0.203125 0.7109375 0.0390625 0.0390625
0 0.08203125 0.71484375 0.0390625 0.0390625
0 0.04296875 0.72265625 0.0390625 0.0390625
0 0.08984375 0.734375 0.0390625 0.0390625
0 0.05859375 0.7421875 0.0390625 0.0390625
0 0.07421875 0.7578125 0.0390625 0.0390625
0 0.59765625 0.76953125 0.0390625 0.0390625
0 0.09765625 0.7734375 0.0390625 0.0390625
0 0.23828125 0.77734375 0.0390625 0.0390625
0 0.0625 0.78125 0.0390625 0.0390625
0 0.23828125 0.78125 0.0390625 0.0390625
0 0.1953125 0.7890625 0.0390625 0.0390625
0 0.19921875 0.7890625 0.0390625 0.0390625
0 0.0703125 0.80078125 0.0390625 0.0390625
0 0.24609375 0.80078125 0.0390625 0.0390625
0 0.0703125 0.8046875 0.0390625 0.0390625
0 0.08984375 0.8125 0.0390625 0.0390625
0 0.20703125 0.8125 0.0390625 0.0390625
0 0.2578125 0.8203125 0.0390625 0.0390625
0 0.12890625 0.82421875 0.0390625 0.0390625
0 0.20703125 0.83203125 0.0390625 0.0390625
0 0.2109375 0.83203125 0.0390625 0.0390625
0 0.0859375 0.8359375 0.0390625 0.0390625
0 0.2578125 0.8359375 0.0390625 0.0390625
0 0.2578125 0.83984375 0.0390625 0.0390625
0 0.0859375 0.859375 0.0390625 0.0390625
0 0.0859375 0.86328125 0.0390625 0.0390625
0 0.140625 0.8671875 0.0390625 0.0390625
0 0.09375 0.875 0.0390625 0.0390625
