0 0.9140625 0.0234375 0.0390625 0.0390625
0 0.83984375 0.02734375 0.0390625 0.0390625
0 0.84375 0.02734375 0.0390625 0.0390625
0 0.875 0.1484375 0.0390625 0.0390625
0 0.87890625 0.1484375 0.0390625 0.0390625
0 0.88671875 0.19140625 0.0390625 0.0390625
0 0.890625 0.19140625 0.0390625 0.0390625
0 0.97265625 0.2109375 0.0390625 0.0390625
0 0.90625 0.23828125 0.0390625 0.0390625
0 0.91796875 0.27734375 0.0390625 0.0390625
0 0.9765625 0.29296875 0.0390625 0.0390625
0 0.98046875 0.29296875 0.0390625 0.0390625
0 0.9296875 0.31640625 0.0390625 0.0390625
0 0.9296875 0.3203125 0.0390625 0.0390625
0 0.9453125 0.3671875 0.0390625 0.0390625
0 0.95703125 0.41015625 0.0390625 0.0390625
0 0.98828125 0.421875 0.0390625 0.0390625
0 0.98828125 0.50390625 0.0390625 0.0390625
0 0.41796875 0.96484375 0.0390625 0.0390625
0 0.421875 0.96484375 0.0390625 0.0390625
