0 0.9765625 0.02734375 0.0390625 0.0390625
0 0.9765625 0.03125 0.0390625 0.0390625
0 0.98828125 0.0859375 0.0390625 0.0390625
0 0.55078125 0.328125 0.0390625 0.0390625
0 0.55078125 0.33203125 0.0390625 0.0390625
0 0.46875 0.33984375 0.0390625 0.0390625
0 0.6484375 0.33984375 0.0390625 0.0390625
0 0.46875 0.34375 0.0390625 0.0390625
0 0.66015625 0.38671875 0.0390625 0.0390625
0 0.66015625 0.390625 0.0390625 0.0390625
0 0.67578125 0.42578125 0.0390625 0.0390625
0 0.25390625 0.70703125 0.0390625 0.0390625
