0 0.203125 0.0 0.0390625 0.0390625
0 0.203125 0.00390625 0.0390625 0.0390625
0 0.34375 0.00390625 0.0390625 0.0390625
0 0.08203125 0.0078125 0.0390625 0.0390625
0 0.2421875 0.01171875 0.0390625 0.0390625
0 0.39453125 0.01171875 0.0390625 0.0390625
0 0.2421875 0.015625 0.0390625 0.0390625
0 0.24609375 0.015625 0.0390625 0.0390625
0 0.3984375 0.02734375 0.0390625 0.0390625
0 0.0859375 0.03125 0.0390625 0.0390625
0 0.08984375 0.03125 0.0390625 0.0390625
0 0.2578125 0.03125 0.0390625 0.0390625
0 0.3984375 0.03125 0.0390625 0.0390625
0 0.3515625 0.046875 0.0390625 0.0390625
0 0.49609375 0.046875 0.0390625 0.0390625
0 0.265625 0.078125 0.0390625 0.0390625
0 0.37109375 0.0859375 0.0390625 0.0390625
0 0.375 0.0859375 0.0390625 0.0390625
0 0.1171875 0.09375 0.0390625 0.0390625
0 0.5625 0.09375 0.0390625 0.0390625
0 0.65625 0.10546875 0.0390625 0.0390625
0 0.37109375 0.109375 0.0390625 0.0390625
0 0.375 0.109375 0.0390625 0.0390625
0 0.38671875 0.12890625 0.0390625 0.0390625
0 0.23828125 0.1328125 0.0390625 0.0390625
0 0.578125 0.1328125 0.0390625 0.0390625
0 0.28125 0.13671875 0.0390625 0.0390625
0 0.13671875 0.140625 0.0390625 0.0390625
0 0.015625 0.1484375 0.0390625 0.0390625
0 0.43359375 0.15625 0.0390625 0.0390625
0 0.43359375 0.16015625 0.0390625 0.0390625
0 0.13671875 0.1640625 0.0390625 0.0390625
0 0.140625 0.1640625 0.0390625 0.0390625
0 0.24609375 0.171875 0.0390625 0.0390625
0 0.1484375 0.1875 0.0390625 0.0390625
0 0.15234375 0.1875 0.0390625 0.0390625
0 0.63671875 0.20703125 0.0390625 0.0390625
0 0.02734375 0.2109375 0.0390625 0.0390625
0 0.15625 0.22265625 0.0390625 0.0390625
0 0.2734375 0.23046875 0.0390625 0.0390625
0 0.05859375 0.2890625 0.0390625 0.0390625
0 0.09765625 0.31640625 0.0390625 0.0390625
0 0.09765625 0.3203125 0.0390625 0.0390625
0 0.078125 0.33984375 0.0390625 0.0390625
0 0.078125 0.34375 0.0390625 0.0390625
0 0.16796875 0.5703125 0.0390625 0.0390625
0 0.171875 0.5703125 0.0390625 0.0390625
0 0.1953125 0.6484375 0.0390625 0.0390625
0 0.19921875 0.6484375 0.0390625 0.0390625
0 0.1953125 0.65234375 0.0390625 0.0390625
0 0.19921875 0.65234375 0.0390625 0.0390625
0 0.51953125 0.7109375 0.0390625 0.0390625
0 0.5234375 0.7109375 0.0390625 0.0390625
0 0.21875 0.71875 0.0390625 0.0390625
0 0.22265625 0.71875 0.0390625 0.0390625
0 0.61328125 0.78125 0.0390625 0.0390625
0 0.23828125 0.78515625 0.0390625 0.0390625
0 0.81640625 0.828125 0.0390625 0.0390625
