0 0.609375 0.34375 0.0390625 0.0390625
0 0.515625 0.3828125 0.0390625 0.0390625
0 0.30078125 0.47265625 0.0390625 0.0390625
0 0.30078125 0.4765625 0.0390625 0.0390625
0 0.2578125 0.5234375 0.0390625 0.0390625
0 0.5625 0.60546875 0.0390625 0.0390625
0 0.58203125 0.66015625 0.0390625 0.0390625
0 0.99609375 0.66796875 0.0390625 0.0390625
0 0.99609375 0.671875 0.0390625 0.0390625
0 0.0078125 0.69921875 0.0390625 0.0390625
0 0.3359375 0.75 0.0390625 0.0390625
0 0.3359375 0.75390625 0.0390625 0.0390625
0 0.37109375 0.87109375 0.0390625 0.0390625
0 0.6640625 0.921875 0.0390625 0.0390625
0 0.08203125 0.9453125 0.0390625 0.0390625
0 0.453125 0.97265625 0.0390625 0.0390625
0 0.68359375 0.98828125 0.0390625 0.0390625
