0 0.85546875 0.20703125 0.0390625 0.0390625
0 0.23046875 0.3125 0.0390625 0.0390625
0 0.30859375 0.35546875 0.0390625 0.0390625
0 0.26171875 0.7734375 0.0390625 0.0390625
0 0.26171875 0.77734375 0.0390625 0.0390625
0 0.3671875 0.86328125 0.0390625 0.0390625
0 0.3828125 0.91796875 0.0390625 0.0390625
0 0.38671875 0.91796875 0.0390625 0.0390625
0 0.26953125 0.95703125 0.0390625 0.0390625
0 0.2734375 0.95703125 0.0390625 0.0390625
0 0.3984375 0.96484375 0.0390625 0.0390625
0 0.3984375 0.96875 0.0390625 0.0390625
0 0.3125 0.9765625 0.0390625 0.0390625
0 0.31640625 0.9765625 0.0390625 0.0390625
0 0.3125 0.98046875 0.0390625 0.0390625
0 0.31640625 0.98046875 0.0390625 0.0390625
