0 0.6875 0.0234375 0.0390625 0.0390625
0 0.40234375 0.078125 0.0390625 0.0390625
0 0.765625 0.0859375 0.0390625 0.0390625
0 0.71484375 0.09375 0.0390625 0.0390625
0 0.73828125 0.09375 0.0390625 0.0390625
0 0.6953125 0.1015625 0.0390625 0.0390625
0 0.69921875 0.1015625 0.0390625 0.0390625
0 0.5 0.10546875 0.0390625 0.0390625
0 0.50390625 0.10546875 0.0390625 0.0390625
0 0.65625 0.1171875 0.0390625 0.0390625
0 0.6328125 0.12109375 0.0390625 0.0390625
0 0.65625 0.12109375 0.0390625 0.0390625
0 0.61328125 0.125 0.0390625 0.0390625
0 0.6171875 0.125 0.0390625 0.0390625
0 0.58984375 0.13671875 0.0390625 0.0390625
0 0.5703125 0.140625 0.0390625 0.0390625
0 0.54296875 0.1484375 0.0390625 0.0390625
0 0.546875 0.1484375 0.0390625 0.0390625
0 0.52734375 0.15625 0.0390625 0.0390625
0 0.50390625 0.1640625 0.0390625 0.0390625
0 0.484375 0.16796875 0.0390625 0.0390625
0 0.48828125 0.16796875 0.0390625 0.0390625
0 0.44921875 0.1796875 0.0390625 0.0390625
0 0.79296875 0.18359375 0.0390625 0.0390625
0 0.42578125 0.1875 0.0390625 0.0390625
0 0.74609375 0.1953125 0.0390625 0.0390625
0 0.75 0.1953125 0.0390625 0.0390625
0 0.7265625 0.19921875 0.0390625 0.0390625
0 0.6953125 0.2109375 0.0390625 0.0390625
0 0.35546875 0.21484375 0.0390625 0.0390625
0 0.6796875 0.21875 0.0390625 0.0390625
0 0.3359375 0.22265625 0.0390625 0.0390625
0 0.33984375 0.22265625 0.0390625 0.0390625
0 0.109375 0.2265625 0.0390625 0.0390625
0 0.65625 0.2265625 0.0390625 0.0390625
0 0.109375 0.23046875 0.0390625 0.0390625
0 0.30859375 0.23046875 0.0390625 0.0390625
0 0.3125 0.23046875 0.0390625 0.0390625
0 0.63671875 0.234375 0.0390625 0.0390625
0 0.2890625 0.23828125 0.0390625 0.0390625
0 0.29296875 0.23828125 0.0390625 0.0390625
0 0.61328125 0.23828125 0.0390625 0.0390625
0 0.265625 0.2421875 0.0390625 0.0390625
0 0.26953125 0.2421875 0.0390625 0.0390625
0 0.61328125 0.2421875 0.0390625 0.0390625
0 0.9453125 0.2421875 0.0390625 0.0390625
0 0.94921875 0.2421875 0.0390625 0.0390625
0 0.2421875 0.25 0.0390625 0.0390625
0 0.24609375 0.25 0.0390625 0.0390625
0 0.21875 0.25390625 0.0390625 0.0390625
0 0.19921875 0.2578125 0.0390625 0.0390625
0 0.57421875 0.2578125 0.0390625 0.0390625
0 0.53125 0.265625 0.0390625 0.0390625
0 0.11328125 0.2734375 0.0390625 0.0390625
0 0.1171875 0.2734375 0.0390625 0.0390625
0 0.5078125 0.27734375 0.0390625 0.0390625
0 0.51171875 0.27734375 0.0390625 0.0390625
0 0.48828125 0.28125 0.0390625 0.0390625
0 0.4921875 0.28125 0.0390625 0.0390625
0 0.46875 0.28515625 0.0390625 0.0390625
0 0.44921875 0.2890625 0.0390625 0.0390625
0 0.40625 0.296875 0.0390625 0.0390625
0 0.421875 0.296875 0.0390625 0.0390625
0 0.40625 0.30078125 0.0390625 0.0390625
0 0.421875 0.30078125 0.0390625 0.0390625
0 0.36328125 0.3046875 0.0390625 0.0390625
0 0.38671875 0.3046875 0.0390625 0.0390625
0 0.34375 0.3203125 0.0390625 0.0390625
0 0.34765625 0.3203125 0.0390625 0.0390625
0 0.26953125 0.33203125 0.0390625 0.0390625
0 0.296875 0.33203125 0.0390625 0.0390625
0 0.31640625 0.33203125 0.0390625 0.0390625
0 0.26953125 0.3359375 0.0390625 0.0390625
0 0.296875 0.3359375 0.0390625 0.0390625
0 0.31640625 0.3359375 0.0390625 0.0390625
0 0.25 0.34375 0.0390625 0.0390625
0 0.25390625 0.34375 0.0390625 0.0390625
0 0.23046875 0.359375 0.0390625 0.0390625
0 0.140625 0.390625 0.0390625 0.0390625
0 0.140625 0.39453125 0.0390625 0.0390625
0 0.171875 0.48046875 0.0390625 0.0390625
0 0.171875 0.484375 0.0390625 0.0390625
0 0.59765625 0.59765625 0.0390625 0.0390625
0 0.57421875 0.60546875 0.0390625 0.0390625
0 0.47265625 0.73046875 0.0390625 0.0390625
0 0.47265625 0.734375 0.0390625 0.0390625
0 0.359375 0.74609375 0.0390625 0.0390625
0 0.48046875 0.7734375 0.0390625 0.0390625
0 0.84375 0.8046875 0.0390625 0.0390625
0 0.38671875 0.84375 0.0390625 0.0390625
0 0.64453125 0.85546875 0.0390625 0.0390625
0 0.5078125 0.859375 0.0390625 0.0390625
0 0.5078125 0.86328125 0.0390625 0.0390625
0 0.39453125 0.8671875 0.0390625 0.0390625
