0 0.859375 0.01953125 0.0390625 0.0390625
0 0.86328125 0.01953125 0.0390625 0.0390625
0 0.87890625 0.0625 0.0390625 0.0390625
0 0.87890625 0.06640625 0.0390625 0.0390625
0 0.8828125 0.1015625 0.0390625 0.0390625
0 0.88671875 0.1015625 0.0390625 0.0390625
0 0.8984375 0.140625 0.0390625 0.0390625
0 0.6171875 0.265625 0.0390625 0.0390625
0 0.59375 0.26953125 0.0390625 0.0390625
0 0.94140625 0.27734375 0.0390625 0.0390625
0 0.5390625 0.2890625 0.0390625 0.0390625
0 0.57421875 0.2890625 0.0390625 0.0390625
0 0.95703125 0.33203125 0.0390625 0.0390625
0 0.96875 0.3828125 0.0390625 0.0390625
0 0.984375 0.4296875 0.0390625 0.0390625
0 0.99609375 0.4609375 0.0390625 0.0390625
0 0.0234375 0.484375 0.0390625 0.0390625
0 0.04296875 0.546875 0.0390625 0.0390625
0 0.05859375 0.59375 0.0390625 0.0390625
0 0.1328125 0.83203125 0.0390625 0.0390625
0 0.140625 0.87109375 0.0390625 0.0390625
