0 0.921875 0.0234375 0.0390625 0.0390625
0 0.75 0.07421875 0.0390625 0.0390625
0 0.75390625 0.07421875 0.0390625 0.0390625
0 0.80859375 0.08203125 0.0390625 0.0390625
0 0.88671875 0.0859375 0.0390625 0.0390625
0 0.78125 0.125 0.0390625 0.0390625
0 0.66015625 0.13671875 0.0390625 0.0390625
0 0.34765625 0.18359375 0.0390625 0.0390625
0 0.34765625 0.58203125 0.0390625 0.0390625
0 0.3671875 0.65234375 0.0390625 0.0390625
0 0.328125 0.74609375 0.0390625 0.0390625
0 0.40234375 0.76953125 0.0390625 0.0390625
0 0.40625 0.76953125 0.0390625 0.0390625
0 0.41796875 0.8203125 0.0390625 0.0390625
0 0.41796875 0.82421875 0.0390625 0.0390625
0 0.43359375 0.87109375 0.0390625 0.0390625
0 0.4375 0.87109375 0.0390625 0.0390625
0 0.4453125 0.91796875 0.0390625 0.0390625
0 0.46875 0.98046875 0.0390625 0.0390625
0 0.46875 0.984375 0.0390625 0.0390625
