0 0.73046875 0.0390625 0.0390625 0.0390625
0 0.8984375 0.08984375 0.0390625 0.0390625
0 0.9296875 0.1953125 0.0390625 0.0390625
0 0.9296875 0.19921875 0.0390625 0.0390625
0 0.94921875 0.20703125 0.0390625 0.0390625
0 0.953125 0.20703125 0.0390625 0.0390625
0 0.59375 0.2421875 0.0390625 0.0390625
0 0.54296875 0.42578125 0.0390625 0.0390625
0 0.9140625 0.484375 0.0390625 0.0390625
0 0.91796875 0.484375 0.0390625 0.0390625
0 0.515625 0.50390625 0.0390625 0.0390625
0 0.9765625 0.5625 0.0390625 0.0390625
0 0.98046875 0.5625 0.0390625 0.0390625
0 0.49609375 0.5703125 0.0390625 0.0390625
0 0.47265625 0.62109375 0.0390625 0.0390625
0 0.4609375 0.6640625 0.0390625 0.0390625
0 0.46484375 0.6640625 0.0390625 0.0390625
0 0.40234375 0.83984375 0.0390625 0.0390625
0 0.40234375 0.84375 0.0390625 0.0390625
0 0.40234375 0.86328125 0.0390625 0.0390625
0 0.21875 0.890625 0.0390625 0.0390625
0 0.9921875 0.953125 0.0390625 0.0390625
0 0.671875 0.95703125 0.0390625 0.0390625
