0 0.1171875 0.265625 0.0390625 0.0390625
0 0.421875 0.265625 0.0390625 0.0390625
0 0.1171875 0.26953125 0.0390625 0.0390625
0 0.17578125 0.2890625 0.0390625 0.0390625
0 0.21875 0.30078125 0.0390625 0.0390625
0 0.54296875 0.30859375 0.0390625 0.0390625
0 0.66796875 0.3515625 0.0390625 0.0390625
0 0.390625 0.359375 0.0390625 0.0390625
0 0.7109375 0.3671875 0.0390625 0.0390625
0 0.6015625 0.42578125 0.0390625 0.0390625
0 0.94140625 0.4375 0.0390625 0.0390625
0 0.94140625 0.44140625 0.0390625 0.0390625
0 0.6796875 0.453125 0.0390625 0.0390625
0 0.73828125 0.46875 0.0390625 0.0390625
0 0.7421875 0.46875 0.0390625 0.0390625
0 0.73828125 0.47265625 0.0390625 0.0390625
0 0.7421875 0.47265625 0.0390625 0.0390625
0 0.84765625 0.5 0.0390625 0.0390625
0 0.84765625 0.50390625 0.0390625 0.0390625
0 0.90625 0.5234375 0.0390625 0.0390625
0 0.02734375 0.578125 0.0390625 0.0390625
0 0.109375 0.609375 0.0390625 0.0390625
0 0.9453125 0.66015625 0.0390625 0.0390625
0 0.33984375 0.6796875 0.0390625 0.0390625
0 0.33984375 0.68359375 0.0390625 0.0390625
0 0.55859375 0.70703125 0.0390625 0.0390625
0 0.4765625 0.7265625 0.0390625 0.0390625
0 0.48046875 0.7265625 0.0390625 0.0390625
0 0.0 0.93359375 0.0390625 0.0390625
0 0.00390625 0.93359375 0.0390625 0.0390625
0 0.1015625 0.9375 0.0390625 0.0390625
0 0.265625 0.9375 0.0390625 0.0390625
0 0.140625 0.98046875 0.0390625 0.0390625
