0 0.5324675324675324 0.11688311688311688 0.06493506493506493 0.06493506493506493
0 0.474025974025974 0.2077922077922078 0.06493506493506493 0.06493506493506493
0 0.4805194805194805 0.2077922077922078 0.06493506493506493 0.06493506493506493
0 0.8766233766233766 0.2922077922077922 0.06493506493506493 0.06493506493506493
0 0.935064935064935 0.33766233766233766 0.06493506493506493 0.06493506493506493
0 0.935064935064935 0.34415584415584416 0.06493506493506493 0.06493506493506493
0 0.38961038961038963 0.36363636363636365 0.06493506493506493 0.06493506493506493
0 0.7337662337662337 0.37662337662337664 0.06493506493506493 0.06493506493506493
0 0.7337662337662337 0.38311688311688313 0.06493506493506493 0.06493506493506493
0 0.7922077922077922 0.42207792207792205 0.06493506493506493 0.06493506493506493
0 0.9545454545454546 0.42857142857142855 0.06493506493506493 0.06493506493506493
0 0.3246753246753247 0.44805194805194803 0.06493506493506493 0.06493506493506493
0 0.2857142857142857 0.5 0.06493506493506493 0.06493506493506493
0 0.2922077922077922 0.5 0.06493506493506493 0.06493506493506493
0 0.2857142857142857 0.5064935064935064 0.06493506493506493 0.06493506493506493
0 0.2922077922077922 0.5064935064935064 0.06493506493506493 0.06493506493506493
0 0.5714285714285714 0.5584415584415584 0.06493506493506493 0.06493506493506493
0 0.8701298701298701 0.564935064935065 0.06493506493506493 0.06493506493506493
0 0.7922077922077922 0.6038961038961039 0.06493506493506493 0.06493506493506493
0 0.15584415584415584 0.7142857142857143 0.06493506493506493 0.06493506493506493
0 0.0 0.8636363636363636 0.06493506493506493 0.06493506493506493
0 0.045454545454545456 0.9155844155844156 0.06493506493506493 0.06493506493506493
