0 0.65625 0.0546875 0.0390625 0.0390625
0 0.43359375 0.06640625 0.0390625 0.0390625
0 0.734375 0.125 0.0390625 0.0390625
0 0.59765625 0.14453125 0.0390625 0.0390625
0 0.6015625 0.14453125 0.0390625 0.0390625
0 0.5703125 0.1484375 0.0390625 0.0390625
0 0.57421875 0.1484375 0.0390625 0.0390625
0 0.59765625 0.1484375 0.0390625 0.0390625
0 0.6015625 0.1484375 0.0390625 0.0390625
0 0.55078125 0.15234375 0.0390625 0.0390625
0 0.53515625 0.16015625 0.0390625 0.0390625
0 0.5390625 0.16015625 0.0390625 0.0390625
0 0.51953125 0.16796875 0.0390625 0.0390625
0 0.75 0.171875 0.0390625 0.0390625
0 0.01953125 0.17578125 0.0390625 0.0390625
0 0.4765625 0.17578125 0.0390625 0.0390625
0 0.49609375 0.17578125 0.0390625 0.0390625
0 0.6875 0.17578125 0.0390625 0.0390625
0 0.69140625 0.17578125 0.0390625 0.0390625
0 0.01953125 0.1796875 0.0390625 0.0390625
0 0.4765625 0.1796875 0.0390625 0.0390625
0 0.453125 0.18359375 0.0390625 0.0390625
0 0.60546875 0.18359375 0.0390625 0.0390625
0 0.609375 0.18359375 0.0390625 0.0390625
0 0.58984375 0.1875 0.0390625 0.0390625
0 0.43359375 0.1953125 0.0390625 0.0390625
0 0.4375 0.1953125 0.0390625 0.0390625
0 0.5703125 0.1953125 0.0390625 0.0390625
0 0.41796875 0.19921875 0.0390625 0.0390625
0 0.39453125 0.203125 0.0390625 0.0390625
0 0.41796875 0.203125 0.0390625 0.0390625
0 0.39453125 0.20703125 0.0390625 0.0390625
0 0.52734375 0.2109375 0.0390625 0.0390625
0 0.53125 0.2109375 0.0390625 0.0390625
0 0.3359375 0.2265625 0.0390625 0.0390625
0 0.31640625 0.23046875 0.0390625 0.0390625
0 0.29296875 0.234375 0.0390625 0.0390625
0 0.296875 0.234375 0.0390625 0.0390625
0 0.29296875 0.23828125 0.0390625 0.0390625
0 0.296875 0.23828125 0.0390625 0.0390625
0 0.03515625 0.2421875 0.0390625 0.0390625
0 0.2734375 0.24609375 0.0390625 0.0390625
0 0.25390625 0.25 0.0390625 0.0390625
0 0.2578125 0.25 0.0390625 0.0390625
0 0.21875 0.25390625 0.0390625 0.0390625
0 0.1953125 0.2578125 0.0390625 0.0390625
0 0.19921875 0.2578125 0.0390625 0.0390625
0 0.72265625 0.26171875 0.0390625 0.0390625
0 0.30859375 0.27734375 0.0390625 0.0390625
0 0.140625 0.2890625 0.0390625 0.0390625
0 0.0546875 0.29296875 0.0390625 0.0390625
0 0.0546875 0.296875 0.0390625 0.0390625
0 0.51953125 0.30078125 0.0390625 0.0390625
0 0.76171875 0.31640625 0.0390625 0.0390625
0 0.765625 0.31640625 0.0390625 0.0390625
0 0.15625 0.3359375 0.0390625 0.0390625
0 0.06640625 0.34375 0.0390625 0.0390625
0 0.765625 0.40625 0.0390625 0.0390625
0 0.83203125 0.41796875 0.0390625 0.0390625
0 0.84765625 0.4609375 0.0390625 0.0390625
0 0.81640625 0.46484375 0.0390625 0.0390625
0 0.1171875 0.484375 0.0390625 0.0390625
0 0.85546875 0.5 0.0390625 0.0390625
0 0.859375 0.5 0.0390625 0.0390625
0 0.6484375 0.515625 0.0390625 0.0390625
0 0.1328125 0.5390625 0.0390625 0.0390625
0 0.87109375 0.54296875 0.0390625 0.0390625
0 0.87109375 0.546875 0.0390625 0.0390625
0 0.7265625 0.57421875 0.0390625 0.0390625
0 0.7265625 0.578125 0.0390625 0.0390625
0 0.1484375 0.58984375 0.0390625 0.0390625
0 0.1484375 0.59375 0.0390625 0.0390625
0 0.734375 0.59765625 0.0390625 0.0390625
0 0.734375 0.6015625 0.0390625 0.0390625
0 0.6015625 0.609375 0.0390625 0.0390625
0 0.6015625 0.61328125 0.0390625 0.0390625
0 0.73828125 0.63671875 0.0390625 0.0390625
0 0.7421875 0.63671875 0.0390625 0.0390625
0 0.73828125 0.640625 0.0390625 0.0390625
0 0.7421875 0.640625 0.0390625 0.0390625
0 0.5703125 0.64453125 0.0390625 0.0390625
0 0.875 0.64453125 0.0390625 0.0390625
0 0.87890625 0.64453125 0.0390625 0.0390625
0 0.875 0.6484375 0.0390625 0.0390625
0 0.87890625 0.6484375 0.0390625 0.0390625
0 0.75390625 0.66015625 0.0390625 0.0390625
0 0.1796875 0.68359375 0.0390625 0.0390625
0 0.1796875 0.6875 0.0390625 0.0390625
0 0.86328125 0.72265625 0.0390625 0.0390625
0 0.91015625 0.76171875 0.0390625 0.0390625
0 0.9453125 0.76953125 0.0390625 0.0390625
0 0.94140625 0.85546875 0.0390625 0.0390625
0 0.97265625 0.859375 0.0390625 0.0390625
0 0.97265625 0.86328125 0.0390625 0.0390625
0 0.8046875 0.8671875 0.0390625 0.0390625
0 0.89453125 0.90234375 0.0390625 0.0390625
0 0.98828125 0.90625 0.0390625 0.0390625
0 0.93359375 0.9140625 0.0390625 0.0390625
0 0.9375 0.9140625 0.0390625 0.0390625
0 0.66015625 0.9375 0.0390625 0.0390625
0 0.2734375 0.97265625 0.0390625 0.0390625
0 0.66796875 0.984375 0.0390625 0.0390625
