0 0.20703125 0.09765625 0.0390625 0.0390625
0 0.0234375 0.19921875 0.0390625 0.0390625
0 0.24609375 0.19921875 0.0390625 0.0390625
0 0.53125 0.22265625 0.0390625 0.0390625
0 0.53515625 0.22265625 0.0390625 0.0390625
0 0.03515625 0.234375 0.0390625 0.0390625
0 0.20703125 0.32421875 0.0390625 0.0390625
0 0.140625 0.3515625 0.0390625 0.0390625
0 0.98828125 0.73046875 0.0390625 0.0390625
0 0.9921875 0.73046875 0.0390625 0.0390625
0 0.0546875 0.80078125 0.0390625 0.0390625
0 0.8984375 0.8359375 0.0390625 0.0390625
0 0.8984375 0.83984375 0.0390625 0.0390625
0 0.69140625 0.90234375 0.0390625 0.0390625
0 0.65234375 0.9140625 0.0390625 0.0390625
0 0.59765625 0.9296875 0.0390625 0.0390625
0 0.6015625 0.9296875 0.0390625 0.0390625
0 0.73828125 0.9453125 0.0390625 0.0390625
0 0.7421875 0.9453125 0.0390625 0.0390625
