0 0.55859375 0.00390625 0.0390625 0.0390625
0 0.55859375 0.0078125 0.0390625 0.0390625
0 0.03125 0.0859375 0.0390625 0.0390625
0 0.1484375 0.12109375 0.0390625 0.0390625
0 0.1484375 0.125 0.0390625 0.0390625
0 0.04296875 0.12890625 0.0390625 0.0390625
0 0.046875 0.12890625 0.0390625 0.0390625
0 0.04296875 0.1328125 0.0390625 0.0390625
0 0.046875 0.1328125 0.0390625 0.0390625
0 0.91015625 0.14453125 0.0390625 0.0390625
0 0.9140625 0.14453125 0.0390625 0.0390625
0 0.0625 0.17578125 0.0390625 0.0390625
0 0.8046875 0.1796875 0.0390625 0.0390625
0 0.1640625 0.18359375 0.0390625 0.0390625
0 0.9296875 0.2734375 0.0390625 0.0390625
0 0.9296875 0.27734375 0.0390625 0.0390625
0 0.88671875 0.2890625 0.0390625 0.0390625
0 0.84375 0.30078125 0.0390625 0.0390625
0 0.84765625 0.30078125 0.0390625 0.0390625
0 0.73046875 0.33984375 0.0390625 0.0390625
0 0.67578125 0.35546875 0.0390625 0.0390625
0 0.7578125 0.36328125 0.0390625 0.0390625
0 0.6328125 0.37109375 0.0390625 0.0390625
0 0.95703125 0.37109375 0.0390625 0.0390625
0 0.70703125 0.37890625 0.0390625 0.0390625
0 0.58203125 0.38671875 0.0390625 0.0390625
0 0.5859375 0.38671875 0.0390625 0.0390625
0 0.90234375 0.390625 0.0390625 0.0390625
0 0.90625 0.390625 0.0390625 0.0390625
0 0.53125 0.40234375 0.0390625 0.0390625
0 0.859375 0.40234375 0.0390625 0.0390625
0 0.859375 0.40625 0.0390625 0.0390625
0 0.8046875 0.421875 0.0390625 0.0390625
0 0.80859375 0.421875 0.0390625 0.0390625
0 0.7578125 0.43359375 0.0390625 0.0390625
0 0.50390625 0.4453125 0.0390625 0.0390625
0 0.5078125 0.4453125 0.0390625 0.0390625
0 0.703125 0.44921875 0.0390625 0.0390625
0 0.70703125 0.44921875 0.0390625 0.0390625
0 0.703125 0.453125 0.0390625 0.0390625
0 0.70703125 0.453125 0.0390625 0.0390625
0 0.66796875 0.46484375 0.0390625 0.0390625
0 0.453125 0.46875 0.0390625 0.0390625
0 0.609375 0.484375 0.0390625 0.0390625
0 0.3828125 0.48828125 0.0390625 0.0390625
0 0.38671875 0.48828125 0.0390625 0.0390625
0 0.3125 0.4921875 0.0390625 0.0390625
0 0.55859375 0.5 0.0390625 0.0390625
0 0.14453125 0.5625 0.0390625 0.0390625
0 0.5390625 0.5625 0.0390625 0.0390625
0 0.5546875 0.5625 0.0390625 0.0390625
0 0.14453125 0.56640625 0.0390625 0.0390625
0 0.5390625 0.56640625 0.0390625 0.0390625
0 0.5 0.57421875 0.0390625 0.0390625
0 0.16015625 0.5859375 0.0390625 0.0390625
0 0.484375 0.5859375 0.0390625 0.0390625
0 0.46484375 0.59375 0.0390625 0.0390625
0 0.11328125 0.609375 0.0390625 0.0390625
0 0.39453125 0.609375 0.0390625 0.0390625
0 0.11328125 0.61328125 0.0390625 0.0390625
0 0.39453125 0.61328125 0.0390625 0.0390625
0 0.375 0.62109375 0.0390625 0.0390625
0 0.62890625 0.625 0.0390625 0.0390625
0 0.609375 0.6328125 0.0390625 0.0390625
0 0.61328125 0.6328125 0.0390625 0.0390625
0 0.58984375 0.63671875 0.0390625 0.0390625
0 0.5703125 0.64453125 0.0390625 0.0390625
0 0.05078125 0.6484375 0.0390625 0.0390625
0 0.546875 0.6484375 0.0390625 0.0390625
0 0.55078125 0.6484375 0.0390625 0.0390625
0 0.05078125 0.65234375 0.0390625 0.0390625
0 0.53515625 0.65234375 0.0390625 0.0390625
0 0.51171875 0.66015625 0.0390625 0.0390625
0 0.515625 0.66015625 0.0390625 0.0390625
0 0.4921875 0.66796875 0.0390625 0.0390625
0 0.47265625 0.671875 0.0390625 0.0390625
0 0.8125 0.671875 0.0390625 0.0390625
0 0.47265625 0.67578125 0.0390625 0.0390625
0 0.6015625 0.67578125 0.0390625 0.0390625
0 0.4609375 0.6796875 0.0390625 0.0390625
0 0.4609375 0.68359375 0.0390625 0.0390625
0 0.9453125 0.6875 0.0390625 0.0390625
0 0.5703125 0.6953125 0.0390625 0.0390625
0 0.55078125 0.69921875 0.0390625 0.0390625
0 0.52734375 0.703125 0.0390625 0.0390625
0 0.48828125 0.7109375 0.0390625 0.0390625
0 0.5078125 0.7109375 0.0390625 0.0390625
0 0.46875 0.72265625 0.0390625 0.0390625
0 0.47265625 0.72265625 0.0390625 0.0390625
0 0.8359375 0.7421875 0.0390625 0.0390625
0 0.671875 0.77734375 0.0390625 0.0390625
0 0.65625 0.78515625 0.0390625 0.0390625
0 0.49609375 0.796875 0.0390625 0.0390625
0 0.625 0.796875 0.0390625 0.0390625
0 0.48046875 0.80078125 0.0390625 0.0390625
0 0.609375 0.80078125 0.0390625 0.0390625
0 0.48046875 0.8046875 0.0390625 0.0390625
0 0.609375 0.8046875 0.0390625 0.0390625
0 0.4609375 0.80859375 0.0390625 0.0390625
0 0.58984375 0.80859375 0.0390625 0.0390625
0 0.5703125 0.8125 0.0390625 0.0390625
0 0.4375 0.81640625 0.0390625 0.0390625
0 0.5703125 0.81640625 0.0390625 0.0390625
0 0.546875 0.8203125 0.0390625 0.0390625
0 0.52734375 0.82421875 0.0390625 0.0390625
0 0.52734375 0.828125 0.0390625 0.0390625
0 0.5078125 0.8359375 0.0390625 0.0390625
0 0.484375 0.83984375 0.0390625 0.0390625
0 0.5078125 0.83984375 0.0390625 0.0390625
0 0.46875 0.8515625 0.0390625 0.0390625
0 0.44921875 0.85546875 0.0390625 0.0390625
0 0.44921875 0.859375 0.0390625 0.0390625
0 0.63671875 0.890625 0.0390625 0.0390625
0 0.59375 0.8984375 0.0390625 0.0390625
0 0.59765625 0.8984375 0.0390625 0.0390625
