0 0.98828125 0.08203125 0.0390625 0.0390625
0 0.9453125 0.09375 0.0390625 0.0390625
0 0.9453125 0.09765625 0.0390625 0.0390625
0 0.88671875 0.11328125 0.0390625 0.0390625
0 0.890625 0.11328125 0.0390625 0.0390625
0 0.8359375 0.12890625 0.0390625 0.0390625
0 0.98828125 0.15625 0.0390625 0.0390625
0 0.7421875 0.16015625 0.0390625 0.0390625
0 0.65234375 0.1875 0.0390625 0.0390625
0 0.65234375 0.19140625 0.0390625 0.0390625
0 0.87890625 0.19140625 0.0390625 0.0390625
0 0.73828125 0.23828125 0.0390625 0.0390625
0 0.47265625 0.24609375 0.0390625 0.0390625
0 0.4765625 0.24609375 0.0390625 0.0390625
0 0.47265625 0.25 0.0390625 0.0390625
0 0.4765625 0.25 0.0390625 0.0390625
0 0.42578125 0.265625 0.0390625 0.0390625
0 0.34375 0.29296875 0.0390625 0.0390625
0 0.37109375 0.3046875 0.0390625 0.0390625
0 0.375 0.3046875 0.0390625 0.0390625
0 0.2734375 0.3125 0.0390625 0.0390625
0 0.27734375 0.3125 0.0390625 0.0390625
0 0.2265625 0.33203125 0.0390625 0.0390625
0 0.23046875 0.33203125 0.0390625 0.0390625
0 0.15625 0.3515625 0.0390625 0.0390625
0 0.08203125 0.375 0.0390625 0.0390625
0 0.08203125 0.37890625 0.0390625 0.0390625
0 0.01953125 0.39453125 0.0390625 0.0390625
0 0.8125 0.48046875 0.0390625 0.0390625
0 0.69921875 0.49609375 0.0390625 0.0390625
0 0.65625 0.515625 0.0390625 0.0390625
0 0.63671875 0.51953125 0.0390625 0.0390625
0 0.65625 0.51953125 0.0390625 0.0390625
0 0.63671875 0.5234375 0.0390625 0.0390625
0 0.88671875 0.56640625 0.0390625 0.0390625
0 0.890625 0.56640625 0.0390625 0.0390625
0 0.37890625 0.57421875 0.0390625 0.0390625
0 0.86328125 0.57421875 0.0390625 0.0390625
0 0.84375 0.578125 0.0390625 0.0390625
0 0.84375 0.58203125 0.0390625 0.0390625
0 0.453125 0.69921875 0.0390625 0.0390625
0 0.98046875 0.91015625 0.0390625 0.0390625
0 0.984375 0.91015625 0.0390625 0.0390625
0 0.93359375 0.92578125 0.0390625 0.0390625
0 0.9375 0.92578125 0.0390625 0.0390625
