0 0.5859375 0.0390625 0.0390625 0.0390625
0 0.58984375 0.0390625 0.0390625 0.0390625
0 0.5859375 0.04296875 0.0390625 0.0390625
0 0.58984375 0.04296875 0.0390625 0.0390625
0 0.59765625 0.0546875 0.0390625 0.0390625
0 0.6015625 0.0546875 0.0390625 0.0390625
0 0.69140625 0.0703125 0.0390625 0.0390625
0 0.60546875 0.08203125 0.0390625 0.0390625
0 0.2421875 0.09375 0.0390625 0.0390625
0 0.6953125 0.09375 0.0390625 0.0390625
0 0.61328125 0.09765625 0.0390625 0.0390625
0 0.6171875 0.1171875 0.0390625 0.0390625
0 0.6171875 0.12109375 0.0390625 0.0390625
0 0.62890625 0.13671875 0.0390625 0.0390625
0 0.70703125 0.13671875 0.0390625 0.0390625
0 0.7109375 0.15625 0.0390625 0.0390625
0 0.734375 0.21484375 0.0390625 0.0390625
0 0.734375 0.21875 0.0390625 0.0390625
0 0.8515625 0.296875 0.0390625 0.0390625
0 0.85546875 0.296875 0.0390625 0.0390625
0 0.6328125 0.30078125 0.0390625 0.0390625
0 0.8515625 0.30078125 0.0390625 0.0390625
0 0.85546875 0.30078125 0.0390625 0.0390625
0 0.609375 0.3046875 0.0390625 0.0390625
0 0.61328125 0.3046875 0.0390625 0.0390625
0 0.92578125 0.3046875 0.0390625 0.0390625
0 0.9296875 0.3046875 0.0390625 0.0390625
0 0.609375 0.30859375 0.0390625 0.0390625
0 0.61328125 0.30859375 0.0390625 0.0390625
0 0.80859375 0.3125 0.0390625 0.0390625
0 0.75390625 0.328125 0.0390625 0.0390625
0 0.75390625 0.33203125 0.0390625 0.0390625
0 0.81640625 0.3671875 0.0390625 0.0390625
0 0.81640625 0.37109375 0.0390625 0.0390625
0 0.734375 0.390625 0.0390625 0.0390625
0 0.609375 0.43359375 0.0390625 0.0390625
0 0.18359375 0.5234375 0.0390625 0.0390625
0 0.12890625 0.5390625 0.0390625 0.0390625
0 0.1796875 0.5546875 0.0390625 0.0390625
0 0.1796875 0.55859375 0.0390625 0.0390625
0 0.07421875 0.6171875 0.0390625 0.0390625
