0 0.5703125 0.0078125 0.0390625 0.0390625
0 0.52734375 0.0390625 0.0390625 0.0390625
0 0.421875 0.046875 0.0390625 0.0390625
0 0.09375 0.10546875 0.0390625 0.0390625
0 0.99609375 0.109375 0.0390625 0.0390625
0 0.99609375 0.11328125 0.0390625 0.0390625
0 0.4296875 0.1171875 0.0390625 0.0390625
0 0.3828125 0.12890625 0.0390625 0.0390625
0 0.38671875 0.12890625 0.0390625 0.0390625
0 0.328125 0.14453125 0.0390625 0.0390625
0 0.328125 0.1484375 0.0390625 0.0390625
0 0.4921875 0.15234375 0.0390625 0.0390625
0 0.2890625 0.16015625 0.0390625 0.0390625
0 0.234375 0.17578125 0.0390625 0.0390625
0 0.234375 0.1796875 0.0390625 0.0390625
0 0.19140625 0.19140625 0.0390625 0.0390625
0 0.19140625 0.1953125 0.0390625 0.0390625
0 0.49609375 0.1953125 0.0390625 0.0390625
0 0.5 0.1953125 0.0390625 0.0390625
0 0.14453125 0.203125 0.0390625 0.0390625
0 0.1484375 0.203125 0.0390625 0.0390625
0 0.14453125 0.20703125 0.0390625 0.0390625
0 0.1484375 0.20703125 0.0390625 0.0390625
0 0.4453125 0.2109375 0.0390625 0.0390625
0 0.1015625 0.22265625 0.0390625 0.0390625
0 0.39453125 0.23046875 0.0390625 0.0390625
0 0.87109375 0.23828125 0.0390625 0.0390625
0 0.875 0.23828125 0.0390625 0.0390625
0 0.34765625 0.24609375 0.0390625 0.0390625
0 0.296875 0.2578125 0.0390625 0.0390625
0 0.296875 0.26171875 0.0390625 0.0390625
0 0.2578125 0.27734375 0.0390625 0.0390625
0 0.21484375 0.2890625 0.0390625 0.0390625
0 0.1640625 0.3046875 0.0390625 0.0390625
0 0.109375 0.3203125 0.0390625 0.0390625
0 0.97265625 0.328125 0.0390625 0.0390625
0 0.97265625 0.33203125 0.0390625 0.0390625
0 0.0625 0.3359375 0.0390625 0.0390625
0 0.00390625 0.35546875 0.0390625 0.0390625
0 0.00390625 0.359375 0.0390625 0.0390625
0 0.9296875 0.40625 0.0390625 0.0390625
0 0.4375 0.52734375 0.0390625 0.0390625
0 0.44140625 0.52734375 0.0390625 0.0390625
0 0.40234375 0.53125 0.0390625 0.0390625
0 0.4375 0.53125 0.0390625 0.0390625
0 0.44140625 0.53125 0.0390625 0.0390625
0 0.265625 0.58984375 0.0390625 0.0390625
0 0.26953125 0.58984375 0.0390625 0.0390625
0 0.2265625 0.6015625 0.0390625 0.0390625
0 0.2421875 0.6015625 0.0390625 0.0390625
0 0.24609375 0.6015625 0.0390625 0.0390625
0 0.20703125 0.60546875 0.0390625 0.0390625
0 0.2265625 0.60546875 0.0390625 0.0390625
0 0.52734375 0.921875 0.0390625 0.0390625
0 0.61328125 0.95703125 0.0390625 0.0390625
