0 0.54296875 0.04296875 0.0390625 0.0390625
0 0.55859375 0.08984375 0.0390625 0.0390625
0 0.4921875 0.10546875 0.0390625 0.0390625
0 0.5703125 0.1328125 0.0390625 0.0390625
0 0.57421875 0.1328125 0.0390625 0.0390625
0 0.5703125 0.13671875 0.0390625 0.0390625
0 0.57421875 0.13671875 0.0390625 0.0390625
0 0.58984375 0.1796875 0.0390625 0.0390625
0 0.51953125 0.19140625 0.0390625 0.0390625
0 0.59765625 0.22265625 0.0390625 0.0390625
0 0.6015625 0.22265625 0.0390625 0.0390625
0 0.6171875 0.27734375 0.0390625 0.0390625
0 0.62109375 0.27734375 0.0390625 0.0390625
0 0.62890625 0.31640625 0.0390625 0.0390625
0 0.6328125 0.31640625 0.0390625 0.0390625
0 0.62890625 0.3203125 0.0390625 0.0390625
0 0.6328125 0.3203125 0.0390625 0.0390625
0 0.64453125 0.36328125 0.0390625 0.0390625
0 0.6484375 0.36328125 0.0390625 0.0390625
0 0.65625 0.3984375 0.0390625 0.0390625
0 0.94921875 0.421875 0.0390625 0.0390625
0 0.86328125 0.44921875 0.0390625 0.0390625
0 0.9765625 0.44921875 0.0390625 0.0390625
0 0.953125 0.49609375 0.0390625 0.0390625
0 0.953125 0.5 0.0390625 0.0390625
0 0.9140625 0.5078125 0.0390625 0.0390625
0 0.6875 0.578125 0.0390625 0.0390625
0 0.69140625 0.578125 0.0390625 0.0390625
0 0.62890625 0.59765625 0.0390625 0.0390625
0 0.7578125 0.66796875 0.0390625 0.0390625
0 0.76171875 0.66796875 0.0390625 0.0390625
0 0.0546875 0.7109375 0.0390625 0.0390625
0 0.05859375 0.7109375 0.0390625 0.0390625
