0 0.98046875 0.01171875 0.0390625 0.0390625
0 0.94140625 0.0234375 0.0390625 0.0390625
0 0.98046875 0.0390625 0.0390625 0.0390625
0 0.99609375 0.0546875 0.0390625 0.0390625
0 0.5546875 0.0859375 0.0390625 0.0390625
0 0.98828125 0.15234375 0.0390625 0.0390625
0 0.9921875 0.17578125 0.0390625 0.0390625
0 0.9921875 0.1796875 0.0390625 0.0390625
0 0.59765625 0.21484375 0.0390625 0.0390625
0 0.6328125 0.26953125 0.0390625 0.0390625
0 0.6328125 0.2734375 0.0390625 0.0390625
0 0.59765625 0.3203125 0.0390625 0.0390625
0 0.3203125 0.40625 0.0390625 0.0390625
0 0.3203125 0.41015625 0.0390625 0.0390625
0 0.97265625 0.4140625 0.0390625 0.0390625
0 0.95703125 0.44921875 0.0390625 0.0390625
0 0.98046875 0.453125 0.0390625 0.0390625
0 0.9375 0.45703125 0.0390625 0.0390625
0 0.9375 0.4609375 0.0390625 0.0390625
0 0.91015625 0.46875 0.0390625 0.0390625
0 0.86328125 0.51953125 0.0390625 0.0390625
0 0.6875 0.71484375 0.0390625 0.0390625
0 0.6875 0.71875 0.0390625 0.0390625
0 0.703125 0.7578125 0.0390625 0.0390625
0 0.703125 0.76171875 0.0390625 0.0390625
0 0.46875 0.8203125 0.0390625 0.0390625
0 0.46875 0.82421875 0.0390625 0.0390625
0 0.734375 0.8515625 0.0390625 0.0390625
0 0.4765625 0.86328125 0.0390625 0.0390625
0 0.78515625 0.87109375 0.0390625 0.0390625
0 0.75 0.90234375 0.0390625 0.0390625
0 0.75 0.90625 0.0390625 0.0390625
0 0.375 0.91015625 0.0390625 0.0390625
0 0.32421875 0.9296875 0.0390625 0.0390625
0 0.76171875 0.953125 0.0390625 0.0390625
0 0.765625 0.953125 0.0390625 0.0390625
