0 0.28515625 0.015625 0.0390625 0.0390625
0 0.734375 0.0390625 0.0390625 0.0390625
0 0.6015625 0.0546875 0.0390625 0.0390625
0 0.6015625 0.05859375 0.0390625 0.0390625
0 0.30078125 0.0625 0.0390625 0.0390625
0 0.58203125 0.06640625 0.0390625 0.0390625
0 0.54296875 0.07421875 0.0390625 0.0390625
0 0.5234375 0.08203125 0.0390625 0.0390625
0 0.50390625 0.0859375 0.0390625 0.0390625
0 0.48046875 0.09765625 0.0390625 0.0390625
0 0.6171875 0.1015625 0.0390625 0.0390625
0 0.58203125 0.109375 0.0390625 0.0390625
0 0.55859375 0.1171875 0.0390625 0.0390625
0 0.53515625 0.12109375 0.0390625 0.0390625
0 0.515625 0.1328125 0.0390625 0.0390625
0 0.49609375 0.140625 0.0390625 0.0390625
0 0.2109375 0.16796875 0.0390625 0.0390625
0 0.21484375 0.16796875 0.0390625 0.0390625
0 0.43359375 0.20703125 0.0390625 0.0390625
0 0.0859375 0.24609375 0.0390625 0.0390625
0 0.8359375 0.30859375 0.0390625 0.0390625
0 0.9453125 0.3125 0.0390625 0.0390625
0 0.94921875 0.3125 0.0390625 0.0390625
0 0.8359375 0.3515625 0.0390625 0.0390625
0 0.6015625 0.4296875 0.0390625 0.0390625
0 0.71875 0.484375 0.0390625 0.0390625
0 0.6953125 0.48828125 0.0390625 0.0390625
0 0.625 0.5234375 0.0390625 0.0390625
0 0.6015625 0.52734375 0.0390625 0.0390625
0 0.1640625 0.54296875 0.0390625 0.0390625
0 0.16796875 0.54296875 0.0390625 0.0390625
0 0.7421875 0.56640625 0.0390625 0.0390625
0 0.52734375 0.5703125 0.0390625 0.0390625
0 0.53125 0.5703125 0.0390625 0.0390625
0 0.72265625 0.578125 0.0390625 0.0390625
0 0.7265625 0.578125 0.0390625 0.0390625
0 0.70703125 0.5859375 0.0390625 0.0390625
0 0.6875 0.59375 0.0390625 0.0390625
0 0.69140625 0.59375 0.0390625 0.0390625
0 0.609375 0.61328125 0.0390625 0.0390625
0 0.703125 0.62890625 0.0390625 0.0390625
0 0.6796875 0.640625 0.0390625 0.0390625
0 0.68359375 0.640625 0.0390625 0.0390625
0 0.64453125 0.6484375 0.0390625 0.0390625
0 0.625 0.65625 0.0390625 0.0390625
0 0.02734375 0.9296875 0.0390625 0.0390625
0 0.5859375 0.9453125 0.0390625 0.0390625
0 0.59765625 0.9921875 0.0390625 0.0390625
0 0.6015625 0.9921875 0.0390625 0.0390625
