0 0.83203125 0.0 0.0390625 0.0390625
0 0.66015625 0.01171875 0.0390625 0.0390625
0 0.6640625 0.01171875 0.0390625 0.0390625
0 0.70703125 0.02734375 0.0390625 0.0390625
0 0.54296875 0.0859375 0.0390625 0.0390625
0 0.703125 0.12109375 0.0390625 0.0390625
0 0.41796875 0.12890625 0.0390625 0.0390625
0 0.359375 0.14453125 0.0390625 0.0390625
0 0.36328125 0.14453125 0.0390625 0.0390625
0 0.29296875 0.171875 0.0390625 0.0390625
0 0.2265625 0.1953125 0.0390625 0.0390625
0 0.078125 0.203125 0.0390625 0.0390625
0 0.1640625 0.21484375 0.0390625 0.0390625
0 0.765625 0.37109375 0.0390625 0.0390625
0 0.76953125 0.37109375 0.0390625 0.0390625
0 0.765625 0.375 0.0390625 0.0390625
0 0.76953125 0.375 0.0390625 0.0390625
0 0.109375 0.3828125 0.0390625 0.0390625
0 0.078125 0.38671875 0.0390625 0.0390625
0 0.078125 0.390625 0.0390625 0.0390625
0 0.78515625 0.4296875 0.0390625 0.0390625
0 0.13671875 0.4609375 0.0390625 0.0390625
0 0.9765625 0.4765625 0.0390625 0.0390625
0 0.11328125 0.4921875 0.0390625 0.0390625
0 0.80859375 0.4921875 0.0390625 0.0390625
0 0.80859375 0.49609375 0.0390625 0.0390625
0 0.84375 0.5234375 0.0390625 0.0390625
0 0.8203125 0.54296875 0.0390625 0.0390625
0 0.98828125 0.57421875 0.0390625 0.0390625
0 0.203125 0.58203125 0.0390625 0.0390625
0 0.20703125 0.58203125 0.0390625 0.0390625
0 0.8359375 0.5859375 0.0390625 0.0390625
0 0.12109375 0.61328125 0.0390625 0.0390625
0 0.21875 0.62890625 0.0390625 0.0390625
0 0.22265625 0.62890625 0.0390625 0.0390625
0 0.4921875 0.63671875 0.0390625 0.0390625
0 0.85546875 0.63671875 0.0390625 0.0390625
0 0.1640625 0.640625 0.0390625 0.0390625
0 0.4921875 0.66015625 0.0390625 0.0390625
0 0.87109375 0.6875 0.0390625 0.0390625
0 0.96484375 0.69140625 0.0390625 0.0390625
0 0.15625 0.72265625 0.0390625 0.0390625
0 0.87890625 0.72265625 0.0390625 0.0390625
0 0.15625 0.7265625 0.0390625 0.0390625
0 0.22265625 0.73828125 0.0390625 0.0390625
0 0.98046875 0.73828125 0.0390625 0.0390625
0 0.22265625 0.7421875 0.0390625 0.0390625
0 0.91796875 0.7421875 0.0390625 0.0390625
0 0.98046875 0.7421875 0.0390625 0.0390625
0 0.9921875 0.78515625 0.0390625 0.0390625
0 0.99609375 0.78515625 0.0390625 0.0390625
0 0.1796875 0.79296875 0.0390625 0.0390625
0 0.9609375 0.8828125 0.0390625 0.0390625
0 0.96484375 0.98046875 0.0390625 0.0390625
