0 0.703125 0.2265625 0.0390625 0.0390625
0 0.6484375 0.23828125 0.0390625 0.0390625
0 0.65234375 0.23828125 0.0390625 0.0390625
0 0.63671875 0.29296875 0.0390625 0.0390625
0 0.4765625 0.296875 0.0390625 0.0390625
0 0.32421875 0.33984375 0.0390625 0.0390625
0 0.328125 0.33984375 0.0390625 0.0390625
0 0.32421875 0.34375 0.0390625 0.0390625
0 0.328125 0.34375 0.0390625 0.0390625
0 0.74609375 0.3828125 0.0390625 0.0390625
0 0.8828125 0.3828125 0.0390625 0.0390625
0 0.88671875 0.3828125 0.0390625 0.0390625
0 0.8828125 0.38671875 0.0390625 0.0390625
0 0.88671875 0.38671875 0.0390625 0.0390625
0 0.6015625 0.3984375 0.0390625 0.0390625
0 0.55859375 0.41796875 0.0390625 0.0390625
0 0.5625 0.41796875 0.0390625 0.0390625
0 0.0859375 0.421875 0.0390625 0.0390625
0 0.65234375 0.421875 0.0390625 0.0390625
0 0.03125 0.43359375 0.0390625 0.0390625
0 0.03515625 0.43359375 0.0390625 0.0390625
0 0.6171875 0.4375 0.0390625 0.0390625
0 0.47265625 0.5234375 0.0390625 0.0390625
0 0.390625 0.546875 0.0390625 0.0390625
0 0.39453125 0.546875 0.0390625 0.0390625
0 0.56640625 0.546875 0.0390625 0.0390625
0 0.56640625 0.55078125 0.0390625 0.0390625
0 0.26171875 0.578125 0.0390625 0.0390625
0 0.28515625 0.5859375 0.0390625 0.0390625
0 0.3125 0.59765625 0.0390625 0.0390625
0 0.31640625 0.59765625 0.0390625 0.0390625
0 0.296875 0.62109375 0.0390625 0.0390625
0 0.19921875 0.625 0.0390625 0.0390625
0 0.26953125 0.625 0.0390625 0.0390625
0 0.296875 0.625 0.0390625 0.0390625
0 0.64453125 0.76953125 0.0390625 0.0390625
0 0.46875 0.7734375 0.0390625 0.0390625
0 0.484375 0.7890625 0.0390625 0.0390625
0 0.6484375 0.7890625 0.0390625 0.0390625
0 0.671875 0.87109375 0.0390625 0.0390625
0 0.58984375 0.88671875 0.0390625 0.0390625
0 0.59375 0.88671875 0.0390625 0.0390625
