0 0.87109375 0.1171875 0.0390625 0.0390625
0 0.00390625 0.13671875 0.0390625 0.0390625
0 0.25390625 0.13671875 0.0390625 0.0390625
0 0.00390625 0.140625 0.0390625 0.0390625
0 0.7734375 0.16015625 0.0390625 0.0390625
0 0.05078125 0.1953125 0.0390625 0.0390625
0 0.0546875 0.1953125 0.0390625 0.0390625
0 0.05078125 0.19921875 0.0390625 0.0390625
0 0.0546875 0.19921875 0.0390625 0.0390625
0 0.01171875 0.20703125 0.0390625 0.0390625
0 0.01171875 0.2109375 0.0390625 0.0390625
0 0.4765625 0.26953125 0.0390625 0.0390625
0 0.4609375 0.3671875 0.0390625 0.0390625
0 0.01953125 0.3984375 0.0390625 0.0390625
0 0.77734375 0.5234375 0.0390625 0.0390625
0 0.7578125 0.53515625 0.0390625 0.0390625
0 0.7265625 0.58984375 0.0390625 0.0390625
0 0.66015625 0.7734375 0.0390625 0.0390625
0 0.66015625 0.77734375 0.0390625 0.0390625
0 0.6015625 0.7890625 0.0390625 0.0390625
0 0.1328125 0.79296875 0.0390625 0.0390625
0 0.55078125 0.80078125 0.0390625 0.0390625
0 0.14453125 0.8125 0.0390625 0.0390625
0 0.51171875 0.8203125 0.0390625 0.0390625
0 0.51171875 0.82421875 0.0390625 0.0390625
0 0.484375 0.828125 0.0390625 0.0390625
0 0.484375 0.83203125 0.0390625 0.0390625
0 0.1484375 0.8359375 0.0390625 0.0390625
0 0.41015625 0.8515625 0.0390625 0.0390625
0 0.41015625 0.85546875 0.0390625 0.0390625
0 0.64453125 0.8671875 0.0390625 0.0390625
0 0.359375 0.87109375 0.0390625 0.0390625
