0 0.82421875 0.484375 0.0390625 0.0390625
0 0.828125 0.484375 0.0390625 0.0390625
0 0.26953125 0.5234375 0.0390625 0.0390625
0 0.2734375 0.5234375 0.0390625 0.0390625
0 0.25390625 0.52734375 0.0390625 0.0390625
0 0.234375 0.53515625 0.0390625 0.0390625
0 0.2109375 0.546875 0.0390625 0.0390625
0 0.81640625 0.58984375 0.0390625 0.0390625
0 0.37109375 0.6171875 0.0390625 0.0390625
0 0.3515625 0.62109375 0.0390625 0.0390625
0 0.328125 0.625 0.0390625 0.0390625
0 0.30859375 0.6328125 0.0390625 0.0390625
0 0.2890625 0.63671875 0.0390625 0.0390625
0 0.265625 0.640625 0.0390625 0.0390625
0 0.265625 0.64453125 0.0390625 0.0390625
0 0.24609375 0.65234375 0.0390625 0.0390625
0 0.421875 0.6953125 0.0390625 0.0390625
0 0.40625 0.703125 0.0390625 0.0390625
0 0.3828125 0.70703125 0.0390625 0.0390625
0 0.5625 0.7109375 0.0390625 0.0390625
0 0.56640625 0.7109375 0.0390625 0.0390625
0 0.36328125 0.71484375 0.0390625 0.0390625
0 0.34375 0.71875 0.0390625 0.0390625
0 0.36328125 0.71875 0.0390625 0.0390625
0 0.32421875 0.7265625 0.0390625 0.0390625
0 0.30078125 0.73046875 0.0390625 0.0390625
0 0.27734375 0.734375 0.0390625 0.0390625
0 0.46484375 0.74609375 0.0390625 0.0390625
0 0.40234375 0.765625 0.0390625 0.0390625
0 0.55078125 0.8125 0.0390625 0.0390625
0 0.5546875 0.8125 0.0390625 0.0390625
0 0.5 0.828125 0.0390625 0.0390625
0 0.3984375 0.859375 0.0390625 0.0390625
0 0.0703125 0.875 0.0390625 0.0390625
0 0.359375 0.875 0.0390625 0.0390625
0 0.30078125 0.890625 0.0390625 0.0390625
0 0.30078125 0.89453125 0.0390625 0.0390625
0 0.25 0.91015625 0.0390625 0.0390625
0 0.19921875 0.921875 0.0390625 0.0390625
0 0.11328125 0.95703125 0.0390625 0.0390625
0 0.0703125 0.96484375 0.0390625 0.0390625
