0 0.72265625 0.2734375 0.0390625 0.0390625
0 0.4921875 0.32421875 0.0390625 0.0390625
0 0.49609375 0.32421875 0.0390625 0.0390625
0 0.7734375 0.33984375 0.0390625 0.0390625
0 0.77734375 0.33984375 0.0390625 0.0390625
0 0.16796875 0.44921875 0.0390625 0.0390625
0 0.9921875 0.44921875 0.0390625 0.0390625
0 0.9375 0.46484375 0.0390625 0.0390625
0 0.94140625 0.46484375 0.0390625 0.0390625
0 0.8984375 0.4765625 0.0390625 0.0390625
0 0.859375 0.48828125 0.0390625 0.0390625
0 0.86328125 0.48828125 0.0390625 0.0390625
0 0.15625 0.50390625 0.0390625 0.0390625
0 0.78515625 0.51171875 0.0390625 0.0390625
0 0.78515625 0.515625 0.0390625 0.0390625
0 0.66015625 0.55078125 0.0390625 0.0390625
0 0.6640625 0.55078125 0.0390625 0.0390625
0 0.66015625 0.5546875 0.0390625 0.0390625
0 0.6640625 0.5546875 0.0390625 0.0390625
0 0.60546875 0.5703125 0.0390625 0.0390625
0 0.55078125 0.58984375 0.0390625 0.0390625
0 0.4453125 0.625 0.0390625 0.0390625
0 0.3984375 0.640625 0.0390625 0.0390625
0 0.34375 0.65625 0.0390625 0.0390625
0 0.34765625 0.65625 0.0390625 0.0390625
0 0.29296875 0.671875 0.0390625 0.0390625
0 0.16796875 0.71484375 0.0390625 0.0390625
0 0.16796875 0.71875 0.0390625 0.0390625
0 0.05078125 0.75390625 0.0390625 0.0390625
0 0.015625 0.76953125 0.0390625 0.0390625
0 0.87890625 0.8125 0.0390625 0.0390625
0 0.8828125 0.8125 0.0390625 0.0390625
0 0.890625 0.83984375 0.0390625 0.0390625
0 0.40234375 0.9921875 0.0390625 0.0390625
0 0.40625 0.9921875 0.0390625 0.0390625
0 0.40234375 0.99609375 0.0390625 0.0390625
0 0.40625 0.99609375 0.0390625 0.0390625
