0 0.78515625 0.04296875 0.0390625 0.0390625
0 0.63671875 0.08984375 0.0390625 0.0390625
0 0.05078125 0.125 0.0390625 0.0390625
0 0.05078125 0.12890625 0.0390625 0.0390625
0 0.0078125 0.171875 0.0390625 0.0390625
0 0.01171875 0.171875 0.0390625 0.0390625
0 0.13671875 0.18359375 0.0390625 0.0390625
0 0.140625 0.18359375 0.0390625 0.0390625
0 0.03515625 0.42578125 0.0390625 0.0390625
0 0.14453125 0.4296875 0.0390625 0.0390625
0 0.53125 0.43359375 0.0390625 0.0390625
0 0.5078125 0.4375 0.0390625 0.0390625
0 0.51171875 0.4375 0.0390625 0.0390625
0 0.0625 0.4453125 0.0390625 0.0390625
0 0.06640625 0.4453125 0.0390625 0.0390625
0 0.484375 0.4453125 0.0390625 0.0390625
0 0.46484375 0.44921875 0.0390625 0.0390625
0 0.46875 0.44921875 0.0390625 0.0390625
0 0.1484375 0.453125 0.0390625 0.0390625
0 0.15234375 0.453125 0.0390625 0.0390625
0 0.1484375 0.45703125 0.0390625 0.0390625
0 0.15234375 0.45703125 0.0390625 0.0390625
0 0.4453125 0.4609375 0.0390625 0.0390625
0 0.421875 0.46484375 0.0390625 0.0390625
0 0.421875 0.46875 0.0390625 0.0390625
0 0.00390625 0.47265625 0.0390625 0.0390625
0 0.40234375 0.47265625 0.0390625 0.0390625
0 0.359375 0.48046875 0.0390625 0.0390625
0 0.33984375 0.48828125 0.0390625 0.0390625
0 0.16796875 0.49609375 0.0390625 0.0390625
0 0.3203125 0.50390625 0.0390625 0.0390625
0 0.30078125 0.5078125 0.0390625 0.0390625
0 0.2421875 0.53125 0.0390625 0.0390625
0 0.953125 0.5859375 0.0390625 0.0390625
0 0.0390625 0.58984375 0.0390625 0.0390625
0 0.83203125 0.6484375 0.0390625 0.0390625
0 0.71875 0.7734375 0.0390625 0.0390625
0 0.609375 0.80859375 0.0390625 0.0390625
0 0.46484375 0.85546875 0.0390625 0.0390625
0 0.46875 0.85546875 0.0390625 0.0390625
0 0.3515625 0.890625 0.0390625 0.0390625
0 0.3125 0.90625 0.0390625 0.0390625
0 0.2578125 0.921875 0.0390625 0.0390625
