0 0.0234375 0.0 0.0390625 0.0390625
0 0.03125 0.01953125 0.0390625 0.0390625
0 0.03515625 0.01953125 0.0390625 0.0390625
0 0.0390625 0.0390625 0.0390625 0.0390625
0 0.04296875 0.05859375 0.0390625 0.0390625
0 0.04296875 0.0625 0.0390625 0.0390625
0 0.00390625 0.07421875 0.0390625 0.0390625
0 0.0546875 0.08203125 0.0390625 0.0390625
0 0.0546875 0.0859375 0.0390625 0.0390625
0 0.0078125 0.09375 0.0390625 0.0390625
0 0.01171875 0.09375 0.0390625 0.0390625
0 0.0078125 0.09765625 0.0390625 0.0390625
0 0.01171875 0.09765625 0.0390625 0.0390625
0 0.06640625 0.10546875 0.0390625 0.0390625
0 0.01953125 0.1171875 0.0390625 0.0390625
0 0.0234375 0.1171875 0.0390625 0.0390625
0 0.06640625 0.12109375 0.0390625 0.0390625
0 0.02734375 0.140625 0.0390625 0.0390625
0 0.078125 0.1484375 0.0390625 0.0390625
0 0.078125 0.15234375 0.0390625 0.0390625
0 0.03125 0.1640625 0.0390625 0.0390625
0 0.08203125 0.171875 0.0390625 0.0390625
0 0.0390625 0.18359375 0.0390625 0.0390625
0 0.09375 0.19140625 0.0390625 0.0390625
0 0.04296875 0.20703125 0.0390625 0.0390625
0 0.0078125 0.21875 0.0390625 0.0390625
0 0.34375 0.35546875 0.0390625 0.0390625
0 0.30078125 0.37109375 0.0390625 0.0390625
0 0.25 0.39453125 0.0390625 0.0390625
0 0.5546875 0.39453125 0.0390625 0.0390625
0 0.25 0.3984375 0.0390625 0.0390625
0 0.5546875 0.3984375 0.0390625 0.0390625
0 0.203125 0.41796875 0.0390625 0.0390625
0 0.15234375 0.43359375 0.0390625 0.0390625
0 0.5859375 0.44140625 0.0390625 0.0390625
0 0.109375 0.4453125 0.0390625 0.0390625
0 0.109375 0.44921875 0.0390625 0.0390625
0 0.0625 0.4609375 0.0390625 0.0390625
0 0.5859375 0.4609375 0.0390625 0.0390625
0 0.58984375 0.4609375 0.0390625 0.0390625
0 0.48828125 0.53125 0.0390625 0.0390625
0 0.57421875 0.5703125 0.0390625 0.0390625
0 0.546875 0.58203125 0.0390625 0.0390625
0 0.55078125 0.58203125 0.0390625 0.0390625
