0 0.09375 0.02734375 0.0390625 0.0390625
0 0.671875 0.02734375 0.0390625 0.0390625
0 0.6875 0.10546875 0.0390625 0.0390625
0 0.69140625 0.10546875 0.0390625 0.0390625
0 0.9921875 0.14453125 0.0390625 0.0390625
0 0.99609375 0.14453125 0.0390625 0.0390625
0 0.9921875 0.1484375 0.0390625 0.0390625
0 0.99609375 0.1484375 0.0390625 0.0390625
0 0.71484375 0.16796875 0.0390625 0.0390625
0 0.71484375 0.171875 0.0390625 0.0390625
0 0.953125 0.34375 0.0390625 0.0390625
0 0.9921875 0.34375 0.0390625 0.0390625
0 0.99609375 0.34375 0.0390625 0.0390625
0 0.953125 0.34765625 0.0390625 0.0390625
0 0.62109375 0.3671875 0.0390625 0.0390625
0 0.83984375 0.3671875 0.0390625 0.0390625
0 0.453125 0.39453125 0.0390625 0.0390625
0 0.453125 0.3984375 0.0390625 0.0390625
0 0.17578125 0.42578125 0.0390625 0.0390625
0 0.25 0.45703125 0.0390625 0.0390625
0 0.08984375 0.50390625 0.0390625 0.0390625
0 0.69921875 0.55859375 0.0390625 0.0390625
0 0.8359375 0.55859375 0.0390625 0.0390625
0 0.69921875 0.5625 0.0390625 0.0390625
0 0.671875 0.56640625 0.0390625 0.0390625
0 0.640625 0.57421875 0.0390625 0.0390625
0 0.6171875 0.58203125 0.0390625 0.0390625
0 0.58203125 0.5859375 0.0390625 0.0390625
0 0.5859375 0.5859375 0.0390625 0.0390625
0 0.56640625 0.59765625 0.0390625 0.0390625
0 0.54296875 0.6015625 0.0390625 0.0390625
0 0.5234375 0.609375 0.0390625 0.0390625
0 0.734375 0.6640625 0.0390625 0.0390625
0 0.734375 0.66796875 0.0390625 0.0390625
0 0.58984375 0.671875 0.0390625 0.0390625
0 0.48046875 0.68359375 0.0390625 0.0390625
0 0.59375 0.6953125 0.0390625 0.0390625
0 0.48046875 0.70703125 0.0390625 0.0390625
0 0.60546875 0.71875 0.0390625 0.0390625
0 0.6484375 0.71875 0.0390625 0.0390625
0 0.60546875 0.73828125 0.0390625 0.0390625
0 0.609375 0.73828125 0.0390625 0.0390625
0 0.49609375 0.7421875 0.0390625 0.0390625
0 0.765625 0.7578125 0.0390625 0.0390625
0 0.5 0.76171875 0.0390625 0.0390625
0 0.6171875 0.7734375 0.0390625 0.0390625
0 0.5078125 0.78125 0.0390625 0.0390625
0 0.75390625 0.78515625 0.0390625 0.0390625
0 0.98046875 0.7890625 0.0390625 0.0390625
0 0.984375 0.7890625 0.0390625 0.0390625
0 0.625 0.79296875 0.0390625 0.0390625
0 0.98046875 0.79296875 0.0390625 0.0390625
0 0.984375 0.79296875 0.0390625 0.0390625
0 0.625 0.796875 0.0390625 0.0390625
0 0.515625 0.80078125 0.0390625 0.0390625
0 0.62890625 0.81640625 0.0390625 0.0390625
0 0.51953125 0.8203125 0.0390625 0.0390625
0 0.671875 0.82421875 0.0390625 0.0390625
0 0.671875 0.828125 0.0390625 0.0390625
0 0.80859375 0.8828125 0.0390625 0.0390625
0 0.80859375 0.88671875 0.0390625 0.0390625
0 0.6484375 0.89453125 0.0390625 0.0390625
0 0.65625 0.9140625 0.0390625 0.0390625
0 0.55078125 0.92578125 0.0390625 0.0390625
0 0.66015625 0.93359375 0.0390625 0.0390625
0 0.81640625 0.93359375 0.0390625 0.0390625
0 0.5625 0.94921875 0.0390625 0.0390625
0 0.6640625 0.953125 0.0390625 0.0390625
0 0.66796875 0.953125 0.0390625 0.0390625
0 0.6640625 0.95703125 0.0390625 0.0390625
0 0.66796875 0.95703125 0.0390625 0.0390625
0 0.71875 0.96484375 0.0390625 0.0390625
0 0.671875 0.9765625 0.0390625 0.0390625
0 0.73046875 0.98046875 0.0390625 0.0390625
0 0.5703125 0.984375 0.0390625 0.0390625
0 0.57421875 0.984375 0.0390625 0.0390625
0 0.73046875 0.984375 0.0390625 0.0390625
0 0.6875 0.9921875 0.0390625 0.0390625
0 0.83203125 0.99609375 0.0390625 0.0390625
