0 0.578125 0.01171875 0.0390625 0.0390625
0 0.58203125 0.01171875 0.0390625 0.0390625
0 0.64453125 0.10546875 0.0390625 0.0390625
0 0.84375 0.125 0.0390625 0.0390625
0 0.54296875 0.1328125 0.0390625 0.0390625
0 0.546875 0.1328125 0.0390625 0.0390625
0 0.5625 0.18359375 0.0390625 0.0390625
0 0.61328125 0.21484375 0.0390625 0.0390625
0 0.5703125 0.23046875 0.0390625 0.0390625
0 0.68359375 0.2421875 0.0390625 0.0390625
0 0.6875 0.2421875 0.0390625 0.0390625
0 0.5859375 0.27734375 0.0390625 0.0390625
0 0.609375 0.3359375 0.0390625 0.0390625
0 0.73046875 0.37109375 0.0390625 0.0390625
0 0.625 0.390625 0.0390625 0.0390625
0 0.74609375 0.41796875 0.0390625 0.0390625
0 0.63671875 0.4375 0.0390625 0.0390625
0 0.65625 0.48046875 0.0390625 0.0390625
0 0.65625 0.484375 0.0390625 0.0390625
0 0.73828125 0.515625 0.0390625 0.0390625
0 0.7890625 0.57421875 0.0390625 0.0390625
0 0.79296875 0.57421875 0.0390625 0.0390625
0 0.703125 0.640625 0.0390625 0.0390625
0 0.703125 0.64453125 0.0390625 0.0390625
0 0.72265625 0.703125 0.0390625 0.0390625
0 0.8046875 0.96484375 0.0390625 0.0390625
