0 0.98046875 0.02734375 0.0390625 0.0390625
0 0.28125 0.09375 0.0390625 0.0390625
0 0.14453125 0.1640625 0.0390625 0.0390625
0 0.6484375 0.57421875 0.0390625 0.0390625
0 0.59765625 0.59375 0.0390625 0.0390625
0 0.69921875 0.69140625 0.0390625 0.0390625
0 0.84765625 0.69921875 0.0390625 0.0390625
0 0.8515625 0.69921875 0.0390625 0.0390625
0 0.63671875 0.73828125 0.0390625 0.0390625
0 0.9296875 0.73828125 0.0390625 0.0390625
0 0.93359375 0.73828125 0.0390625 0.0390625
0 0.640625 0.76171875 0.0390625 0.0390625
0 0.6484375 0.78125 0.0390625 0.0390625
0 0.79296875 0.78125 0.0390625 0.0390625
0 0.76953125 0.78515625 0.0390625 0.0390625
0 0.65625 0.80078125 0.0390625 0.0390625
0 0.7265625 0.80078125 0.0390625 0.0390625
0 0.953125 0.82421875 0.0390625 0.0390625
0 0.7109375 0.9296875 0.0390625 0.0390625
0 0.71484375 0.9296875 0.0390625 0.0390625
