0 0.09765625 0.015625 0.0390625 0.0390625
0 0.0 0.09375 0.0390625 0.0390625
0 0.0234375 0.15625 0.0390625 0.0390625
0 0.78515625 0.26953125 0.0390625 0.0390625
0 0.80859375 0.28125 0.0390625 0.0390625
0 0.53125 0.28515625 0.0390625 0.0390625
0 0.53515625 0.28515625 0.0390625 0.0390625
0 0.53125 0.2890625 0.0390625 0.0390625
0 0.53515625 0.2890625 0.0390625 0.0390625
0 0.53125 0.30859375 0.0390625 0.0390625
0 0.6171875 0.3125 0.0390625 0.0390625
0 0.5546875 0.32421875 0.0390625 0.0390625
0 0.5546875 0.328125 0.0390625 0.0390625
0 0.62109375 0.34375 0.0390625 0.0390625
0 0.5546875 0.34765625 0.0390625 0.0390625
0 0.5546875 0.3515625 0.0390625 0.0390625
0 0.58984375 0.36328125 0.0390625 0.0390625
0 0.59375 0.36328125 0.0390625 0.0390625
0 0.85546875 0.3671875 0.0390625 0.0390625
0 0.63671875 0.375 0.0390625 0.0390625
0 0.8203125 0.37890625 0.0390625 0.0390625
0 0.8203125 0.3828125 0.0390625 0.0390625
0 0.5703125 0.390625 0.0390625 0.0390625
0 0.6484375 0.3984375 0.0390625 0.0390625
0 0.57421875 0.421875 0.0390625 0.0390625
0 0.578125 0.421875 0.0390625 0.0390625
0 0.1328125 0.4453125 0.0390625 0.0390625
0 0.65625 0.44921875 0.0390625 0.0390625
0 0.6640625 0.46484375 0.0390625 0.0390625
0 0.6640625 0.46875 0.0390625 0.0390625
0 0.984375 0.48046875 0.0390625 0.0390625
0 0.58984375 0.48828125 0.0390625 0.0390625
0 0.078125 0.5234375 0.0390625 0.0390625
0 0.82421875 0.55859375 0.0390625 0.0390625
0 0.828125 0.55859375 0.0390625 0.0390625
0 0.08203125 0.5703125 0.0390625 0.0390625
0 0.66796875 0.57421875 0.0390625 0.0390625
0 0.19921875 0.60546875 0.0390625 0.0390625
0 0.19921875 0.609375 0.0390625 0.0390625
0 0.09375 0.61328125 0.0390625 0.0390625
0 0.54296875 0.6171875 0.0390625 0.0390625
0 0.10546875 0.63671875 0.0390625 0.0390625
0 0.1796875 0.640625 0.0390625 0.0390625
0 0.18359375 0.640625 0.0390625 0.0390625
0 0.1796875 0.64453125 0.0390625 0.0390625
0 0.18359375 0.64453125 0.0390625 0.0390625
0 0.10546875 0.65625 0.0390625 0.0390625
0 0.3203125 0.68359375 0.0390625 0.0390625
0 0.4375 0.7265625 0.0390625 0.0390625
0 0.43359375 0.73046875 0.0390625 0.0390625
0 0.125 0.76953125 0.0390625 0.0390625
0 0.16796875 0.8125 0.0390625 0.0390625
0 0.3203125 0.8125 0.0390625 0.0390625
0 0.3046875 0.87109375 0.0390625 0.0390625
0 0.3203125 0.91796875 0.0390625 0.0390625
0 0.33984375 0.96484375 0.0390625 0.0390625
0 0.33984375 0.96875 0.0390625 0.0390625
0 0.3046875 0.98828125 0.0390625 0.0390625
0 0.3046875 0.9921875 0.0390625 0.0390625
