0 0.9609375 0.01171875 0.0390625 0.0390625
0 0.96484375 0.01171875 0.0390625 0.0390625
0 0.97265625 0.0546875 0.0390625 0.0390625
0 0.99609375 0.13671875 0.0390625 0.0390625
0 0.63671875 0.140625 0.0390625 0.0390625
0 0.99609375 0.140625 0.0390625 0.0390625
0 0.5390625 0.19140625 0.0390625 0.0390625
0 0.5390625 0.1953125 0.0390625 0.0390625
0 0.671875 0.1953125 0.0390625 0.0390625
0 0.67578125 0.1953125 0.0390625 0.0390625
0 0.67578125 0.19921875 0.0390625 0.0390625
0 0.6328125 0.21484375 0.0390625 0.0390625
0 0.6796875 0.22265625 0.0390625 0.0390625
0 0.68359375 0.22265625 0.0390625 0.0390625
0 0.55078125 0.23828125 0.0390625 0.0390625
0 0.640625 0.23828125 0.0390625 0.0390625
0 0.55078125 0.2421875 0.0390625 0.0390625
0 0.6875 0.2421875 0.0390625 0.0390625
0 0.6484375 0.2578125 0.0390625 0.0390625
0 0.5546875 0.265625 0.0390625 0.0390625
0 0.6953125 0.265625 0.0390625 0.0390625
0 0.55859375 0.28515625 0.0390625 0.0390625
0 0.6484375 0.28515625 0.0390625 0.0390625
0 0.65234375 0.28515625 0.0390625 0.0390625
0 0.5625 0.3046875 0.0390625 0.0390625
0 0.56640625 0.3046875 0.0390625 0.0390625
0 0.70703125 0.30859375 0.0390625 0.0390625
0 0.70703125 0.3125 0.0390625 0.0390625
0 0.72265625 0.37890625 0.0390625 0.0390625
0 0.94921875 0.3828125 0.0390625 0.0390625
0 0.953125 0.3828125 0.0390625 0.0390625
0 0.94921875 0.38671875 0.0390625 0.0390625
0 0.953125 0.38671875 0.0390625 0.0390625
0 0.7421875 0.3984375 0.0390625 0.0390625
0 0.9296875 0.3984375 0.0390625 0.0390625
0 0.88671875 0.40625 0.0390625 0.0390625
0 0.75 0.41796875 0.0390625 0.0390625
0 0.8203125 0.42578125 0.0390625 0.0390625
0 0.82421875 0.42578125 0.0390625 0.0390625
0 0.84375 0.42578125 0.0390625 0.0390625
0 0.75390625 0.43359375 0.0390625 0.0390625
0 0.796875 0.4375 0.0390625 0.0390625
0 0.80078125 0.4375 0.0390625 0.0390625
0 0.00390625 0.71875 0.0390625 0.0390625
0 0.015625 0.76171875 0.0390625 0.0390625
0 0.01953125 0.76171875 0.0390625 0.0390625
0 0.03515625 0.82421875 0.0390625 0.0390625
0 0.0390625 0.82421875 0.0390625 0.0390625
0 0.05859375 0.88671875 0.0390625 0.0390625
0 0.07421875 0.9296875 0.0390625 0.0390625
0 0.08203125 0.98046875 0.0390625 0.0390625
0 0.0859375 0.98046875 0.0390625 0.0390625
0 0.03125 0.984375 0.0390625 0.0390625
