0 0.8203125 0.0234375 0.0390625 0.0390625
0 0.93359375 0.04296875 0.0390625 0.0390625
0 0.8359375 0.08203125 0.0390625 0.0390625
0 0.9453125 0.0859375 0.0390625 0.0390625
0 0.85546875 0.140625 0.0390625 0.0390625
0 0.98046875 0.17578125 0.0390625 0.0390625
0 0.875 0.203125 0.0390625 0.0390625
0 0.89453125 0.265625 0.0390625 0.0390625
0 0.8984375 0.265625 0.0390625 0.0390625
0 0.9140625 0.3125 0.0390625 0.0390625
0 0.94921875 0.71875 0.0390625 0.0390625
0 0.96484375 0.7421875 0.0390625 0.0390625
0 0.96875 0.7421875 0.0390625 0.0390625
0 0.6640625 0.765625 0.0390625 0.0390625
0 0.61328125 0.78125 0.0390625 0.0390625
0 0.55859375 0.796875 0.0390625 0.0390625
0 0.5 0.81640625 0.0390625 0.0390625
0 0.50390625 0.81640625 0.0390625 0.0390625
0 0.45703125 0.828125 0.0390625 0.0390625
0 0.45703125 0.83203125 0.0390625 0.0390625
0 0.40234375 0.84765625 0.0390625 0.0390625
0 0.40625 0.84765625 0.0390625 0.0390625
0 0.3671875 0.859375 0.0390625 0.0390625
0 0.8125 0.859375 0.0390625 0.0390625
0 0.3203125 0.875 0.0390625 0.0390625
0 0.26171875 0.89453125 0.0390625 0.0390625
0 0.265625 0.89453125 0.0390625 0.0390625
0 0.1328125 0.93359375 0.0390625 0.0390625
0 0.1328125 0.9375 0.0390625 0.0390625
0 0.03515625 0.96484375 0.0390625 0.0390625
