0 0.83203125 0.02734375 0.0390625 0.0390625
0 0.8359375 0.02734375 0.0390625 0.0390625
0 0.83203125 0.03125 0.0390625 0.0390625
0 0.8359375 0.03125 0.0390625 0.0390625
0 0.18359375 0.3359375 0.0390625 0.0390625
0 0.18359375 0.33984375 0.0390625 0.0390625
0 0.14453125 0.3515625 0.0390625 0.0390625
0 0.91796875 0.40234375 0.0390625 0.0390625
0 0.90234375 0.44921875 0.0390625 0.0390625
0 0.90625 0.44921875 0.0390625 0.0390625
0 0.31640625 0.6015625 0.0390625 0.0390625
0 0.296875 0.609375 0.0390625 0.0390625
0 0.3515625 0.62109375 0.0390625 0.0390625
0 0.3515625 0.65234375 0.0390625 0.0390625
0 0.8125 0.71875 0.0390625 0.0390625
0 0.8125 0.72265625 0.0390625 0.0390625
0 0.296875 0.73828125 0.0390625 0.0390625
0 0.0703125 0.75 0.0390625 0.0390625
0 0.07421875 0.75 0.0390625 0.0390625
0 0.390625 0.75390625 0.0390625 0.0390625
0 0.265625 0.765625 0.0390625 0.0390625
0 0.40234375 0.7734375 0.0390625 0.0390625
0 0.3046875 0.77734375 0.0390625 0.0390625
0 0.265625 0.7890625 0.0390625 0.0390625
0 0.265625 0.79296875 0.0390625 0.0390625
0 0.40625 0.80078125 0.0390625 0.0390625
0 0.09765625 0.86328125 0.0390625 0.0390625
0 0.34765625 0.875 0.0390625 0.0390625
0 0.34765625 0.87890625 0.0390625 0.0390625
0 0.2734375 0.8984375 0.0390625 0.0390625
0 0.2734375 0.90234375 0.0390625 0.0390625
0 0.29296875 0.921875 0.0390625 0.0390625
0 0.171875 0.9375 0.0390625 0.0390625
0 0.83203125 0.96875 0.0390625 0.0390625
