0 0.27734375 0.0 0.0390625 0.0390625
0 0.3671875 0.0 0.0390625 0.0390625
0 0.234375 0.01171875 0.0390625 0.0390625
0 0.140625 0.015625 0.0390625 0.0390625
0 0.140625 0.01953125 0.0390625 0.0390625
0 0.12109375 0.02734375 0.0390625 0.0390625
0 0.09765625 0.03125 0.0390625 0.0390625
0 0.12109375 0.03125 0.0390625 0.0390625
0 0.0078125 0.03515625 0.0390625 0.0390625
0 0.09765625 0.03515625 0.0390625 0.0390625
0 0.03125 0.0390625 0.0390625 0.0390625
0 0.0546875 0.0390625 0.0390625 0.0390625
0 0.07421875 0.0390625 0.0390625 0.0390625
0 0.078125 0.0390625 0.0390625 0.0390625
0 0.03125 0.04296875 0.0390625 0.0390625
0 0.7265625 0.05078125 0.0390625 0.0390625
0 0.73046875 0.05078125 0.0390625 0.0390625
0 0.2890625 0.078125 0.0390625 0.0390625
0 0.8046875 0.08203125 0.0390625 0.0390625
0 0.265625 0.0859375 0.0390625 0.0390625
0 0.24609375 0.09765625 0.0390625 0.0390625
0 0.22265625 0.1015625 0.0390625 0.0390625
0 0.2265625 0.1015625 0.0390625 0.0390625
0 0.19921875 0.10546875 0.0390625 0.0390625
0 0.203125 0.10546875 0.0390625 0.0390625
0 0.1796875 0.11328125 0.0390625 0.0390625
0 0.16015625 0.12109375 0.0390625 0.0390625
0 0.16015625 0.125 0.0390625 0.0390625
0 0.1328125 0.12890625 0.0390625 0.0390625
0 0.109375 0.1328125 0.0390625 0.0390625
0 0.109375 0.13671875 0.0390625 0.0390625
0 0.08984375 0.140625 0.0390625 0.0390625
0 0.06640625 0.15234375 0.0390625 0.0390625
0 0.04296875 0.15625 0.0390625 0.0390625
0 0.30859375 0.1796875 0.0390625 0.0390625
0 0.15234375 0.21875 0.0390625 0.0390625
0 0.85546875 0.23828125 0.0390625 0.0390625
0 0.3046875 0.2421875 0.0390625 0.0390625
0 0.7421875 0.484375 0.0390625 0.0390625
0 0.74609375 0.484375 0.0390625 0.0390625
0 0.6015625 0.53125 0.0390625 0.0390625
0 0.546875 0.58203125 0.0390625 0.0390625
0 0.58203125 0.59765625 0.0390625 0.0390625
0 0.6015625 0.65625 0.0390625 0.0390625
0 0.609375 0.6796875 0.0390625 0.0390625
0 0.61328125 0.6796875 0.0390625 0.0390625
0 0.7734375 0.87890625 0.0390625 0.0390625
0 0.7265625 0.89453125 0.0390625 0.0390625
0 0.7265625 0.8984375 0.0390625 0.0390625
0 0.6953125 0.90234375 0.0390625 0.0390625
0 0.72265625 0.96484375 0.0390625 0.0390625
0 0.73046875 0.98828125 0.0390625 0.0390625
0 0.734375 0.98828125 0.0390625 0.0390625
