0 0.96484375 0.109375 0.0390625 0.0390625
0 0.94921875 0.13671875 0.0390625 0.0390625
0 0.83203125 0.15234375 0.0390625 0.0390625
0 0.8359375 0.15234375 0.0390625 0.0390625
0 0.28515625 0.2109375 0.0390625 0.0390625
0 0.640625 0.2109375 0.0390625 0.0390625
0 0.64453125 0.2109375 0.0390625 0.0390625
0 0.3203125 0.21484375 0.0390625 0.0390625
0 0.37109375 0.21484375 0.0390625 0.0390625
0 0.375 0.21484375 0.0390625 0.0390625
0 0.3203125 0.21875 0.0390625 0.0390625
0 0.25390625 0.24609375 0.0390625 0.0390625
0 0.625 0.24609375 0.0390625 0.0390625
0 0.25390625 0.25 0.0390625 0.0390625
0 0.27734375 0.2578125 0.0390625 0.0390625
0 0.28125 0.2578125 0.0390625 0.0390625
0 0.27734375 0.26171875 0.0390625 0.0390625
0 0.28125 0.26171875 0.0390625 0.0390625
0 0.53515625 0.26953125 0.0390625 0.0390625
0 0.5390625 0.26953125 0.0390625 0.0390625
0 0.53515625 0.2734375 0.0390625 0.0390625
0 0.5390625 0.2734375 0.0390625 0.0390625
0 0.4296875 0.27734375 0.0390625 0.0390625
0 0.43359375 0.27734375 0.0390625 0.0390625
0 0.4296875 0.30859375 0.0390625 0.0390625
0 0.12890625 0.43359375 0.0390625 0.0390625
0 0.1328125 0.43359375 0.0390625 0.0390625
0 0.0625 0.45703125 0.0390625 0.0390625
0 0.08984375 0.6328125 0.0390625 0.0390625
0 0.1328125 0.76953125 0.0390625 0.0390625
0 0.15234375 0.8203125 0.0390625 0.0390625
0 0.17578125 0.91015625 0.0390625 0.0390625
