0 0.860655737704918 0.05859375 0.08196721311475409 0.0390625
0 0.8688524590163934 0.05859375 0.08196721311475409 0.0390625
0 0.8934426229508197 0.1015625 0.08196721311475409 0.0390625
0 0.8934426229508197 0.10546875 0.08196721311475409 0.0390625
0 0.8278688524590164 0.37109375 0.08196721311475409 0.0390625
0 0.8360655737704918 0.37109375 0.08196721311475409 0.0390625
0 0.7868852459016393 0.3828125 0.08196721311475409 0.0390625
0 0.7049180327868853 0.38671875 0.08196721311475409 0.0390625
0 0.9016393442622951 0.4765625 0.08196721311475409 0.0390625
0 0.6065573770491803 0.49609375 0.08196721311475409 0.0390625
0 0.6147540983606558 0.49609375 0.08196721311475409 0.0390625
0 0.9180327868852459 0.51171875 0.08196721311475409 0.0390625
0 0.9180327868852459 0.515625 0.08196721311475409 0.0390625
0 0.9508196721311475 0.52734375 0.08196721311475409 0.0390625
0 0.9590163934426229 0.546875 0.08196721311475409 0.0390625
0 0.9590163934426229 0.55078125 0.08196721311475409 0.0390625
0 0.6475409836065574 0.55859375 0.08196721311475409 0.0390625
0 0.9754098360655737 0.56640625 0.08196721311475409 0.0390625
0 0.9754098360655737 0.5703125 0.08196721311475409 0.0390625
0 0.6065573770491803 0.80078125 0.08196721311475409 0.0390625
0 0.6147540983606558 0.80078125 0.08196721311475409 0.0390625
0 0.9180327868852459 0.81640625 0.08196721311475409 0.0390625
0 0.9180327868852459 0.8203125 0.08196721311475409 0.0390625
0 0.6311475409836066 0.82421875 0.08196721311475409 0.0390625
0 0.9016393442622951 0.890625 0.08196721311475409 0.0390625
0 0.7704918032786885 0.9140625 0.08196721311475409 0.0390625
0 0.6721311475409836 0.92578125 0.08196721311475409 0.0390625
0 0.5655737704918032 0.94140625 0.08196721311475409 0.0390625
0 0.48360655737704916 0.95703125 0.08196721311475409 0.0390625
0 0.28688524590163933 0.984375 0.08196721311475409 0.0390625
0 0.29508196721311475 0.984375 0.08196721311475409 0.0390625
