0 0.09765625 0.0234375 0.0390625 0.0390625
0 0.015625 0.05078125 0.0390625 0.0390625
0 0.1171875 0.0703125 0.0390625 0.0390625
0 0.03515625 0.1015625 0.0390625 0.0390625
0 0.13671875 0.140625 0.0390625 0.0390625
0 0.046875 0.1484375 0.0390625 0.0390625
0 0.05078125 0.1484375 0.0390625 0.0390625
0 0.15234375 0.1875 0.0390625 0.0390625
0 0.15234375 0.19140625 0.0390625 0.0390625
0 0.05859375 0.1953125 0.0390625 0.0390625
0 0.0625 0.1953125 0.0390625 0.0390625
0 0.17578125 0.24609375 0.0390625 0.0390625
0 0.17578125 0.25 0.0390625 0.0390625
0 0.0859375 0.28125 0.0390625 0.0390625
0 0.08984375 0.28125 0.0390625 0.0390625
0 0.1875 0.29296875 0.0390625 0.0390625
0 0.19140625 0.29296875 0.0390625 0.0390625
0 0.10546875 0.33203125 0.0390625 0.0390625
0 0.109375 0.33203125 0.0390625 0.0390625
0 0.12109375 0.375 0.0390625 0.0390625
0 0.5859375 0.46484375 0.0390625 0.0390625
0 0.87890625 0.515625 0.0390625 0.0390625
0 0.8828125 0.515625 0.0390625 0.0390625
0 0.46875 0.59375 0.0390625 0.0390625
0 0.47265625 0.59375 0.0390625 0.0390625
0 0.40234375 0.6171875 0.0390625 0.0390625
0 0.40625 0.6171875 0.0390625 0.0390625
0 0.21484375 0.6328125 0.0390625 0.0390625
0 0.21875 0.6328125 0.0390625 0.0390625
0 0.3984375 0.640625 0.0390625 0.0390625
0 0.53125 0.6484375 0.0390625 0.0390625
0 0.53515625 0.6484375 0.0390625 0.0390625
0 0.53125 0.65234375 0.0390625 0.0390625
0 0.53515625 0.65234375 0.0390625 0.0390625
0 0.16796875 0.74609375 0.0390625 0.0390625
0 0.171875 0.74609375 0.0390625 0.0390625
0 0.09765625 0.76953125 0.0390625 0.0390625
0 0.1015625 0.76953125 0.0390625 0.0390625
0 0.0625 0.7890625 0.0390625 0.0390625
0 0.11328125 0.796875 0.0390625 0.0390625
