0 0.1796875 0.0390625 0.0390625 0.0390625
0 0.07421875 0.09765625 0.0390625 0.0390625
0 0.078125 0.09765625 0.0390625 0.0390625
0 0.0546875 0.13671875 0.0390625 0.0390625
0 0.33984375 0.1640625 0.0390625 0.0390625
0 0.33984375 0.16796875 0.0390625 0.0390625
0 0.3125 0.171875 0.0390625 0.0390625
0 0.2734375 0.17578125 0.0390625 0.0390625
0 0.27734375 0.17578125 0.0390625 0.0390625
0 0.2421875 0.1796875 0.0390625 0.0390625
0 0.2421875 0.18359375 0.0390625 0.0390625
0 0.296875 0.24609375 0.0390625 0.0390625
0 0.30078125 0.24609375 0.0390625 0.0390625
0 0.296875 0.25 0.0390625 0.0390625
0 0.30078125 0.25 0.0390625 0.0390625
0 0.26171875 0.265625 0.0390625 0.0390625
0 0.265625 0.265625 0.0390625 0.0390625
0 0.30078125 0.296875 0.0390625 0.0390625
0 0.3046875 0.296875 0.0390625 0.0390625
0 0.30078125 0.30078125 0.0390625 0.0390625
0 0.3046875 0.30078125 0.0390625 0.0390625
0 0.2734375 0.3203125 0.0390625 0.0390625
0 0.3125 0.3671875 0.0390625 0.0390625
0 0.28515625 0.38671875 0.0390625 0.0390625
0 0.51171875 0.44140625 0.0390625 0.0390625
0 0.2109375 0.4453125 0.0390625 0.0390625
0 0.29296875 0.4453125 0.0390625 0.0390625
0 0.21875 0.46875 0.0390625 0.0390625
0 0.59765625 0.75 0.0390625 0.0390625
0 0.890625 0.76171875 0.0390625 0.0390625
0 0.66015625 0.76953125 0.0390625 0.0390625
0 0.8515625 0.7734375 0.0390625 0.0390625
0 0.80078125 0.7890625 0.0390625 0.0390625
0 0.80078125 0.79296875 0.0390625 0.0390625
0 0.5703125 0.81640625 0.0390625 0.0390625
0 0.57421875 0.81640625 0.0390625 0.0390625
0 0.34765625 0.91796875 0.0390625 0.0390625
