0 0.3984375 0.0078125 0.0390625 0.0390625
0 0.375 0.0234375 0.0390625 0.0390625
0 0.296875 0.03515625 0.0390625 0.0390625
0 0.27734375 0.046875 0.0390625 0.0390625
0 0.08203125 0.0703125 0.0390625 0.0390625
0 0.0859375 0.0703125 0.0390625 0.0390625
0 0.08203125 0.07421875 0.0390625 0.0390625
0 0.0859375 0.07421875 0.0390625 0.0390625
0 0.15234375 0.078125 0.0390625 0.0390625
0 0.7109375 0.08203125 0.0390625 0.0390625
0 0.7265625 0.1015625 0.0390625 0.0390625
0 0.09375 0.1171875 0.0390625 0.0390625
0 0.19140625 0.18359375 0.0390625 0.0390625
0 0.1953125 0.18359375 0.0390625 0.0390625
0 0.0625 0.22265625 0.0390625 0.0390625
0 0.88671875 0.26953125 0.0390625 0.0390625
0 0.859375 0.27734375 0.0390625 0.0390625
0 0.8203125 0.29296875 0.0390625 0.0390625
0 0.98828125 0.375 0.0390625 0.0390625
0 0.98828125 0.37890625 0.0390625 0.0390625
0 0.87890625 0.41015625 0.0390625 0.0390625
0 0.65625 0.5078125 0.0390625 0.0390625
0 0.546875 0.5390625 0.0390625 0.0390625
0 0.546875 0.54296875 0.0390625 0.0390625
0 0.390625 0.59375 0.0390625 0.0390625
0 0.328125 0.61328125 0.0390625 0.0390625
0 0.33203125 0.61328125 0.0390625 0.0390625
0 0.4921875 0.640625 0.0390625 0.0390625
0 0.51171875 0.64453125 0.0390625 0.0390625
0 0.10546875 0.6796875 0.0390625 0.0390625
0 0.0 0.71484375 0.0390625 0.0390625
0 0.0 0.71875 0.0390625 0.0390625
0 0.9765625 0.734375 0.0390625 0.0390625
0 0.91015625 0.76171875 0.0390625 0.0390625
0 0.921875 0.80859375 0.0390625 0.0390625
0 0.9921875 0.81640625 0.0390625 0.0390625
0 0.99609375 0.83984375 0.0390625 0.0390625
