0 0.78515625 0.3203125 0.0390625 0.0390625
0 0.76171875 0.328125 0.0390625 0.0390625
0 0.7421875 0.34765625 0.0390625 0.0390625
0 0.74609375 0.34765625 0.0390625 0.0390625
0 0.67578125 0.3515625 0.0390625 0.0390625
0 0.69921875 0.35546875 0.0390625 0.0390625
0 0.66015625 0.37109375 0.0390625 0.0390625
0 0.90625 0.37109375 0.0390625 0.0390625
0 0.5390625 0.38671875 0.0390625 0.0390625
0 0.5625 0.38671875 0.0390625 0.0390625
0 0.5390625 0.390625 0.0390625 0.0390625
0 0.5625 0.390625 0.0390625 0.0390625
0 0.515625 0.39453125 0.0390625 0.0390625
0 0.49609375 0.40625 0.0390625 0.0390625
0 0.4609375 0.41796875 0.0390625 0.0390625
0 0.46484375 0.41796875 0.0390625 0.0390625
0 0.69140625 0.4296875 0.0390625 0.0390625
0 0.71484375 0.43359375 0.0390625 0.0390625
0 0.96875 0.44921875 0.0390625 0.0390625
0 0.984375 0.5 0.0390625 0.0390625
0 0.65234375 0.51171875 0.0390625 0.0390625
0 0.5625 0.53125 0.0390625 0.0390625
0 0.5625 0.5546875 0.0390625 0.0390625
0 0.5625 0.55859375 0.0390625 0.0390625
0 0.578125 0.60546875 0.0390625 0.0390625
0 0.58203125 0.60546875 0.0390625 0.0390625
0 0.46484375 0.6171875 0.0390625 0.0390625
0 0.47265625 0.640625 0.0390625 0.0390625
0 0.59765625 0.65234375 0.0390625 0.0390625
0 0.484375 0.66015625 0.0390625 0.0390625
0 0.484375 0.6640625 0.0390625 0.0390625
0 0.94140625 0.83984375 0.0390625 0.0390625
0 0.9453125 0.83984375 0.0390625 0.0390625
0 0.88671875 0.85546875 0.0390625 0.0390625
0 0.890625 0.85546875 0.0390625 0.0390625
0 0.8359375 0.87109375 0.0390625 0.0390625
0 0.71484375 0.9140625 0.0390625 0.0390625
0 0.5625 0.9609375 0.0390625 0.0390625
