0 0.63671875 0.0703125 0.0390625 0.0390625
0 0.8203125 0.1015625 0.0390625 0.0390625
0 0.68359375 0.1171875 0.0390625 0.0390625
0 0.77734375 0.1484375 0.0390625 0.0390625
0 0.6640625 0.15625 0.0390625 0.0390625
0 0.6328125 0.1640625 0.0390625 0.0390625
0 0.6328125 0.16796875 0.0390625 0.0390625
0 0.91015625 0.203125 0.0390625 0.0390625
0 0.9140625 0.41796875 0.0390625 0.0390625
0 0.91796875 0.41796875 0.0390625 0.0390625
0 0.87890625 0.4296875 0.0390625 0.0390625
0 0.80078125 0.453125 0.0390625 0.0390625
0 0.73828125 0.47265625 0.0390625 0.0390625
0 0.7421875 0.47265625 0.0390625 0.0390625
0 0.6796875 0.48828125 0.0390625 0.0390625
0 0.625 0.65625 0.0390625 0.0390625
0 0.62890625 0.65625 0.0390625 0.0390625
0 0.625 0.66015625 0.0390625 0.0390625
0 0.62890625 0.66015625 0.0390625 0.0390625
0 0.0859375 0.6875 0.0390625 0.0390625
0 0.8203125 0.7890625 0.0390625 0.0390625
0 0.75390625 0.796875 0.0390625 0.0390625
0 0.828125 0.80859375 0.0390625 0.0390625
0 0.9609375 0.8359375 0.0390625 0.0390625
0 0.9609375 0.83984375 0.0390625 0.0390625
0 0.796875 0.859375 0.0390625 0.0390625
0 0.80078125 0.859375 0.0390625 0.0390625
0 0.796875 0.86328125 0.0390625 0.0390625
0 0.80078125 0.86328125 0.0390625 0.0390625
0 0.78125 0.8671875 0.0390625 0.0390625
0 0.78125 0.87109375 0.0390625 0.0390625
