0 0.2578125 0.0234375 0.0390625 0.0390625
0 0.26171875 0.0234375 0.0390625 0.0390625
0 0.25 0.06640625 0.0390625 0.0390625
0 0.25390625 0.06640625 0.0390625 0.0390625
0 0.92578125 0.07421875 0.0390625 0.0390625
0 0.36328125 0.109375 0.0390625 0.0390625
0 0.8125 0.11328125 0.0390625 0.0390625
0 0.57421875 0.1484375 0.0390625 0.0390625
0 0.45703125 0.1953125 0.0390625 0.0390625
0 0.4609375 0.1953125 0.0390625 0.0390625
0 0.37890625 0.203125 0.0390625 0.0390625
0 0.7421875 0.21484375 0.0390625 0.0390625
0 0.69921875 0.24609375 0.0390625 0.0390625
0 0.703125 0.24609375 0.0390625 0.0390625
0 0.53125 0.26171875 0.0390625 0.0390625
0 0.75390625 0.26171875 0.0390625 0.0390625
0 0.70703125 0.2734375 0.0390625 0.0390625
0 0.265625 0.30078125 0.0390625 0.0390625
0 0.71875 0.30078125 0.0390625 0.0390625
0 0.21875 0.31640625 0.0390625 0.0390625
0 0.7265625 0.328125 0.0390625 0.0390625
0 0.73046875 0.328125 0.0390625 0.0390625
0 0.10546875 0.3515625 0.0390625 0.0390625
0 0.734375 0.3515625 0.0390625 0.0390625
0 0.10546875 0.35546875 0.0390625 0.0390625
0 0.453125 0.36328125 0.0390625 0.0390625
0 0.0546875 0.37109375 0.0390625 0.0390625
0 0.00390625 0.38671875 0.0390625 0.0390625
0 0.76953125 0.4375 0.0390625 0.0390625
0 0.77734375 0.45703125 0.0390625 0.0390625
0 0.77734375 0.4609375 0.0390625 0.0390625
0 0.98828125 0.47265625 0.0390625 0.0390625
0 0.7890625 0.484375 0.0390625 0.0390625
0 0.9453125 0.484375 0.0390625 0.0390625
0 0.96484375 0.484375 0.0390625 0.0390625
0 0.9453125 0.48828125 0.0390625 0.0390625
0 0.96484375 0.48828125 0.0390625 0.0390625
0 0.921875 0.4921875 0.0390625 0.0390625
0 0.92578125 0.4921875 0.0390625 0.0390625
0 0.90234375 0.5 0.0390625 0.0390625
0 0.90625 0.5 0.0390625 0.0390625
0 0.46875 0.50390625 0.0390625 0.0390625
0 0.47265625 0.50390625 0.0390625 0.0390625
0 0.79296875 0.50390625 0.0390625 0.0390625
0 0.79296875 0.5078125 0.0390625 0.0390625
0 0.859375 0.515625 0.0390625 0.0390625
0 0.8359375 0.5234375 0.0390625 0.0390625
0 0.3515625 0.55078125 0.0390625 0.0390625
0 0.31640625 0.5625 0.0390625 0.0390625
0 0.92578125 0.57421875 0.0390625 0.0390625
0 0.97265625 0.57421875 0.0390625 0.0390625
0 0.92578125 0.578125 0.0390625 0.0390625
0 0.26953125 0.58203125 0.0390625 0.0390625
0 0.2734375 0.58203125 0.0390625 0.0390625
0 0.94140625 0.59375 0.0390625 0.0390625
0 0.35546875 0.6015625 0.0390625 0.0390625
0 0.23828125 0.60546875 0.0390625 0.0390625
0 0.31640625 0.60546875 0.0390625 0.0390625
0 0.94921875 0.62109375 0.0390625 0.0390625
0 0.265625 0.625 0.0390625 0.0390625
0 0.9921875 0.62890625 0.0390625 0.0390625
0 0.84765625 0.64453125 0.0390625 0.0390625
0 0.9609375 0.66796875 0.0390625 0.0390625
0 0.96484375 0.66796875 0.0390625 0.0390625
0 0.86328125 0.69140625 0.0390625 0.0390625
