0 0.078125 0.02734375 0.0390625 0.0390625
0 0.078125 0.03125 0.0390625 0.0390625
0 0.02734375 0.046875 0.0390625 0.0390625
0 0.03125 0.046875 0.0390625 0.0390625
0 0.4140625 0.328125 0.0390625 0.0390625
0 0.36328125 0.3359375 0.0390625 0.0390625
0 0.0234375 0.39453125 0.0390625 0.0390625
0 0.17578125 0.40234375 0.0390625 0.0390625
0 0.03125 0.421875 0.0390625 0.0390625
0 0.46875 0.4296875 0.0390625 0.0390625
0 0.421875 0.44140625 0.0390625 0.0390625
0 0.40234375 0.4453125 0.0390625 0.0390625
0 0.03515625 0.46484375 0.0390625 0.0390625
0 0.359375 0.46484375 0.0390625 0.0390625
0 0.36328125 0.46484375 0.0390625 0.0390625
0 0.01171875 0.47265625 0.0390625 0.0390625
0 0.31640625 0.48046875 0.0390625 0.0390625
0 0.29296875 0.484375 0.0390625 0.0390625
0 0.19921875 0.50390625 0.0390625 0.0390625
0 0.52734375 0.50390625 0.0390625 0.0390625
0 0.1796875 0.51171875 0.0390625 0.0390625
0 0.18359375 0.51171875 0.0390625 0.0390625
0 0.16015625 0.515625 0.0390625 0.0390625
0 0.16015625 0.51953125 0.0390625 0.0390625
0 0.04296875 0.55859375 0.0390625 0.0390625
0 0.015625 0.5625 0.0390625 0.0390625
0 0.01953125 0.5625 0.0390625 0.0390625
0 0.19140625 0.58984375 0.0390625 0.0390625
0 0.0859375 0.60546875 0.0390625 0.0390625
0 0.08984375 0.60546875 0.0390625 0.0390625
0 0.0625 0.609375 0.0390625 0.0390625
0 0.03125 0.6171875 0.0390625 0.0390625
0 0.8828125 0.75390625 0.0390625 0.0390625
0 0.88671875 0.75390625 0.0390625 0.0390625
0 0.8828125 0.7578125 0.0390625 0.0390625
0 0.88671875 0.7578125 0.0390625 0.0390625
0 0.8359375 0.7734375 0.0390625 0.0390625
0 0.16796875 0.79296875 0.0390625 0.0390625
0 0.671875 0.828125 0.0390625 0.0390625
0 0.62109375 0.83984375 0.0390625 0.0390625
0 0.52734375 0.87109375 0.0390625 0.0390625
0 0.52734375 0.875 0.0390625 0.0390625
0 0.3984375 0.9140625 0.0390625 0.0390625
0 0.3125 0.9453125 0.0390625 0.0390625
