0 0.171875 0.0 0.0390625 0.0390625
0 0.171875 0.00390625 0.0390625 0.0390625
0 0.921875 0.00390625 0.0390625 0.0390625
0 0.875 0.0234375 0.0390625 0.0390625
0 0.87890625 0.0234375 0.0390625 0.0390625
0 0.8203125 0.03515625 0.0390625 0.0390625
0 0.82421875 0.03515625 0.0390625 0.0390625
0 0.6875 0.08203125 0.0390625 0.0390625
0 0.62109375 0.14453125 0.0390625 0.0390625
0 0.4609375 0.17578125 0.0390625 0.0390625
0 0.4609375 0.1796875 0.0390625 0.0390625
0 0.3984375 0.1953125 0.0390625 0.0390625
0 0.40234375 0.1953125 0.0390625 0.0390625
0 0.58203125 0.1953125 0.0390625 0.0390625
0 0.5859375 0.1953125 0.0390625 0.0390625
0 0.33984375 0.21484375 0.0390625 0.0390625
0 0.34375 0.21484375 0.0390625 0.0390625
0 0.48828125 0.22265625 0.0390625 0.0390625
0 0.109375 0.3125 0.0390625 0.0390625
0 0.11328125 0.3359375 0.0390625 0.0390625
0 0.0546875 0.35546875 0.0390625 0.0390625
0 0.30078125 0.37890625 0.0390625 0.0390625
0 0.30078125 0.3828125 0.0390625 0.0390625
0 0.64453125 0.5703125 0.0390625 0.0390625
0 0.65234375 0.61328125 0.0390625 0.0390625
0 0.65625 0.61328125 0.0390625 0.0390625
0 0.65234375 0.6171875 0.0390625 0.0390625
0 0.65625 0.6171875 0.0390625 0.0390625
0 0.0 0.83984375 0.0390625 0.0390625
0 0.46875 0.83984375 0.0390625 0.0390625
0 0.9453125 0.859375 0.0390625 0.0390625
0 0.796875 0.86328125 0.0390625 0.0390625
0 0.484375 0.87890625 0.0390625 0.0390625
0 0.11328125 0.9375 0.0390625 0.0390625
0 0.1171875 0.9375 0.0390625 0.0390625
0 0.80078125 0.9375 0.0390625 0.0390625
0 0.82421875 0.9453125 0.0390625 0.0390625
0 0.02734375 0.98046875 0.0390625 0.0390625
0 0.48046875 0.9921875 0.0390625 0.0390625
0 0.484375 0.9921875 0.0390625 0.0390625
