0 0.609375 0.00390625 0.0390625 0.0390625
0 0.3125 0.11328125 0.0390625 0.0390625
0 0.65234375 0.14453125 0.0390625 0.0390625
0 0.76171875 0.19921875 0.0390625 0.0390625
0 0.765625 0.19921875 0.0390625 0.0390625
0 0.62109375 0.203125 0.0390625 0.0390625
0 0.76171875 0.203125 0.0390625 0.0390625
0 0.765625 0.203125 0.0390625 0.0390625
0 0.7734375 0.24609375 0.0390625 0.0390625
0 0.6875 0.265625 0.0390625 0.0390625
0 0.6875 0.26953125 0.0390625 0.0390625
0 0.7734375 0.3203125 0.0390625 0.0390625
0 0.3203125 0.33203125 0.0390625 0.0390625
0 0.33203125 0.375 0.0390625 0.0390625
0 0.45703125 0.38671875 0.0390625 0.0390625
0 0.8203125 0.38671875 0.0390625 0.0390625
0 0.8359375 0.4375 0.0390625 0.0390625
0 0.83984375 0.4375 0.0390625 0.0390625
0 0.76171875 0.5 0.0390625 0.0390625
0 0.390625 0.5390625 0.0390625 0.0390625
0 0.390625 0.54296875 0.0390625 0.0390625
0 0.77734375 0.546875 0.0390625 0.0390625
0 0.79296875 0.58984375 0.0390625 0.0390625
0 0.8046875 0.625 0.0390625 0.0390625
0 0.8984375 0.62890625 0.0390625 0.0390625
0 0.4296875 0.66015625 0.0390625 0.0390625
0 0.8203125 0.67578125 0.0390625 0.0390625
0 0.9140625 0.6875 0.0390625 0.0390625
0 0.8359375 0.73046875 0.0390625 0.0390625
0 0.84765625 0.78125 0.0390625 0.0390625
0 0.94921875 0.78125 0.0390625 0.0390625
0 0.94921875 0.78515625 0.0390625 0.0390625
0 0.86328125 0.82421875 0.0390625 0.0390625
0 0.45703125 0.83984375 0.0390625 0.0390625
0 0.45703125 0.84375 0.0390625 0.0390625
0 0.62890625 0.85546875 0.0390625 0.0390625
0 0.59375 0.95703125 0.0390625 0.0390625
0 0.9140625 0.98828125 0.0390625 0.0390625
0 0.91796875 0.98828125 0.0390625 0.0390625
0 0.94921875 0.9921875 0.0390625 0.0390625
0 0.46875 0.99609375 0.0390625 0.0390625
0 0.94921875 0.99609375 0.0390625 0.0390625
