0 0.3515625 0.0390625 0.0390625 0.0390625
0 0.984375 0.11328125 0.0390625 0.0390625
0 0.98828125 0.11328125 0.0390625 0.0390625
0 0.38671875 0.16015625 0.0390625 0.0390625
0 0.3984375 0.19921875 0.0390625 0.0390625
0 0.3984375 0.203125 0.0390625 0.0390625
0 0.4296875 0.29296875 0.0390625 0.0390625
0 0.4296875 0.296875 0.0390625 0.0390625
0 0.9765625 0.3125 0.0390625 0.0390625
0 0.98046875 0.3125 0.0390625 0.0390625
0 0.5234375 0.40625 0.0390625 0.0390625
0 0.98046875 0.41015625 0.0390625 0.0390625
0 0.9375 0.42578125 0.0390625 0.0390625
0 0.8984375 0.43359375 0.0390625 0.0390625
0 0.84375 0.4375 0.0390625 0.0390625
0 0.5390625 0.5390625 0.0390625 0.0390625
0 0.5390625 0.54296875 0.0390625 0.0390625
0 0.4921875 0.5625 0.0390625 0.0390625
0 0.49609375 0.5625 0.0390625 0.0390625
0 0.2265625 0.58203125 0.0390625 0.0390625
0 0.23046875 0.58203125 0.0390625 0.0390625
0 0.40234375 0.59375 0.0390625 0.0390625
0 0.1796875 0.59765625 0.0390625 0.0390625
0 0.1796875 0.6015625 0.0390625 0.0390625
0 0.3359375 0.62109375 0.0390625 0.0390625
0 0.07421875 0.62890625 0.0390625 0.0390625
0 0.078125 0.62890625 0.0390625 0.0390625
0 0.28515625 0.62890625 0.0390625 0.0390625
0 0.07421875 0.6328125 0.0390625 0.0390625
0 0.078125 0.6328125 0.0390625 0.0390625
0 0.28515625 0.6328125 0.0390625 0.0390625
0 0.60546875 0.7421875 0.0390625 0.0390625
0 0.6953125 0.828125 0.0390625 0.0390625
0 0.6953125 0.83203125 0.0390625 0.0390625
0 0.61328125 0.85546875 0.0390625 0.0390625
0 0.640625 0.9375 0.0390625 0.0390625
0 0.640625 0.94140625 0.0390625 0.0390625
