0 0.17578125 0.66796875 0.0390625 0.0390625
0 0.17578125 0.671875 0.0390625 0.0390625
0 0.18359375 0.69140625 0.0390625 0.0390625
0 0.1875 0.69140625 0.0390625 0.0390625
0 0.18359375 0.6953125 0.0390625 0.0390625
0 0.1875 0.6953125 0.0390625 0.0390625
0 0.1953125 0.7109375 0.0390625 0.0390625
0 0.1953125 0.734375 0.0390625 0.0390625
0 0.203125 0.7734375 0.0390625 0.0390625
0 0.203125 0.77734375 0.0390625 0.0390625
0 0.21875 0.796875 0.0390625 0.0390625
0 0.22265625 0.81640625 0.0390625 0.0390625
0 0.22265625 0.8203125 0.0390625 0.0390625
0 0.234375 0.8359375 0.0390625 0.0390625
0 0.23828125 0.8359375 0.0390625 0.0390625
0 0.6796875 0.84765625 0.0390625 0.0390625
0 0.68359375 0.84765625 0.0390625 0.0390625
0 0.234375 0.859375 0.0390625 0.0390625
0 0.23828125 0.88671875 0.0390625 0.0390625
0 0.24609375 0.90234375 0.0390625 0.0390625
0 0.25 0.90234375 0.0390625 0.0390625
0 0.24609375 0.90625 0.0390625 0.0390625
0 0.25 0.90625 0.0390625 0.0390625
0 0.25390625 0.921875 0.0390625 0.0390625
0 0.25390625 0.92578125 0.0390625 0.0390625
0 0.26953125 0.94140625 0.0390625 0.0390625
