0 0.63671875 0.18359375 0.0390625 0.0390625
0 0.640625 0.18359375 0.0390625 0.0390625
0 0.671875 0.2890625 0.0390625 0.0390625
0 0.05859375 0.296875 0.0390625 0.0390625
0 0.06640625 0.3203125 0.0390625 0.0390625
0 0.99609375 0.37890625 0.0390625 0.0390625
0 0.94140625 0.39453125 0.0390625 0.0390625
0 0.9453125 0.39453125 0.0390625 0.0390625
0 0.8828125 0.41015625 0.0390625 0.0390625
0 0.88671875 0.41015625 0.0390625 0.0390625
0 0.78515625 0.4453125 0.0390625 0.0390625
0 0.7890625 0.4453125 0.0390625 0.0390625
0 0.78515625 0.44921875 0.0390625 0.0390625
0 0.7890625 0.44921875 0.0390625 0.0390625
0 0.73046875 0.46484375 0.0390625 0.0390625
0 0.62890625 0.49609375 0.0390625 0.0390625
0 0.4609375 0.51171875 0.0390625 0.0390625
0 0.58203125 0.51171875 0.0390625 0.0390625
0 0.30078125 0.53125 0.0390625 0.0390625
0 0.3046875 0.53125 0.0390625 0.0390625
0 0.45703125 0.5546875 0.0390625 0.0390625
0 0.7265625 0.59375 0.0390625 0.0390625
0 0.31640625 0.59765625 0.0390625 0.0390625
0 0.265625 0.6171875 0.0390625 0.0390625
0 0.1796875 0.640625 0.0390625 0.0390625
0 0.18359375 0.640625 0.0390625 0.0390625
0 0.12890625 0.65625 0.0390625 0.0390625
0 0.12890625 0.66015625 0.0390625 0.0390625
