0 0.9262295081967213 0.00390625 0.08196721311475409 0.0390625
0 0.09836065573770492 0.015625 0.08196721311475409 0.0390625
0 0.10655737704918032 0.015625 0.08196721311475409 0.0390625
0 0.9508196721311475 0.0234375 0.08196721311475409 0.0390625
0 0.0 0.03125 0.08196721311475409 0.0390625
0 0.9590163934426229 0.046875 0.08196721311475409 0.0390625
0 0.9672131147540983 0.046875 0.08196721311475409 0.0390625
0 0.9590163934426229 0.05078125 0.08196721311475409 0.0390625
0 0.9672131147540983 0.05078125 0.08196721311475409 0.0390625
0 0.47540983606557374 0.078125 0.08196721311475409 0.0390625
0 0.5245901639344263 0.83203125 0.08196721311475409 0.0390625
0 0.4426229508196721 0.86328125 0.08196721311475409 0.0390625
