0 0.63671875 0.359375 0.0390625 0.0390625
0 0.83203125 0.359375 0.0390625 0.0390625
0 0.83203125 0.36328125 0.0390625 0.0390625
0 0.8125 0.37109375 0.0390625 0.0390625
0 0.2421875 0.56640625 0.0390625 0.0390625
0 0.984375 0.78515625 0.0390625 0.0390625
0 0.94140625 0.796875 0.0390625 0.0390625
0 0.86328125 0.8203125 0.0390625 0.0390625
0 0.8671875 0.8203125 0.0390625 0.0390625
0 0.86328125 0.82421875 0.0390625 0.0390625
0 0.8671875 0.82421875 0.0390625 0.0390625
0 0.7890625 0.84375 0.0390625 0.0390625
0 0.79296875 0.84375 0.0390625 0.0390625
0 0.75 0.85546875 0.0390625 0.0390625
0 0.75 0.859375 0.0390625 0.0390625
0 0.70703125 0.87109375 0.0390625 0.0390625
0 0.7109375 0.87109375 0.0390625 0.0390625
0 0.53125 0.9296875 0.0390625 0.0390625
0 0.484375 0.94140625 0.0390625 0.0390625
0 0.4453125 0.95703125 0.0390625 0.0390625
0 0.390625 0.96875 0.0390625 0.0390625
0 0.39453125 0.96875 0.0390625 0.0390625
0 0.35546875 0.98046875 0.0390625 0.0390625
0 0.3125 0.9921875 0.0390625 0.0390625
0 0.3125 0.99609375 0.0390625 0.0390625
