0 0.96875 0.06640625 0.0390625 0.0390625
0 0.6640625 0.07421875 0.0390625 0.0390625
0 0.5078125 0.078125 0.0390625 0.0390625
0 0.6640625 0.078125 0.0390625 0.0390625
0 0.65234375 0.1015625 0.0390625 0.0390625
0 0.62890625 0.109375 0.0390625 0.0390625
0 0.46875 0.140625 0.0390625 0.0390625
0 0.46875 0.1953125 0.0390625 0.0390625
0 0.47265625 0.1953125 0.0390625 0.0390625
0 0.9453125 0.32421875 0.0390625 0.0390625
0 0.3125 0.41015625 0.0390625 0.0390625
0 0.41796875 0.4609375 0.0390625 0.0390625
0 0.41796875 0.46484375 0.0390625 0.0390625
0 0.58203125 0.48828125 0.0390625 0.0390625
0 0.58203125 0.4921875 0.0390625 0.0390625
0 0.5546875 0.49609375 0.0390625 0.0390625
0 0.53125 0.5 0.0390625 0.0390625
0 0.53515625 0.5 0.0390625 0.0390625
0 0.36328125 0.53515625 0.0390625 0.0390625
0 0.36328125 0.5390625 0.0390625 0.0390625
0 0.0078125 0.55859375 0.0390625 0.0390625
0 0.0078125 0.5625 0.0390625 0.0390625
0 0.359375 0.56640625 0.0390625 0.0390625
0 0.71484375 0.5703125 0.0390625 0.0390625
0 0.875 0.5703125 0.0390625 0.0390625
0 0.875 0.57421875 0.0390625 0.0390625
0 0.91015625 0.57421875 0.0390625 0.0390625
0 0.7265625 0.58984375 0.0390625 0.0390625
0 0.7734375 0.6015625 0.0390625 0.0390625
0 0.375 0.6171875 0.0390625 0.0390625
0 0.37890625 0.6171875 0.0390625 0.0390625
0 0.734375 0.6171875 0.0390625 0.0390625
0 0.734375 0.62109375 0.0390625 0.0390625
0 0.046875 0.640625 0.0390625 0.0390625
0 0.046875 0.64453125 0.0390625 0.0390625
0 0.94140625 0.67578125 0.0390625 0.0390625
0 0.921875 0.6796875 0.0390625 0.0390625
0 0.94140625 0.6796875 0.0390625 0.0390625
0 0.6015625 0.68359375 0.0390625 0.0390625
0 0.015625 0.69921875 0.0390625 0.0390625
0 0.01953125 0.69921875 0.0390625 0.0390625
0 0.015625 0.703125 0.0390625 0.0390625
0 0.01953125 0.703125 0.0390625 0.0390625
0 0.375 0.70703125 0.0390625 0.0390625
0 0.37890625 0.70703125 0.0390625 0.0390625
0 0.9609375 0.765625 0.0390625 0.0390625
0 0.046875 0.76953125 0.0390625 0.0390625
0 0.984375 0.76953125 0.0390625 0.0390625
0 0.42578125 0.7734375 0.0390625 0.0390625
0 0.94921875 0.77734375 0.0390625 0.0390625
0 0.92578125 0.7890625 0.0390625 0.0390625
0 0.3671875 0.796875 0.0390625 0.0390625
0 0.37109375 0.796875 0.0390625 0.0390625
0 0.09375 0.8046875 0.0390625 0.0390625
0 0.140625 0.94140625 0.0390625 0.0390625
0 0.18359375 0.97265625 0.0390625 0.0390625
