0 0.9426229508196722 0.109375 0.08196721311475409 0.0390625
0 0.2540983606557377 0.21484375 0.08196721311475409 0.0390625
0 0.8278688524590164 0.2578125 0.08196721311475409 0.0390625
0 0.8770491803278688 0.3203125 0.08196721311475409 0.0390625
0 0.8852459016393442 0.3203125 0.08196721311475409 0.0390625
0 0.9180327868852459 0.39453125 0.08196721311475409 0.0390625
0 0.7786885245901639 0.41796875 0.08196721311475409 0.0390625
0 0.7868852459016393 0.41796875 0.08196721311475409 0.0390625
0 0.9590163934426229 0.453125 0.08196721311475409 0.0390625
0 0.9672131147540983 0.453125 0.08196721311475409 0.0390625
0 0.7377049180327869 0.45703125 0.08196721311475409 0.0390625
0 0.22131147540983606 0.48046875 0.08196721311475409 0.0390625
0 0.22131147540983606 0.484375 0.08196721311475409 0.0390625
0 0.3442622950819672 0.49609375 0.08196721311475409 0.0390625
0 0.45081967213114754 0.5078125 0.08196721311475409 0.0390625
0 0.4180327868852459 0.71875 0.08196721311475409 0.0390625
0 0.4262295081967213 0.74609375 0.08196721311475409 0.0390625
0 0.4344262295081967 0.765625 0.08196721311475409 0.0390625
0 0.7377049180327869 0.95703125 0.08196721311475409 0.0390625
0 0.7622950819672131 0.984375 0.08196721311475409 0.0390625
