0 0.4921875 0.05859375 0.0390625 0.0390625
0 0.1171875 0.109375 0.0390625 0.0390625
0 0.12109375 0.109375 0.0390625 0.0390625
0 0.85546875 0.109375 0.0390625 0.0390625
0 0.05859375 0.2421875 0.0390625 0.0390625
0 0.81640625 0.3125 0.0390625 0.0390625
0 0.93359375 0.31640625 0.0390625 0.0390625
0 0.93359375 0.3203125 0.0390625 0.0390625
0 0.9921875 0.34765625 0.0390625 0.0390625
0 0.953125 0.359375 0.0390625 0.0390625
0 0.953125 0.36328125 0.0390625 0.0390625
0 0.171875 0.3671875 0.0390625 0.0390625
0 0.23828125 0.390625 0.0390625 0.0390625
0 0.1875 0.3984375 0.0390625 0.0390625
0 0.16796875 0.40625 0.0390625 0.0390625
0 0.1796875 0.44140625 0.0390625 0.0390625
0 0.18359375 0.44140625 0.0390625 0.0390625
0 0.1796875 0.4453125 0.0390625 0.0390625
0 0.4140625 0.46484375 0.0390625 0.0390625
0 0.3671875 0.484375 0.0390625 0.0390625
0 0.328125 0.49609375 0.0390625 0.0390625
0 0.2890625 0.5078125 0.0390625 0.0390625
0 0.23046875 0.52734375 0.0390625 0.0390625
0 0.14453125 0.55078125 0.0390625 0.0390625
0 0.14453125 0.5546875 0.0390625 0.0390625
0 0.1015625 0.56640625 0.0390625 0.0390625
0 0.06640625 0.57421875 0.0390625 0.0390625
0 0.06640625 0.578125 0.0390625 0.0390625
0 0.02734375 0.58984375 0.0390625 0.0390625
0 0.2734375 0.6171875 0.0390625 0.0390625
0 0.29296875 0.69921875 0.0390625 0.0390625
0 0.296875 0.69921875 0.0390625 0.0390625
0 0.7734375 0.7109375 0.0390625 0.0390625
0 0.6796875 0.77734375 0.0390625 0.0390625
0 0.796875 0.78125 0.0390625 0.0390625
0 0.80859375 0.828125 0.0390625 0.0390625
0 0.45703125 0.84765625 0.0390625 0.0390625
0 0.703125 0.84765625 0.0390625 0.0390625
0 0.74609375 0.87109375 0.0390625 0.0390625
0 0.828125 0.88671875 0.0390625 0.0390625
0 0.71484375 0.890625 0.0390625 0.0390625
0 0.828125 0.890625 0.0390625 0.0390625
0 0.71484375 0.89453125 0.0390625 0.0390625
0 0.0859375 0.94140625 0.0390625 0.0390625
0 0.84375 0.953125 0.0390625 0.0390625
0 0.84765625 0.953125 0.0390625 0.0390625
0 0.05859375 0.95703125 0.0390625 0.0390625
0 0.23828125 0.984375 0.0390625 0.0390625
0 0.8203125 0.98828125 0.0390625 0.0390625
