0 0.671875 0.04296875 0.0390625 0.0390625
0 0.671875 0.046875 0.0390625 0.0390625
0 0.69140625 0.09375 0.0390625 0.0390625
0 0.95703125 0.34375 0.0390625 0.0390625
0 0.8359375 0.359375 0.0390625 0.0390625
0 0.83984375 0.359375 0.0390625 0.0390625
0 0.8359375 0.36328125 0.0390625 0.0390625
0 0.83984375 0.36328125 0.0390625 0.0390625
0 0.5078125 0.46875 0.0390625 0.0390625
0 0.23828125 0.48046875 0.0390625 0.0390625
0 0.1875 0.5 0.0390625 0.0390625
0 0.83203125 0.5234375 0.0390625 0.0390625
0 0.86328125 0.625 0.0390625 0.0390625
0 0.046875 0.6640625 0.0390625 0.0390625
0 0.890625 0.70703125 0.0390625 0.0390625
0 0.89453125 0.70703125 0.0390625 0.0390625
0 0.890625 0.7109375 0.0390625 0.0390625
0 0.89453125 0.7109375 0.0390625 0.0390625
0 0.90234375 0.75 0.0390625 0.0390625
0 0.90625 0.75 0.0390625 0.0390625
0 0.94921875 0.7890625 0.0390625 0.0390625
0 0.1171875 0.859375 0.0390625 0.0390625
0 0.15234375 0.86328125 0.0390625 0.0390625
0 0.15625 0.86328125 0.0390625 0.0390625
0 0.15234375 0.8671875 0.0390625 0.0390625
0 0.15625 0.8671875 0.0390625 0.0390625
0 0.046875 0.8828125 0.0390625 0.0390625
0 0.17578125 0.91796875 0.0390625 0.0390625
0 0.06640625 0.9375 0.0390625 0.0390625
0 0.1875 0.95703125 0.0390625 0.0390625
0 0.08203125 0.9921875 0.0390625 0.0390625
