0 0.03515625 0.00390625 0.0390625 0.0390625
0 0.0390625 0.00390625 0.0390625 0.0390625
0 0.01171875 0.04296875 0.0390625 0.0390625
0 0.015625 0.04296875 0.0390625 0.0390625
0 0.8046875 0.04296875 0.0390625 0.0390625
0 0.80859375 0.04296875 0.0390625 0.0390625
0 0.01171875 0.046875 0.0390625 0.0390625
0 0.015625 0.046875 0.0390625 0.0390625
0 0.8046875 0.046875 0.0390625 0.0390625
0 0.80859375 0.046875 0.0390625 0.0390625
0 0.8203125 0.0859375 0.0390625 0.0390625
0 0.16015625 0.1171875 0.0390625 0.0390625
0 0.36328125 0.125 0.0390625 0.0390625
0 0.17578125 0.15234375 0.0390625 0.0390625
0 0.1796875 0.15234375 0.0390625 0.0390625
0 0.17578125 0.15625 0.0390625 0.0390625
0 0.1796875 0.15625 0.0390625 0.0390625
0 0.578125 0.171875 0.0390625 0.0390625
0 0.19921875 0.18359375 0.0390625 0.0390625
0 0.203125 0.18359375 0.0390625 0.0390625
0 0.484375 0.1875 0.0390625 0.0390625
0 0.484375 0.19140625 0.0390625 0.0390625
0 0.5546875 0.2109375 0.0390625 0.0390625
0 0.42578125 0.2265625 0.0390625 0.0390625
0 0.7265625 0.2265625 0.0390625 0.0390625
0 0.73046875 0.2265625 0.0390625 0.0390625
0 0.53515625 0.26171875 0.0390625 0.0390625
0 0.4375 0.265625 0.0390625 0.0390625
0 0.22265625 0.27734375 0.0390625 0.0390625
0 0.22265625 0.28125 0.0390625 0.0390625
0 0.296875 0.29296875 0.0390625 0.0390625
0 0.26953125 0.32421875 0.0390625 0.0390625
0 0.33984375 0.34765625 0.0390625 0.0390625
0 0.33984375 0.3515625 0.0390625 0.0390625
0 0.58203125 0.40234375 0.0390625 0.0390625
0 0.09765625 0.4296875 0.0390625 0.0390625
0 0.6640625 0.4453125 0.0390625 0.0390625
0 0.6328125 0.44921875 0.0390625 0.0390625
0 0.6640625 0.578125 0.0390625 0.0390625
0 0.66796875 0.578125 0.0390625 0.0390625
0 0.98046875 0.60546875 0.0390625 0.0390625
0 0.6484375 0.625 0.0390625 0.0390625
0 0.70703125 0.6875 0.0390625 0.0390625
0 0.57421875 0.703125 0.0390625 0.0390625
0 0.234375 0.7265625 0.0390625 0.0390625
0 0.10546875 0.76171875 0.0390625 0.0390625
0 0.109375 0.76171875 0.0390625 0.0390625
0 0.97265625 0.765625 0.0390625 0.0390625
0 0.72265625 0.86328125 0.0390625 0.0390625
0 0.1328125 0.8671875 0.0390625 0.0390625
0 0.1328125 0.87109375 0.0390625 0.0390625
0 0.62890625 0.875 0.0390625 0.0390625
0 0.79296875 0.921875 0.0390625 0.0390625
0 0.765625 0.9921875 0.0390625 0.0390625
0 0.40625 0.99609375 0.0390625 0.0390625
