0 0.4140625 0.0078125 0.0390625 0.0390625
0 0.41796875 0.0078125 0.0390625 0.0390625
0 0.4140625 0.01171875 0.0390625 0.0390625
0 0.41796875 0.01171875 0.0390625 0.0390625
0 0.61328125 0.03515625 0.0390625 0.0390625
0 0.6171875 0.03515625 0.0390625 0.0390625
0 0.61328125 0.0390625 0.0390625 0.0390625
0 0.6171875 0.0390625 0.0390625 0.0390625
0 0.2421875 0.05859375 0.0390625 0.0390625
0 0.24609375 0.05859375 0.0390625 0.0390625
0 0.2421875 0.0625 0.0390625 0.0390625
0 0.24609375 0.0625 0.0390625 0.0390625
0 0.87890625 0.15625 0.0390625 0.0390625
0 0.859375 0.171875 0.0390625 0.0390625
0 0.859375 0.17578125 0.0390625 0.0390625
0 0.56640625 0.26171875 0.0390625 0.0390625
0 0.5703125 0.26171875 0.0390625 0.0390625
0 0.6484375 0.265625 0.0390625 0.0390625
0 0.953125 0.28515625 0.0390625 0.0390625
0 0.48046875 0.32421875 0.0390625 0.0390625
0 0.48046875 0.328125 0.0390625 0.0390625
0 0.50390625 0.4140625 0.0390625 0.0390625
0 0.48046875 0.41796875 0.0390625 0.0390625
0 0.1015625 0.4296875 0.0390625 0.0390625
0 0.4609375 0.4296875 0.0390625 0.0390625
0 0.4296875 0.43359375 0.0390625 0.0390625
0 0.43359375 0.43359375 0.0390625 0.0390625
0 0.4296875 0.4375 0.0390625 0.0390625
0 0.43359375 0.4375 0.0390625 0.0390625
0 0.40625 0.44140625 0.0390625 0.0390625
0 0.41015625 0.44140625 0.0390625 0.0390625
0 0.12109375 0.515625 0.0390625 0.0390625
0 0.12109375 0.51953125 0.0390625 0.0390625
0 0.00390625 0.59765625 0.0390625 0.0390625
0 0.9765625 0.60546875 0.0390625 0.0390625
0 0.91796875 0.625 0.0390625 0.0390625
0 0.921875 0.625 0.0390625 0.0390625
0 0.75390625 0.62890625 0.0390625 0.0390625
0 0.06640625 0.6328125 0.0390625 0.0390625
0 0.8515625 0.64453125 0.0390625 0.0390625
0 0.8515625 0.6484375 0.0390625 0.0390625
0 0.80859375 0.65625 0.0390625 0.0390625
0 0.765625 0.671875 0.0390625 0.0390625
0 0.7265625 0.68359375 0.0390625 0.0390625
0 0.6796875 0.69921875 0.0390625 0.0390625
0 0.63671875 0.7109375 0.0390625 0.0390625
0 0.63671875 0.71484375 0.0390625 0.0390625
0 0.59375 0.7265625 0.0390625 0.0390625
0 0.54296875 0.7421875 0.0390625 0.0390625
0 0.34375 0.75390625 0.0390625 0.0390625
0 0.48828125 0.7578125 0.0390625 0.0390625
0 0.4921875 0.7578125 0.0390625 0.0390625
0 0.4453125 0.76953125 0.0390625 0.0390625
0 0.4453125 0.7734375 0.0390625 0.0390625
0 0.40234375 0.7890625 0.0390625 0.0390625
0 0.40625 0.7890625 0.0390625 0.0390625
0 0.3515625 0.8046875 0.0390625 0.0390625
0 0.2578125 0.83203125 0.0390625 0.0390625
0 0.2578125 0.8359375 0.0390625 0.0390625
0 0.03515625 0.90625 0.0390625 0.0390625
0 0.1328125 0.984375 0.0390625 0.0390625
0 0.13671875 0.984375 0.0390625 0.0390625
