0 0.5390625 0.0625 0.0390625 0.0390625
0 0.46875 0.08203125 0.0390625 0.0390625
0 0.96484375 0.46875 0.0390625 0.0390625
0 0.86328125 0.50390625 0.0390625 0.0390625
0 0.81640625 0.51171875 0.0390625 0.0390625
0 0.81640625 0.515625 0.0390625 0.0390625
0 0.76171875 0.53515625 0.0390625 0.0390625
0 0.71875 0.55078125 0.0390625 0.0390625
0 0.6328125 0.5703125 0.0390625 0.0390625
0 0.6328125 0.57421875 0.0390625 0.0390625
0 0.5859375 0.58984375 0.0390625 0.0390625
0 0.51171875 0.609375 0.0390625 0.0390625
0 0.37890625 0.65625 0.0390625 0.0390625
0 0.37890625 0.66015625 0.0390625 0.0390625
0 0.29296875 0.68359375 0.0390625 0.0390625
0 0.24609375 0.69921875 0.0390625 0.0390625
0 0.01171875 0.7109375 0.0390625 0.0390625
0 0.01171875 0.71484375 0.0390625 0.0390625
0 0.16015625 0.72265625 0.0390625 0.0390625
0 0.07421875 0.75 0.0390625 0.0390625
0 0.1640625 0.7734375 0.0390625 0.0390625
0 0.94140625 0.81640625 0.0390625 0.0390625
0 0.9453125 0.81640625 0.0390625 0.0390625
0 0.078125 0.85546875 0.0390625 0.0390625
0 0.59765625 0.92578125 0.0390625 0.0390625
0 0.76953125 0.96875 0.0390625 0.0390625
0 0.671875 0.99609375 0.0390625 0.0390625
0 0.67578125 0.99609375 0.0390625 0.0390625
