0 0.4918032786885246 0.01171875 0.08196721311475409 0.0390625
0 0.8114754098360656 0.23046875 0.08196721311475409 0.0390625
0 0.8114754098360656 0.234375 0.08196721311475409 0.0390625
0 0.7868852459016393 0.33203125 0.08196721311475409 0.0390625
0 0.7295081967213115 0.3359375 0.08196721311475409 0.0390625
0 0.7295081967213115 0.33984375 0.08196721311475409 0.0390625
0 0.8278688524590164 0.4296875 0.08196721311475409 0.0390625
0 0.8524590163934426 0.453125 0.08196721311475409 0.0390625
0 0.8524590163934426 0.45703125 0.08196721311475409 0.0390625
0 0.8688524590163934 0.48046875 0.08196721311475409 0.0390625
0 0.9754098360655737 0.50390625 0.08196721311475409 0.0390625
0 0.7295081967213115 0.51171875 0.08196721311475409 0.0390625
0 0.7295081967213115 0.515625 0.08196721311475409 0.0390625
0 0.05737704918032787 0.52734375 0.08196721311475409 0.0390625
0 0.7540983606557377 0.54296875 0.08196721311475409 0.0390625
0 0.7622950819672131 0.56640625 0.08196721311475409 0.0390625
0 0.7704918032786885 0.56640625 0.08196721311475409 0.0390625
0 0.11475409836065574 0.6171875 0.08196721311475409 0.0390625
0 0.8278688524590164 0.63671875 0.08196721311475409 0.0390625
0 0.13934426229508196 0.66015625 0.08196721311475409 0.0390625
0 0.14754098360655737 0.66015625 0.08196721311475409 0.0390625
0 0.9180327868852459 0.68359375 0.08196721311475409 0.0390625
0 0.7295081967213115 0.69140625 0.08196721311475409 0.0390625
0 0.19672131147540983 0.7421875 0.08196721311475409 0.0390625
0 0.7868852459016393 0.76171875 0.08196721311475409 0.0390625
0 0.819672131147541 0.78515625 0.08196721311475409 0.0390625
0 0.22131147540983606 0.79296875 0.08196721311475409 0.0390625
0 0.22950819672131148 0.79296875 0.08196721311475409 0.0390625
0 0.8278688524590164 0.80859375 0.08196721311475409 0.0390625
0 0.06557377049180328 0.90234375 0.08196721311475409 0.0390625
0 0.10655737704918032 0.94921875 0.08196721311475409 0.0390625
0 0.1885245901639344 0.9609375 0.08196721311475409 0.0390625
