0 0.765625 0.01171875 0.0390625 0.0390625
0 0.87890625 0.0390625 0.0390625 0.0390625
0 0.69921875 0.14453125 0.0390625 0.0390625
0 0.703125 0.14453125 0.0390625 0.0390625
0 0.703125 0.19140625 0.0390625 0.0390625
0 0.70703125 0.19140625 0.0390625 0.0390625
0 0.703125 0.1953125 0.0390625 0.0390625
0 0.70703125 0.1953125 0.0390625 0.0390625
0 0.46875 0.265625 0.0390625 0.0390625
0 0.46875 0.26953125 0.0390625 0.0390625
0 0.3828125 0.29296875 0.0390625 0.0390625
0 0.28515625 0.32421875 0.0390625 0.0390625
0 0.1796875 0.359375 0.0390625 0.0390625
0 0.0078125 0.4140625 0.0390625 0.0390625
0 0.9453125 0.4375 0.0390625 0.0390625
0 0.609375 0.46484375 0.0390625 0.0390625
0 0.609375 0.46875 0.0390625 0.0390625
0 0.6171875 0.484375 0.0390625 0.0390625
0 0.578125 0.49609375 0.0390625 0.0390625
0 0.62890625 0.5078125 0.0390625 0.0390625
0 0.5859375 0.515625 0.0390625 0.0390625
0 0.59375 0.54296875 0.0390625 0.0390625
0 0.59765625 0.54296875 0.0390625 0.0390625
0 0.59765625 0.5625 0.0390625 0.0390625
0 0.6015625 0.5625 0.0390625 0.0390625
0 0.6484375 0.5703125 0.0390625 0.0390625
0 0.65625 0.5859375 0.0390625 0.0390625
0 0.66015625 0.5859375 0.0390625 0.0390625
0 0.9921875 0.59765625 0.0390625 0.0390625
0 0.609375 0.6015625 0.0390625 0.0390625
0 0.609375 0.60546875 0.0390625 0.0390625
0 0.4375 0.61328125 0.0390625 0.0390625
0 0.39453125 0.63671875 0.0390625 0.0390625
0 0.2734375 0.66015625 0.0390625 0.0390625
0 0.125 0.71875 0.0390625 0.0390625
0 0.125 0.72265625 0.0390625 0.0390625
0 0.1015625 0.7265625 0.0390625 0.0390625
0 0.02734375 0.75390625 0.0390625 0.0390625
0 0.265625 0.76953125 0.0390625 0.0390625
0 0.23046875 0.77734375 0.0390625 0.0390625
0 0.890625 0.82421875 0.0390625 0.0390625
0 0.8515625 0.83984375 0.0390625 0.0390625
0 0.85546875 0.83984375 0.0390625 0.0390625
0 0.8046875 0.8515625 0.0390625 0.0390625
0 0.8046875 0.85546875 0.0390625 0.0390625
0 0.60546875 0.91796875 0.0390625 0.0390625
0 0.55859375 0.9296875 0.0390625 0.0390625
0 0.5625 0.9296875 0.0390625 0.0390625
0 0.51953125 0.94140625 0.0390625 0.0390625
0 0.4375 0.96484375 0.0390625 0.0390625
0 0.8125 0.96484375 0.0390625 0.0390625
0 0.4375 0.96875 0.0390625 0.0390625
0 0.3828125 0.984375 0.0390625 0.0390625
0 0.38671875 0.984375 0.0390625 0.0390625
