0 0.796875 0.0546875 0.0390625 0.0390625
0 0.796875 0.05859375 0.0390625 0.0390625
0 0.6953125 0.1171875 0.0390625 0.0390625
0 0.671875 0.12109375 0.0390625 0.0390625
0 0.6171875 0.1328125 0.0390625 0.0390625
0 0.578125 0.140625 0.0390625 0.0390625
0 0.5859375 0.16015625 0.0390625 0.0390625
0 0.64453125 0.16796875 0.0390625 0.0390625
0 0.59765625 0.1875 0.0390625 0.0390625
0 0.41796875 0.20703125 0.0390625 0.0390625
0 0.41796875 0.2109375 0.0390625 0.0390625
0 0.390625 0.234375 0.0390625 0.0390625
0 0.36328125 0.2421875 0.0390625 0.0390625
0 0.3671875 0.2421875 0.0390625 0.0390625
0 0.1484375 0.38671875 0.0390625 0.0390625
0 0.1640625 0.40625 0.0390625 0.0390625
0 0.16796875 0.40625 0.0390625 0.0390625
0 0.05078125 0.421875 0.0390625 0.0390625
0 0.96875 0.42578125 0.0390625 0.0390625
0 0.16796875 0.4296875 0.0390625 0.0390625
0 0.171875 0.4296875 0.0390625 0.0390625
0 0.16796875 0.43359375 0.0390625 0.0390625
0 0.171875 0.43359375 0.0390625 0.0390625
0 0.16796875 0.453125 0.0390625 0.0390625
0 0.171875 0.453125 0.0390625 0.0390625
0 0.87890625 0.453125 0.0390625 0.0390625
0 0.16796875 0.45703125 0.0390625 0.0390625
0 0.171875 0.45703125 0.0390625 0.0390625
0 0.87890625 0.45703125 0.0390625 0.0390625
0 0.171875 0.4765625 0.0390625 0.0390625
0 0.0703125 0.48828125 0.0390625 0.0390625
0 0.0703125 0.4921875 0.0390625 0.0390625
0 0.0859375 0.5078125 0.0390625 0.0390625
0 0.08984375 0.5078125 0.0390625 0.0390625
0 0.1875 0.51953125 0.0390625 0.0390625
0 0.1875 0.5234375 0.0390625 0.0390625
0 0.625 0.53515625 0.0390625 0.0390625
0 0.08984375 0.55078125 0.0390625 0.0390625
0 0.53125 0.5703125 0.0390625 0.0390625
0 0.53515625 0.5703125 0.0390625 0.0390625
0 0.4921875 0.5859375 0.0390625 0.0390625
0 0.4375 0.6015625 0.0390625 0.0390625
0 0.13671875 0.69140625 0.0390625 0.0390625
0 0.04296875 0.72265625 0.0390625 0.0390625
0 0.83984375 0.80078125 0.0390625 0.0390625
0 0.78125 0.83203125 0.0390625 0.0390625
0 0.52734375 0.85546875 0.0390625 0.0390625
0 0.61328125 0.96484375 0.0390625 0.0390625
0 0.3046875 0.9765625 0.0390625 0.0390625
