0 0.671875 0.0 0.0390625 0.0390625
0 0.67578125 0.0 0.0390625 0.0390625
0 0.4921875 0.109375 0.0390625 0.0390625
0 0.984375 0.18359375 0.0390625 0.0390625
0 0.93359375 0.203125 0.0390625 0.0390625
0 0.79296875 0.24609375 0.0390625 0.0390625
0 0.6953125 0.27734375 0.0390625 0.0390625
0 0.6484375 0.29296875 0.0390625 0.0390625
0 0.56640625 0.3203125 0.0390625 0.0390625
0 0.5703125 0.3203125 0.0390625 0.0390625
0 0.47265625 0.3515625 0.0390625 0.0390625
0 0.4765625 0.3515625 0.0390625 0.0390625
0 0.43359375 0.36328125 0.0390625 0.0390625
0 0.375 0.37890625 0.0390625 0.0390625
0 0.37890625 0.37890625 0.0390625 0.0390625
0 0.375 0.3828125 0.0390625 0.0390625
0 0.37890625 0.3828125 0.0390625 0.0390625
0 0.33984375 0.390625 0.0390625 0.0390625
0 0.34375 0.390625 0.0390625 0.0390625
0 0.25390625 0.41796875 0.0390625 0.0390625
0 0.25390625 0.421875 0.0390625 0.0390625
0 0.19921875 0.43359375 0.0390625 0.0390625
0 0.16015625 0.44921875 0.0390625 0.0390625
0 0.125 0.4609375 0.0390625 0.0390625
0 0.125 0.46484375 0.0390625 0.0390625
0 0.78125 0.515625 0.0390625 0.0390625
0 0.79296875 0.5390625 0.0390625 0.0390625
0 0.9921875 0.6015625 0.0390625 0.0390625
0 0.9765625 0.69921875 0.0390625 0.0390625
0 0.98046875 0.69921875 0.0390625 0.0390625
0 0.94921875 0.7109375 0.0390625 0.0390625
0 0.890625 0.72265625 0.0390625 0.0390625
0 0.40234375 0.76953125 0.0390625 0.0390625
0 0.40625 0.76953125 0.0390625 0.0390625
0 0.40234375 0.7734375 0.0390625 0.0390625
0 0.40625 0.7734375 0.0390625 0.0390625
