0 0.1796875 0.0078125 0.0390625 0.0390625
0 0.18359375 0.0078125 0.0390625 0.0390625
0 0.0703125 0.03125 0.0390625 0.0390625
0 0.09765625 0.03125 0.0390625 0.0390625
0 0.48046875 0.03515625 0.0390625 0.0390625
0 0.046875 0.0390625 0.0390625 0.0390625
0 0.4765625 0.0625 0.0390625 0.0390625
0 0.4765625 0.06640625 0.0390625 0.0390625
0 0.421875 0.109375 0.0390625 0.0390625
0 0.42578125 0.109375 0.0390625 0.0390625
0 0.89453125 0.109375 0.0390625 0.0390625
0 0.44140625 0.1875 0.0390625 0.0390625
0 0.44921875 0.21484375 0.0390625 0.0390625
0 0.70703125 0.21484375 0.0390625 0.0390625
0 0.9375 0.234375 0.0390625 0.0390625
0 0.578125 0.25390625 0.0390625 0.0390625
0 0.58203125 0.25390625 0.0390625 0.0390625
0 0.48046875 0.28515625 0.0390625 0.0390625
0 0.3828125 0.3125 0.0390625 0.0390625
0 0.3828125 0.31640625 0.0390625 0.0390625
0 0.2890625 0.34375 0.0390625 0.0390625
0 0.21875 0.359375 0.0390625 0.0390625
0 0.21875 0.36328125 0.0390625 0.0390625
0 0.17578125 0.375 0.0390625 0.0390625
0 0.12890625 0.390625 0.0390625 0.0390625
0 0.87109375 0.390625 0.0390625 0.0390625
0 0.875 0.390625 0.0390625 0.0390625
0 0.0703125 0.41015625 0.0390625 0.0390625
0 0.99609375 0.421875 0.0390625 0.0390625
0 0.02734375 0.42578125 0.0390625 0.0390625
0 0.51171875 0.42578125 0.0390625 0.0390625
0 0.5390625 0.45703125 0.0390625 0.0390625
0 0.57421875 0.47265625 0.0390625 0.0390625
0 0.58203125 0.4921875 0.0390625 0.0390625
0 0.91015625 0.515625 0.0390625 0.0390625
0 0.95703125 0.5234375 0.0390625 0.0390625
0 0.95703125 0.52734375 0.0390625 0.0390625
0 0.92578125 0.5625 0.0390625 0.0390625
0 0.94140625 0.61328125 0.0390625 0.0390625
0 0.59765625 0.68359375 0.0390625 0.0390625
0 0.6015625 0.68359375 0.0390625 0.0390625
0 0.21484375 0.77734375 0.0390625 0.0390625
0 0.24609375 0.7890625 0.0390625 0.0390625
0 0.24609375 0.79296875 0.0390625 0.0390625
0 0.25390625 0.81640625 0.0390625 0.0390625
0 0.5625 0.83203125 0.0390625 0.0390625
0 0.4921875 0.85546875 0.0390625 0.0390625
0 0.41015625 0.859375 0.0390625 0.0390625
0 0.01953125 0.8828125 0.0390625 0.0390625
0 0.01953125 0.88671875 0.0390625 0.0390625
0 0.29296875 0.9296875 0.0390625 0.0390625
0 0.7265625 0.93359375 0.0390625 0.0390625
0 0.73046875 0.93359375 0.0390625 0.0390625
0 0.59765625 0.9375 0.0390625 0.0390625
0 0.3984375 0.94140625 0.0390625 0.0390625
0 0.40234375 0.94140625 0.0390625 0.0390625
0 0.57421875 0.9453125 0.0390625 0.0390625
0 0.57421875 0.94921875 0.0390625 0.0390625
0 0.15625 0.953125 0.0390625 0.0390625
0 0.53125 0.953125 0.0390625 0.0390625
0 0.55078125 0.953125 0.0390625 0.0390625
0 0.5546875 0.953125 0.0390625 0.0390625
0 0.5078125 0.9609375 0.0390625 0.0390625
0 0.2890625 0.96484375 0.0390625 0.0390625
0 0.06640625 0.9765625 0.0390625 0.0390625
0 0.046875 0.98828125 0.0390625 0.0390625
