0 0.9453125 0.00390625 0.0390625 0.0390625
0 0.9921875 0.02734375 0.0390625 0.0390625
0 0.99609375 0.02734375 0.0390625 0.0390625
0 0.9375 0.04296875 0.0390625 0.0390625
0 0.94140625 0.04296875 0.0390625 0.0390625
0 0.9375 0.046875 0.0390625 0.0390625
0 0.94140625 0.046875 0.0390625 0.0390625
0 0.8984375 0.05859375 0.0390625 0.0390625
0 0.7578125 0.0625 0.0390625 0.0390625
0 0.84375 0.07421875 0.0390625 0.0390625
0 0.6875 0.0859375 0.0390625 0.0390625
0 0.79296875 0.08984375 0.0390625 0.0390625
0 0.6796875 0.12890625 0.0390625 0.0390625
0 0.68359375 0.12890625 0.0390625 0.0390625
0 0.62890625 0.14453125 0.0390625 0.0390625
0 0.62890625 0.1484375 0.0390625 0.0390625
0 0.58984375 0.16015625 0.0390625 0.0390625
0 0.01953125 0.22265625 0.0390625 0.0390625
0 0.078125 0.29296875 0.0390625 0.0390625
0 0.0625 0.33984375 0.0390625 0.0390625
0 0.1171875 0.421875 0.0390625 0.0390625
0 0.90625 0.5 0.0390625 0.0390625
0 0.1640625 0.53515625 0.0390625 0.0390625
0 0.16796875 0.53515625 0.0390625 0.0390625
0 0.1640625 0.5390625 0.0390625 0.0390625
0 0.16796875 0.5390625 0.0390625 0.0390625
0 0.85546875 0.61328125 0.0390625 0.0390625
0 0.21875 0.63671875 0.0390625 0.0390625
0 0.22265625 0.63671875 0.0390625 0.0390625
0 0.0546875 0.640625 0.0390625 0.0390625
0 0.03125 0.6484375 0.0390625 0.0390625
0 0.03515625 0.6484375 0.0390625 0.0390625
0 0.625 0.65234375 0.0390625 0.0390625
0 0.01953125 0.65625 0.0390625 0.0390625
0 0.625 0.65625 0.0390625 0.0390625
0 0.60546875 0.66015625 0.0390625 0.0390625
0 0.58203125 0.67578125 0.0390625 0.0390625
0 0.5859375 0.67578125 0.0390625 0.0390625
0 0.73046875 0.68359375 0.0390625 0.0390625
0 0.04296875 0.75390625 0.0390625 0.0390625
0 0.046875 0.75390625 0.0390625 0.0390625
0 0.91796875 0.8125 0.0390625 0.0390625
0 0.91796875 0.81640625 0.0390625 0.0390625
0 0.87890625 0.82421875 0.0390625 0.0390625
0 0.8828125 0.82421875 0.0390625 0.0390625
0 0.87890625 0.828125 0.0390625 0.0390625
0 0.8828125 0.828125 0.0390625 0.0390625
0 0.7734375 0.86328125 0.0390625 0.0390625
0 0.7734375 0.8671875 0.0390625 0.0390625
0 0.67578125 0.87109375 0.0390625 0.0390625
0 0.67578125 0.875 0.0390625 0.0390625
0 0.72265625 0.8828125 0.0390625 0.0390625
0 0.7265625 0.8828125 0.0390625 0.0390625
0 0.98828125 0.88671875 0.0390625 0.0390625
0 0.69921875 0.8984375 0.0390625 0.0390625
0 0.84765625 0.9375 0.0390625 0.0390625
0 0.9453125 0.953125 0.0390625 0.0390625
0 0.8984375 0.96875 0.0390625 0.0390625
0 0.87890625 0.97265625 0.0390625 0.0390625
0 0.85546875 0.9765625 0.0390625 0.0390625
0 0.859375 0.9765625 0.0390625 0.0390625
