0 0.43359375 0.046875 0.0390625 0.0390625
0 0.34375 0.07421875 0.0390625 0.0390625
0 0.203125 0.1171875 0.0390625 0.0390625
0 0.1640625 0.12890625 0.0390625 0.0390625
0 0.16796875 0.12890625 0.0390625 0.0390625
0 0.06640625 0.16015625 0.0390625 0.0390625
0 0.84765625 0.24609375 0.0390625 0.0390625
0 0.8671875 0.40625 0.0390625 0.0390625
0 0.43359375 0.45703125 0.0390625 0.0390625
0 0.8828125 0.45703125 0.0390625 0.0390625
0 0.8984375 0.5078125 0.0390625 0.0390625
0 0.90234375 0.5078125 0.0390625 0.0390625
0 0.91796875 0.55078125 0.0390625 0.0390625
0 0.4296875 0.5546875 0.0390625 0.0390625
0 0.43359375 0.5546875 0.0390625 0.0390625
0 0.0390625 0.57421875 0.0390625 0.0390625
0 0.1015625 0.65625 0.0390625 0.0390625
0 0.8828125 0.77734375 0.0390625 0.0390625
0 0.8828125 0.78125 0.0390625 0.0390625
0 0.83984375 0.79296875 0.0390625 0.0390625
0 0.84375 0.79296875 0.0390625 0.0390625
0 0.796875 0.80859375 0.0390625 0.0390625
0 0.75 0.8203125 0.0390625 0.0390625
0 0.6484375 0.85546875 0.0390625 0.0390625
0 0.546875 0.88671875 0.0390625 0.0390625
0 0.50390625 0.89453125 0.0390625 0.0390625
0 0.5078125 0.89453125 0.0390625 0.0390625
0 0.4609375 0.90625 0.0390625 0.0390625
0 0.4609375 0.91015625 0.0390625 0.0390625
0 0.41796875 0.921875 0.0390625 0.0390625
0 0.27734375 0.96875 0.0390625 0.0390625
0 0.18359375 0.99609375 0.0390625 0.0390625
