0 0.984375 0.0390625 0.0390625 0.0390625
0 0.9609375 0.046875 0.0390625 0.0390625
0 0.96484375 0.046875 0.0390625 0.0390625
0 0.9375 0.0546875 0.0390625 0.0390625
0 0.94140625 0.0546875 0.0390625 0.0390625
0 0.9140625 0.05859375 0.0390625 0.0390625
0 0.91796875 0.05859375 0.0390625 0.0390625
0 0.9140625 0.0625 0.0390625 0.0390625
0 0.91796875 0.0625 0.0390625 0.0390625
0 0.16796875 0.0703125 0.0390625 0.0390625
0 0.16796875 0.07421875 0.0390625 0.0390625
0 0.1484375 0.08203125 0.0390625 0.0390625
0 0.62890625 0.09375 0.0390625 0.0390625
0 0.6015625 0.1015625 0.0390625 0.0390625
0 0.78515625 0.1015625 0.0390625 0.0390625
0 0.34765625 0.12109375 0.0390625 0.0390625
0 0.34765625 0.125 0.0390625 0.0390625
0 0.21484375 0.1484375 0.0390625 0.0390625
0 0.5625 0.16015625 0.0390625 0.0390625
0 0.09765625 0.33984375 0.0390625 0.0390625
0 0.09765625 0.34375 0.0390625 0.0390625
0 0.109375 0.375 0.0390625 0.0390625
0 0.109375 0.37890625 0.0390625 0.0390625
0 0.06640625 0.3828125 0.0390625 0.0390625
0 0.0703125 0.3828125 0.0390625 0.0390625
0 0.08984375 0.3828125 0.0390625 0.0390625
0 0.47265625 0.5234375 0.0390625 0.0390625
0 0.53515625 0.61328125 0.0390625 0.0390625
0 0.40625 0.67578125 0.0390625 0.0390625
0 0.41015625 0.67578125 0.0390625 0.0390625
0 0.41015625 0.69140625 0.0390625 0.0390625
0 0.4140625 0.69140625 0.0390625 0.0390625
0 0.41015625 0.6953125 0.0390625 0.0390625
0 0.4140625 0.6953125 0.0390625 0.0390625
0 0.41796875 0.71484375 0.0390625 0.0390625
0 0.3828125 0.71875 0.0390625 0.0390625
0 0.3828125 0.72265625 0.0390625 0.0390625
0 0.3671875 0.73046875 0.0390625 0.0390625
0 0.37109375 0.73046875 0.0390625 0.0390625
0 0.3671875 0.734375 0.0390625 0.0390625
0 0.37109375 0.734375 0.0390625 0.0390625
0 0.34765625 0.73828125 0.0390625 0.0390625
0 0.15625 0.75 0.0390625 0.0390625
0 0.33203125 0.75 0.0390625 0.0390625
0 0.3125 0.75390625 0.0390625 0.0390625
0 0.40234375 0.7578125 0.0390625 0.0390625
0 0.3828125 0.7734375 0.0390625 0.0390625
0 0.38671875 0.7734375 0.0390625 0.0390625
0 0.2578125 0.77734375 0.0390625 0.0390625
0 0.21484375 0.78125 0.0390625 0.0390625
0 0.1953125 0.78515625 0.0390625 0.0390625
0 0.19921875 0.78515625 0.0390625 0.0390625
0 0.34765625 0.78515625 0.0390625 0.0390625
0 0.1953125 0.7890625 0.0390625 0.0390625
0 0.19921875 0.7890625 0.0390625 0.0390625
0 0.328125 0.79296875 0.0390625 0.0390625
0 0.23046875 0.8203125 0.0390625 0.0390625
0 0.19140625 0.83203125 0.0390625 0.0390625
0 0.17578125 0.84375 0.0390625 0.0390625
0 0.17578125 0.84765625 0.0390625 0.0390625
0 0.11328125 0.859375 0.0390625 0.0390625
0 0.07421875 0.87109375 0.0390625 0.0390625
0 0.453125 0.890625 0.0390625 0.0390625
0 0.0 0.90234375 0.0390625 0.0390625
0 0.22265625 0.953125 0.0390625 0.0390625
0 0.2265625 0.953125 0.0390625 0.0390625
