0 0.0703125 0.015625 0.0390625 0.0390625
0 0.6875 0.01953125 0.0390625 0.0390625
0 0.5 0.03515625 0.0390625 0.0390625
0 0.6015625 0.0546875 0.0390625 0.0390625
0 0.9765625 0.06640625 0.0390625 0.0390625
0 0.69140625 0.07421875 0.0390625 0.0390625
0 0.73046875 0.08203125 0.0390625 0.0390625
0 0.73046875 0.0859375 0.0390625 0.0390625
0 0.7890625 0.08984375 0.0390625 0.0390625
0 0.43359375 0.09375 0.0390625 0.0390625
0 0.9140625 0.09765625 0.0390625 0.0390625
0 0.49609375 0.1015625 0.0390625 0.0390625
0 0.69140625 0.125 0.0390625 0.0390625
0 0.49609375 0.14453125 0.0390625 0.0390625
0 0.5 0.14453125 0.0390625 0.0390625
0 0.49609375 0.1484375 0.0390625 0.0390625
0 0.5 0.1484375 0.0390625 0.0390625
0 0.6015625 0.16796875 0.0390625 0.0390625
0 0.984375 0.171875 0.0390625 0.0390625
0 0.6015625 0.1875 0.0390625 0.0390625
0 0.6015625 0.19140625 0.0390625 0.0390625
0 0.84375 0.22265625 0.0390625 0.0390625
0 0.41796875 0.25 0.0390625 0.0390625
0 0.41796875 0.25390625 0.0390625 0.0390625
0 0.60546875 0.2734375 0.0390625 0.0390625
0 0.5625 0.31640625 0.0390625 0.0390625
0 0.609375 0.36328125 0.0390625 0.0390625
0 0.609375 0.41015625 0.0390625 0.0390625
0 0.6796875 0.546875 0.0390625 0.0390625
0 0.78515625 0.55859375 0.0390625 0.0390625
0 0.68359375 0.62109375 0.0390625 0.0390625
0 0.6875 0.62109375 0.0390625 0.0390625
0 0.87890625 0.63671875 0.0390625 0.0390625
0 0.703125 0.66015625 0.0390625 0.0390625
0 0.703125 0.6640625 0.0390625 0.0390625
0 0.7890625 0.66796875 0.0390625 0.0390625
0 0.79296875 0.66796875 0.0390625 0.0390625
0 0.8984375 0.6796875 0.0390625 0.0390625
0 0.70703125 0.68359375 0.0390625 0.0390625
0 0.8984375 0.68359375 0.0390625 0.0390625
0 0.8046875 0.71484375 0.0390625 0.0390625
0 0.71484375 0.7265625 0.0390625 0.0390625
0 0.71875 0.74609375 0.0390625 0.0390625
0 0.72265625 0.74609375 0.0390625 0.0390625
0 0.81640625 0.7578125 0.0390625 0.0390625
0 0.73046875 0.76171875 0.0390625 0.0390625
0 0.73046875 0.765625 0.0390625 0.0390625
0 0.73046875 0.78515625 0.0390625 0.0390625
0 0.75 0.82421875 0.0390625 0.0390625
0 0.6484375 0.828125 0.0390625 0.0390625
0 0.65234375 0.828125 0.0390625 0.0390625
0 0.76171875 0.84765625 0.0390625 0.0390625
0 0.66796875 0.8671875 0.0390625 0.0390625
0 0.66796875 0.87109375 0.0390625 0.0390625
0 0.7734375 0.88671875 0.0390625 0.0390625
0 0.6796875 0.89453125 0.0390625 0.0390625
0 0.77734375 0.90234375 0.0390625 0.0390625
0 0.77734375 0.90625 0.0390625 0.0390625
0 0.6875 0.9140625 0.0390625 0.0390625
0 0.6953125 0.95703125 0.0390625 0.0390625
0 0.80078125 0.96875 0.0390625 0.0390625
0 0.69921875 0.9765625 0.0390625 0.0390625
0 0.69921875 0.98046875 0.0390625 0.0390625
0 0.80859375 0.9921875 0.0390625 0.0390625
