0 0.23828125 0.0078125 0.0390625 0.0390625
0 0.19140625 0.1015625 0.0390625 0.0390625
0 0.1953125 0.1015625 0.0390625 0.0390625
0 0.578125 0.1796875 0.0390625 0.0390625
0 0.58203125 0.1796875 0.0390625 0.0390625
0 0.578125 0.18359375 0.0390625 0.0390625
0 0.58203125 0.18359375 0.0390625 0.0390625
0 0.72265625 0.19921875 0.0390625 0.0390625
0 0.26171875 0.21484375 0.0390625 0.0390625
0 0.734375 0.21484375 0.0390625 0.0390625
0 0.26171875 0.21875 0.0390625 0.0390625
0 0.734375 0.21875 0.0390625 0.0390625
0 0.64453125 0.28515625 0.0390625 0.0390625
0 0.4765625 0.2890625 0.0390625 0.0390625
0 0.76171875 0.296875 0.0390625 0.0390625
0 0.765625 0.296875 0.0390625 0.0390625
0 0.44140625 0.3046875 0.0390625 0.0390625
0 0.484375 0.30859375 0.0390625 0.0390625
0 0.26171875 0.31640625 0.0390625 0.0390625
0 0.39453125 0.31640625 0.0390625 0.0390625
0 0.39453125 0.3203125 0.0390625 0.0390625
0 0.4453125 0.32421875 0.0390625 0.0390625
0 0.4921875 0.32421875 0.0390625 0.0390625
0 0.5234375 0.328125 0.0390625 0.0390625
0 0.78125 0.33203125 0.0390625 0.0390625
0 0.40234375 0.3359375 0.0390625 0.0390625
0 0.76171875 0.3359375 0.0390625 0.0390625
0 0.453125 0.33984375 0.0390625 0.0390625
0 0.73828125 0.34375 0.0390625 0.0390625
0 0.7421875 0.34375 0.0390625 0.0390625
0 0.49609375 0.34765625 0.0390625 0.0390625
0 0.69140625 0.3515625 0.0390625 0.0390625
0 0.41015625 0.35546875 0.0390625 0.0390625
0 0.4140625 0.35546875 0.0390625 0.0390625
0 0.41015625 0.359375 0.0390625 0.0390625
0 0.4140625 0.359375 0.0390625 0.0390625
0 0.45703125 0.359375 0.0390625 0.0390625
0 0.5078125 0.36328125 0.0390625 0.0390625
0 0.65234375 0.36328125 0.0390625 0.0390625
0 0.671875 0.36328125 0.0390625 0.0390625
0 0.5078125 0.3671875 0.0390625 0.0390625
0 0.65234375 0.3671875 0.0390625 0.0390625
0 0.41796875 0.375 0.0390625 0.0390625
0 0.6328125 0.375 0.0390625 0.0390625
0 0.63671875 0.375 0.0390625 0.0390625
0 0.46484375 0.37890625 0.0390625 0.0390625
0 0.61328125 0.37890625 0.0390625 0.0390625
0 0.6328125 0.37890625 0.0390625 0.0390625
0 0.63671875 0.37890625 0.0390625 0.0390625
0 0.46484375 0.3828125 0.0390625 0.0390625
0 0.5078125 0.3828125 0.0390625 0.0390625
0 0.61328125 0.3828125 0.0390625 0.0390625
0 0.58984375 0.38671875 0.0390625 0.0390625
0 0.421875 0.39453125 0.0390625 0.0390625
0 0.42578125 0.39453125 0.0390625 0.0390625
0 0.46875 0.3984375 0.0390625 0.0390625
0 0.47265625 0.3984375 0.0390625 0.0390625
0 0.55078125 0.3984375 0.0390625 0.0390625
0 0.57421875 0.3984375 0.0390625 0.0390625
0 0.51953125 0.40234375 0.0390625 0.0390625
0 0.5234375 0.40234375 0.0390625 0.0390625
0 0.4296875 0.4140625 0.0390625 0.0390625
0 0.4765625 0.41796875 0.0390625 0.0390625
0 0.52734375 0.421875 0.0390625 0.0390625
0 0.52734375 0.42578125 0.0390625 0.0390625
0 0.43359375 0.43359375 0.0390625 0.0390625
0 0.4375 0.43359375 0.0390625 0.0390625
0 0.48828125 0.43359375 0.0390625 0.0390625
0 0.48828125 0.4375 0.0390625 0.0390625
0 0.453125 0.44921875 0.0390625 0.0390625
0 0.31640625 0.46875 0.0390625 0.0390625
0 0.35546875 0.4921875 0.0390625 0.0390625
0 0.359375 0.4921875 0.0390625 0.0390625
0 0.3671875 0.62890625 0.0390625 0.0390625
0 0.40625 0.703125 0.0390625 0.0390625
0 0.95703125 0.9140625 0.0390625 0.0390625
0 0.9375 0.92578125 0.0390625 0.0390625
0 0.8828125 0.9375 0.0390625 0.0390625
0 0.88671875 0.9375 0.0390625 0.0390625
0 0.86328125 0.94921875 0.0390625 0.0390625
0 0.84375 0.95703125 0.0390625 0.0390625
0 0.82421875 0.96484375 0.0390625 0.0390625
