0 0.98046875 0.16015625 0.0390625 0.0390625
0 0.984375 0.16015625 0.0390625 0.0390625
0 0.95703125 0.28125 0.0390625 0.0390625
0 0.9765625 0.36328125 0.0390625 0.0390625
0 0.9921875 0.41015625 0.0390625 0.0390625
0 0.14453125 0.46875 0.0390625 0.0390625
0 0.16796875 0.54296875 0.0390625 0.0390625
0 0.2265625 0.5546875 0.0390625 0.0390625
0 0.265625 0.5625 0.0390625 0.0390625
0 0.17578125 0.58203125 0.0390625 0.0390625
0 0.1796875 0.58203125 0.0390625 0.0390625
0 0.28125 0.61328125 0.0390625 0.0390625
0 0.28515625 0.61328125 0.0390625 0.0390625
0 0.1953125 0.6328125 0.0390625 0.0390625
0 0.296875 0.65625 0.0390625 0.0390625
0 0.2109375 0.67578125 0.0390625 0.0390625
0 0.921875 0.67578125 0.0390625 0.0390625
0 0.96875 0.69921875 0.0390625 0.0390625
0 0.921875 0.71484375 0.0390625 0.0390625
0 0.3203125 0.71875 0.0390625 0.0390625
0 0.2265625 0.73046875 0.0390625 0.0390625
0 0.78515625 0.75390625 0.0390625 0.0390625
0 0.75 0.765625 0.0390625 0.0390625
0 0.75390625 0.765625 0.0390625 0.0390625
0 0.2421875 0.77734375 0.0390625 0.0390625
0 0.578125 0.78125 0.0390625 0.0390625
0 0.671875 0.79296875 0.0390625 0.0390625
0 0.59375 0.81640625 0.0390625 0.0390625
0 0.4453125 0.828125 0.0390625 0.0390625
0 0.44921875 0.828125 0.0390625 0.0390625
0 0.984375 0.83984375 0.0390625 0.0390625
0 0.9609375 0.84765625 0.0390625 0.0390625
0 0.94140625 0.8515625 0.0390625 0.0390625
0 0.8984375 0.85546875 0.0390625 0.0390625
0 0.8984375 0.859375 0.0390625 0.0390625
0 0.921875 0.859375 0.0390625 0.0390625
0 0.921875 0.86328125 0.0390625 0.0390625
0 0.453125 0.8671875 0.0390625 0.0390625
