0 0.9375 0.07421875 0.0390625 0.0390625
0 0.8359375 0.109375 0.0390625 0.0390625
0 0.7421875 0.1328125 0.0390625 0.0390625
0 0.74609375 0.1328125 0.0390625 0.0390625
0 0.7421875 0.13671875 0.0390625 0.0390625
0 0.74609375 0.13671875 0.0390625 0.0390625
0 0.69921875 0.1484375 0.0390625 0.0390625
0 0.6484375 0.1640625 0.0390625 0.0390625
0 0.546875 0.19921875 0.0390625 0.0390625
0 0.5 0.2109375 0.0390625 0.0390625
0 0.45703125 0.22265625 0.0390625 0.0390625
0 0.4609375 0.22265625 0.0390625 0.0390625
0 0.45703125 0.2265625 0.0390625 0.0390625
0 0.4609375 0.2265625 0.0390625 0.0390625
0 0.41796875 0.23828125 0.0390625 0.0390625
0 0.35546875 0.2578125 0.0390625 0.0390625
0 0.30859375 0.2734375 0.0390625 0.0390625
0 0.14453125 0.32421875 0.0390625 0.0390625
0 0.0625 0.3515625 0.0390625 0.0390625
0 0.06640625 0.3515625 0.0390625 0.0390625
0 0.0234375 0.36328125 0.0390625 0.0390625
0 0.02734375 0.36328125 0.0390625 0.0390625
