0 0.125 0.0078125 0.0390625 0.0390625
0 0.12890625 0.0078125 0.0390625 0.0390625
0 0.09765625 0.16796875 0.0390625 0.0390625
0 0.5390625 0.20703125 0.0390625 0.0390625
0 0.625 0.265625 0.0390625 0.0390625
0 0.2890625 0.28125 0.0390625 0.0390625
0 0.29296875 0.28125 0.0390625 0.0390625
0 0.12890625 0.29296875 0.0390625 0.0390625
0 0.14453125 0.33984375 0.0390625 0.0390625
0 0.15234375 0.3828125 0.0390625 0.0390625
0 0.96875 0.3828125 0.0390625 0.0390625
0 0.91796875 0.3984375 0.0390625 0.0390625
0 0.921875 0.3984375 0.0390625 0.0390625
0 0.3359375 0.41796875 0.0390625 0.0390625
0 0.3359375 0.421875 0.0390625 0.0390625
0 0.71484375 0.45703125 0.0390625 0.0390625
0 0.67578125 0.46875 0.0390625 0.0390625
0 0.6796875 0.46875 0.0390625 0.0390625
0 0.34765625 0.5546875 0.0390625 0.0390625
0 0.3515625 0.5546875 0.0390625 0.0390625
0 0.34765625 0.55859375 0.0390625 0.0390625
0 0.3515625 0.55859375 0.0390625 0.0390625
0 0.08984375 0.66015625 0.0390625 0.0390625
0 0.74609375 0.6953125 0.0390625 0.0390625
0 0.44921875 0.76171875 0.0390625 0.0390625
0 0.35546875 0.796875 0.0390625 0.0390625
0 0.359375 0.796875 0.0390625 0.0390625
0 0.46484375 0.8125 0.0390625 0.0390625
0 0.46875 0.8125 0.0390625 0.0390625
0 0.46484375 0.81640625 0.0390625 0.0390625
0 0.46875 0.81640625 0.0390625 0.0390625
0 0.375 0.8515625 0.0390625 0.0390625
0 0.81640625 0.859375 0.0390625 0.0390625
0 0.81640625 0.86328125 0.0390625 0.0390625
0 0.90234375 0.890625 0.0390625 0.0390625
0 0.4921875 0.90234375 0.0390625 0.0390625
0 0.09765625 0.92578125 0.0390625 0.0390625
0 0.09765625 0.9296875 0.0390625 0.0390625
0 0.2421875 0.9296875 0.0390625 0.0390625
0 0.24609375 0.9296875 0.0390625 0.0390625
0 0.5078125 0.94140625 0.0390625 0.0390625
0 0.5078125 0.9453125 0.0390625 0.0390625
0 0.1328125 0.9609375 0.0390625 0.0390625
0 0.13671875 0.9609375 0.0390625 0.0390625
