0 0.32421875 0.00390625 0.0390625 0.0390625
0 0.32421875 0.0078125 0.0390625 0.0390625
0 0.19921875 0.0390625 0.0390625 0.0390625
0 0.203125 0.0390625 0.0390625 0.0390625
0 0.19921875 0.04296875 0.0390625 0.0390625
0 0.203125 0.04296875 0.0390625 0.0390625
0 0.109375 0.07421875 0.0390625 0.0390625
0 0.0703125 0.08203125 0.0390625 0.0390625
0 0.07421875 0.08203125 0.0390625 0.0390625
0 0.0703125 0.0859375 0.0390625 0.0390625
0 0.07421875 0.0859375 0.0390625 0.0390625
0 0.31640625 0.09375 0.0390625 0.0390625
0 0.27734375 0.10546875 0.0390625 0.0390625
0 0.28125 0.10546875 0.0390625 0.0390625
0 0.24609375 0.1171875 0.0390625 0.0390625
0 0.9609375 0.2109375 0.0390625 0.0390625
0 0.9609375 0.21484375 0.0390625 0.0390625
0 0.3515625 0.4140625 0.0390625 0.0390625
0 0.3515625 0.41796875 0.0390625 0.0390625
0 0.24609375 0.4453125 0.0390625 0.0390625
0 0.25 0.4453125 0.0390625 0.0390625
0 0.45703125 0.5546875 0.0390625 0.0390625
0 0.45703125 0.55859375 0.0390625 0.0390625
0 0.234375 0.57421875 0.0390625 0.0390625
0 0.48828125 0.609375 0.0390625 0.0390625
0 0.5 0.65234375 0.0390625 0.0390625
0 0.91015625 0.71484375 0.0390625 0.0390625
0 0.91015625 0.71875 0.0390625 0.0390625
0 0.8671875 0.7265625 0.0390625 0.0390625
0 0.8671875 0.73046875 0.0390625 0.0390625
0 0.8203125 0.74609375 0.0390625 0.0390625
0 0.82421875 0.74609375 0.0390625 0.0390625
0 0.7734375 0.76171875 0.0390625 0.0390625
0 0.72265625 0.77734375 0.0390625 0.0390625
0 0.60546875 0.81640625 0.0390625 0.0390625
0 0.23046875 0.875 0.0390625 0.0390625
0 0.1484375 0.90234375 0.0390625 0.0390625
0 0.171875 0.90234375 0.0390625 0.0390625
0 0.1484375 0.90625 0.0390625 0.0390625
0 0.07421875 0.921875 0.0390625 0.0390625
