0 0.9296875 0.05859375 0.0390625 0.0390625
0 0.79296875 0.0859375 0.0390625 0.0390625
0 0.66015625 0.10546875 0.0390625 0.0390625
0 0.66015625 0.109375 0.0390625 0.0390625
0 0.66015625 0.12890625 0.0390625 0.0390625
0 0.66015625 0.1328125 0.0390625 0.0390625
0 0.953125 0.1484375 0.0390625 0.0390625
0 0.80078125 0.15234375 0.0390625 0.0390625
0 0.80078125 0.15625 0.0390625 0.0390625
0 0.54296875 0.3125 0.0390625 0.0390625
0 0.94921875 0.421875 0.0390625 0.0390625
0 0.859375 0.4765625 0.0390625 0.0390625
0 0.765625 0.48046875 0.0390625 0.0390625
0 0.91796875 0.49609375 0.0390625 0.0390625
0 0.91796875 0.5 0.0390625 0.0390625
0 0.984375 0.5078125 0.0390625 0.0390625
0 0.75390625 0.515625 0.0390625 0.0390625
0 0.7578125 0.515625 0.0390625 0.0390625
0 0.76171875 0.54296875 0.0390625 0.0390625
0 0.8515625 0.55078125 0.0390625 0.0390625
0 0.796875 0.56640625 0.0390625 0.0390625
0 0.796875 0.5703125 0.0390625 0.0390625
0 0.64453125 0.58203125 0.0390625 0.0390625
0 0.48046875 0.60546875 0.0390625 0.0390625
0 0.4453125 0.671875 0.0390625 0.0390625
0 0.36328125 0.703125 0.0390625 0.0390625
0 0.04296875 0.87109375 0.0390625 0.0390625
0 0.046875 0.87109375 0.0390625 0.0390625
0 0.02734375 0.92578125 0.0390625 0.0390625
0 0.05859375 0.9453125 0.0390625 0.0390625
0 0.5546875 0.9609375 0.0390625 0.0390625
0 0.5546875 0.96484375 0.0390625 0.0390625
0 0.01171875 0.98046875 0.0390625 0.0390625
