0 0.859375 0.0390625 0.0390625 0.0390625
0 0.77734375 0.14453125 0.0390625 0.0390625
0 0.90234375 0.17578125 0.0390625 0.0390625
0 0.1796875 0.30859375 0.0390625 0.0390625
0 0.96484375 0.3203125 0.0390625 0.0390625
0 0.8515625 0.35546875 0.0390625 0.0390625
0 0.7890625 0.375 0.0390625 0.0390625
0 0.75 0.38671875 0.0390625 0.0390625
0 0.6484375 0.41796875 0.0390625 0.0390625
0 0.60546875 0.43359375 0.0390625 0.0390625
0 0.5625 0.4453125 0.0390625 0.0390625
0 0.68359375 0.45703125 0.0390625 0.0390625
0 0.29296875 0.6875 0.0390625 0.0390625
0 0.2734375 0.69921875 0.0390625 0.0390625
0 0.234375 0.71484375 0.0390625 0.0390625
0 0.2109375 0.72265625 0.0390625 0.0390625
0 0.33203125 0.7734375 0.0390625 0.0390625
0 0.33203125 0.77734375 0.0390625 0.0390625
