0 0.8125 0.0078125 0.0390625 0.0390625
0 0.8125 0.01171875 0.0390625 0.0390625
0 0.70703125 0.01953125 0.0390625 0.0390625
0 0.7109375 0.01953125 0.0390625 0.0390625
0 0.82421875 0.02734375 0.0390625 0.0390625
0 0.71875 0.03515625 0.0390625 0.0390625
0 0.71875 0.0390625 0.0390625 0.0390625
0 0.82421875 0.046875 0.0390625 0.0390625
0 0.828125 0.046875 0.0390625 0.0390625
0 0.82421875 0.05078125 0.0390625 0.0390625
0 0.828125 0.05078125 0.0390625 0.0390625
0 0.72265625 0.0546875 0.0390625 0.0390625
0 0.7265625 0.0546875 0.0390625 0.0390625
0 0.953125 0.0625 0.0390625 0.0390625
0 0.83203125 0.06640625 0.0390625 0.0390625
0 0.91796875 0.06640625 0.0390625 0.0390625
0 0.83203125 0.0703125 0.0390625 0.0390625
0 0.73046875 0.07421875 0.0390625 0.0390625
0 0.734375 0.07421875 0.0390625 0.0390625
0 0.83984375 0.08984375 0.0390625 0.0390625
0 0.73828125 0.09765625 0.0390625 0.0390625
0 0.84765625 0.109375 0.0390625 0.0390625
0 0.66796875 0.12890625 0.0390625 0.0390625
0 0.84765625 0.1328125 0.0390625 0.0390625
0 0.8515625 0.1328125 0.0390625 0.0390625
0 0.75390625 0.140625 0.0390625 0.0390625
0 0.85546875 0.15625 0.0390625 0.0390625
0 0.7578125 0.16015625 0.0390625 0.0390625
0 0.953125 0.16796875 0.0390625 0.0390625
0 0.6328125 0.1875 0.0390625 0.0390625
0 0.6328125 0.19140625 0.0390625 0.0390625
0 0.87109375 0.1953125 0.0390625 0.0390625
0 0.97265625 0.22265625 0.0390625 0.0390625
0 0.88671875 0.23828125 0.0390625 0.0390625
0 0.89453125 0.25390625 0.0390625 0.0390625
0 0.8984375 0.27734375 0.0390625 0.0390625
0 0.90625 0.296875 0.0390625 0.0390625
0 0.91015625 0.296875 0.0390625 0.0390625
0 0.90625 0.3203125 0.0390625 0.0390625
0 0.91015625 0.3203125 0.0390625 0.0390625
0 0.19140625 0.328125 0.0390625 0.0390625
0 0.77734375 0.359375 0.0390625 0.0390625
0 0.78125 0.359375 0.0390625 0.0390625
0 0.78515625 0.359375 0.0390625 0.0390625
0 0.125 0.4453125 0.0390625 0.0390625
0 0.953125 0.44921875 0.0390625 0.0390625
0 0.95703125 0.44921875 0.0390625 0.0390625
0 0.95703125 0.46875 0.0390625 0.0390625
0 0.1328125 0.484375 0.0390625 0.0390625
0 0.96484375 0.48828125 0.0390625 0.0390625
0 0.97265625 0.5078125 0.0390625 0.0390625
0 0.98046875 0.5234375 0.0390625 0.0390625
0 0.984375 0.5234375 0.0390625 0.0390625
0 0.98046875 0.52734375 0.0390625 0.0390625
0 0.984375 0.52734375 0.0390625 0.0390625
0 0.05859375 0.546875 0.0390625 0.0390625
0 0.98046875 0.55078125 0.0390625 0.0390625
0 0.99609375 0.59375 0.0390625 0.0390625
0 0.16796875 0.6015625 0.0390625 0.0390625
0 0.171875 0.6015625 0.0390625 0.0390625
0 0.12890625 0.6171875 0.0390625 0.0390625
0 0.0859375 0.62890625 0.0390625 0.0390625
0 0.23046875 0.83203125 0.0390625 0.0390625
0 0.25 0.8671875 0.0390625 0.0390625
0 0.2578125 0.88671875 0.0390625 0.0390625
0 0.28515625 0.921875 0.0390625 0.0390625
0 0.375 0.94921875 0.0390625 0.0390625
