0 0.41796875 0.0 0.0390625 0.0390625
0 0.41796875 0.00390625 0.0390625 0.0390625
0 0.7578125 0.171875 0.0390625 0.0390625
0 0.62890625 0.2109375 0.0390625 0.0390625
0 0.7421875 0.2109375 0.0390625 0.0390625
0 0.84375 0.2109375 0.0390625 0.0390625
0 0.84765625 0.2109375 0.0390625 0.0390625
0 0.578125 0.22265625 0.0390625 0.0390625
0 0.53125 0.2421875 0.0390625 0.0390625
0 0.53515625 0.2421875 0.0390625 0.0390625
0 0.734375 0.24609375 0.0390625 0.0390625
0 0.734375 0.25 0.0390625 0.0390625
0 0.4765625 0.25390625 0.0390625 0.0390625
0 0.43359375 0.26953125 0.0390625 0.0390625
0 0.3203125 0.3046875 0.0390625 0.0390625
0 0.32421875 0.3046875 0.0390625 0.0390625
0 0.21484375 0.3359375 0.0390625 0.0390625
0 0.07421875 0.375 0.0390625 0.0390625
0 0.078125 0.375 0.0390625 0.0390625
0 0.44140625 0.375 0.0390625 0.0390625
0 0.07421875 0.37890625 0.0390625 0.0390625
0 0.078125 0.37890625 0.0390625 0.0390625
0 0.18359375 0.41796875 0.0390625 0.0390625
0 0.0625 0.44921875 0.0390625 0.0390625
0 0.06640625 0.44921875 0.0390625 0.0390625
0 0.6640625 0.52734375 0.0390625 0.0390625
0 0.703125 0.546875 0.0390625 0.0390625
0 0.70703125 0.546875 0.0390625 0.0390625
0 0.6953125 0.58203125 0.0390625 0.0390625
0 0.69921875 0.58203125 0.0390625 0.0390625
0 0.25 0.63671875 0.0390625 0.0390625
0 0.25390625 0.63671875 0.0390625 0.0390625
0 0.828125 0.6484375 0.0390625 0.0390625
0 0.828125 0.65234375 0.0390625 0.0390625
0 0.8359375 0.66796875 0.0390625 0.0390625
0 0.8359375 0.671875 0.0390625 0.0390625
0 0.265625 0.6796875 0.0390625 0.0390625
0 0.671875 0.69140625 0.0390625 0.0390625
0 0.84375 0.69140625 0.0390625 0.0390625
0 0.71875 0.69921875 0.0390625 0.0390625
0 0.72265625 0.69921875 0.0390625 0.0390625
0 0.84765625 0.7109375 0.0390625 0.0390625
0 0.8515625 0.7109375 0.0390625 0.0390625
0 0.61328125 0.71484375 0.0390625 0.0390625
0 0.67578125 0.71484375 0.0390625 0.0390625
0 0.67578125 0.71875 0.0390625 0.0390625
0 0.7265625 0.72265625 0.0390625 0.0390625
0 0.9453125 0.7265625 0.0390625 0.0390625
0 0.6875 0.7421875 0.0390625 0.0390625
0 0.73828125 0.74609375 0.0390625 0.0390625
0 0.00390625 0.75390625 0.0390625 0.0390625
0 0.0078125 0.75390625 0.0390625 0.0390625
0 0.75 0.76171875 0.0390625 0.0390625
0 0.75 0.765625 0.0390625 0.0390625
0 0.296875 0.77734375 0.0390625 0.0390625
0 0.296875 0.78125 0.0390625 0.0390625
0 0.30078125 0.78125 0.0390625 0.0390625
0 0.703125 0.7890625 0.0390625 0.0390625
0 0.70703125 0.7890625 0.0390625 0.0390625
0 0.87109375 0.796875 0.0390625 0.0390625
0 0.875 0.796875 0.0390625 0.0390625
0 0.7109375 0.8359375 0.0390625 0.0390625
0 0.8828125 0.8359375 0.0390625 0.0390625
0 0.88671875 0.8359375 0.0390625 0.0390625
0 0.8828125 0.83984375 0.0390625 0.0390625
0 0.88671875 0.83984375 0.0390625 0.0390625
0 0.32421875 0.8671875 0.0390625 0.0390625
0 0.32421875 0.87109375 0.0390625 0.0390625
0 0.9921875 0.87109375 0.0390625 0.0390625
0 0.9921875 0.875 0.0390625 0.0390625
0 0.7734375 0.89453125 0.0390625 0.0390625
0 0.77734375 0.89453125 0.0390625 0.0390625
0 0.7734375 0.8984375 0.0390625 0.0390625
0 0.77734375 0.8984375 0.0390625 0.0390625
0 0.71875 0.90625 0.0390625 0.0390625
0 0.69140625 0.921875 0.0390625 0.0390625
0 0.6953125 0.921875 0.0390625 0.0390625
