0 0.98046875 0.015625 0.0390625 0.0390625
0 0.46875 0.05078125 0.0390625 0.0390625
0 0.5546875 0.16015625 0.0390625 0.0390625
0 0.54296875 0.2734375 0.0390625 0.0390625
0 0.6015625 0.2890625 0.0390625 0.0390625
0 0.078125 0.390625 0.0390625 0.0390625
0 0.19921875 0.60546875 0.0390625 0.0390625
0 0.2109375 0.625 0.0390625 0.0390625
0 0.50390625 0.625 0.0390625 0.0390625
0 0.5078125 0.625 0.0390625 0.0390625
0 0.38671875 0.66796875 0.0390625 0.0390625
0 0.38671875 0.671875 0.0390625 0.0390625
0 0.36328125 0.6796875 0.0390625 0.0390625
0 0.3671875 0.6796875 0.0390625 0.0390625
0 0.7265625 0.6875 0.0390625 0.0390625
0 0.73046875 0.6875 0.0390625 0.0390625
0 0.609375 0.703125 0.0390625 0.0390625
0 0.609375 0.70703125 0.0390625 0.0390625
0 0.56640625 0.71875 0.0390625 0.0390625
0 0.5703125 0.71875 0.0390625 0.0390625
0 0.59375 0.72265625 0.0390625 0.0390625
0 0.5234375 0.734375 0.0390625 0.0390625
0 0.50390625 0.73828125 0.0390625 0.0390625
0 0.48046875 0.75 0.0390625 0.0390625
0 0.484375 0.75 0.0390625 0.0390625
0 0.37890625 0.78125 0.0390625 0.0390625
0 0.3828125 0.78125 0.0390625 0.0390625
0 0.37890625 0.78515625 0.0390625 0.0390625
0 0.3828125 0.78515625 0.0390625 0.0390625
0 0.71484375 0.875 0.0390625 0.0390625
0 0.71875 0.875 0.0390625 0.0390625
0 0.73046875 0.921875 0.0390625 0.0390625
