0 0.56640625 0.02734375 0.0390625 0.0390625
0 0.6015625 0.14453125 0.0390625 0.0390625
0 0.62109375 0.19921875 0.0390625 0.0390625
0 0.625 0.19921875 0.0390625 0.0390625
0 0.62109375 0.203125 0.0390625 0.0390625
0 0.625 0.203125 0.0390625 0.0390625
0 0.72265625 0.21875 0.0390625 0.0390625
0 0.2734375 0.22265625 0.0390625 0.0390625
0 0.25 0.2265625 0.0390625 0.0390625
0 0.1171875 0.33984375 0.0390625 0.0390625
0 0.328125 0.578125 0.0390625 0.0390625
0 0.33203125 0.578125 0.0390625 0.0390625
0 0.37109375 0.58203125 0.0390625 0.0390625
0 0.375 0.58203125 0.0390625 0.0390625
0 0.3046875 0.5859375 0.0390625 0.0390625
0 0.30859375 0.5859375 0.0390625 0.0390625
0 0.2421875 0.60546875 0.0390625 0.0390625
0 0.21875 0.609375 0.0390625 0.0390625
0 0.2421875 0.609375 0.0390625 0.0390625
0 0.19921875 0.61328125 0.0390625 0.0390625
0 0.21875 0.61328125 0.0390625 0.0390625
0 0.16796875 0.640625 0.0390625 0.0390625
0 0.32421875 0.66015625 0.0390625 0.0390625
0 0.96875 0.66796875 0.0390625 0.0390625
0 0.01171875 0.67578125 0.0390625 0.0390625
0 0.01171875 0.6796875 0.0390625 0.0390625
0 0.41796875 0.69921875 0.0390625 0.0390625
0 0.421875 0.69921875 0.0390625 0.0390625
0 0.34765625 0.71875 0.0390625 0.0390625
0 0.3515625 0.71875 0.0390625 0.0390625
0 0.37109375 0.73828125 0.0390625 0.0390625
0 0.375 0.73828125 0.0390625 0.0390625
0 0.60546875 0.73828125 0.0390625 0.0390625
0 0.37109375 0.7578125 0.0390625 0.0390625
0 0.375 0.7578125 0.0390625 0.0390625
0 0.37109375 0.76171875 0.0390625 0.0390625
0 0.375 0.76171875 0.0390625 0.0390625
0 0.27734375 0.8203125 0.0390625 0.0390625
0 0.27734375 0.82421875 0.0390625 0.0390625
0 0.04296875 0.8359375 0.0390625 0.0390625
0 0.421875 0.83984375 0.0390625 0.0390625
0 0.2890625 0.88671875 0.0390625 0.0390625
0 0.23828125 0.90234375 0.0390625 0.0390625
0 0.23828125 0.90625 0.0390625 0.0390625
0 0.19140625 0.921875 0.0390625 0.0390625
0 0.97265625 0.99609375 0.0390625 0.0390625
