0 0.680327868852459 0.01171875 0.08196721311475409 0.0390625
0 0.9426229508196722 0.02734375 0.08196721311475409 0.0390625
0 0.9426229508196722 0.03125 0.08196721311475409 0.0390625
0 0.4016393442622951 0.0703125 0.08196721311475409 0.0390625
0 0.4016393442622951 0.07421875 0.08196721311475409 0.0390625
0 0.7622950819672131 0.22265625 0.08196721311475409 0.0390625
0 0.7622950819672131 0.2265625 0.08196721311475409 0.0390625
0 0.9098360655737705 0.3046875 0.08196721311475409 0.0390625
0 0.9180327868852459 0.3046875 0.08196721311475409 0.0390625
0 0.6885245901639344 0.36328125 0.08196721311475409 0.0390625
0 0.9016393442622951 0.36328125 0.08196721311475409 0.0390625
0 0.9098360655737705 0.36328125 0.08196721311475409 0.0390625
0 0.7049180327868853 0.3828125 0.08196721311475409 0.0390625
0 0.7131147540983607 0.3828125 0.08196721311475409 0.0390625
0 0.7213114754098361 0.40625 0.08196721311475409 0.0390625
0 0.1557377049180328 0.43359375 0.08196721311475409 0.0390625
0 0.19672131147540983 0.43359375 0.08196721311475409 0.0390625
0 0.20491803278688525 0.43359375 0.08196721311475409 0.0390625
0 0.13934426229508196 0.61328125 0.08196721311475409 0.0390625
0 0.13934426229508196 0.6171875 0.08196721311475409 0.0390625
0 0.16393442622950818 0.6328125 0.08196721311475409 0.0390625
0 0.16393442622950818 0.63671875 0.08196721311475409 0.0390625
0 0.02459016393442623 0.703125 0.08196721311475409 0.0390625
0 0.03278688524590164 0.703125 0.08196721311475409 0.0390625
0 0.02459016393442623 0.70703125 0.08196721311475409 0.0390625
0 0.03278688524590164 0.70703125 0.08196721311475409 0.0390625
0 0.21311475409836064 0.71484375 0.08196721311475409 0.0390625
0 0.22950819672131148 0.7265625 0.08196721311475409 0.0390625
0 0.22950819672131148 0.73046875 0.08196721311475409 0.0390625
0 0.00819672131147541 0.75 0.08196721311475409 0.0390625
0 0.2540983606557377 0.75 0.08196721311475409 0.0390625
0 0.00819672131147541 0.75390625 0.08196721311475409 0.0390625
0 0.2540983606557377 0.7734375 0.08196721311475409 0.0390625
0 0.27049180327868855 0.796875 0.08196721311475409 0.0390625
0 0.30327868852459017 0.84765625 0.08196721311475409 0.0390625
0 0.16393442622950818 0.890625 0.08196721311475409 0.0390625
0 0.3360655737704918 0.890625 0.08196721311475409 0.0390625
0 0.10655737704918032 0.8984375 0.08196721311475409 0.0390625
0 0.3442622950819672 0.90625 0.08196721311475409 0.0390625
0 0.00819672131147541 0.91015625 0.08196721311475409 0.0390625
0 0.3442622950819672 0.91015625 0.08196721311475409 0.0390625
