0 0.1328125 0.01171875 0.0390625 0.0390625
0 0.1328125 0.015625 0.0390625 0.0390625
0 0.12109375 0.1953125 0.0390625 0.0390625
0 0.66796875 0.21875 0.0390625 0.0390625
0 0.71875 0.421875 0.0390625 0.0390625
0 0.73046875 0.4375 0.0390625 0.0390625
0 0.94921875 0.56640625 0.0390625 0.0390625
0 0.9140625 0.59375 0.0390625 0.0390625
0 0.9453125 0.63671875 0.0390625 0.0390625
0 0.9140625 0.6640625 0.0390625 0.0390625
0 0.91796875 0.6640625 0.0390625 0.0390625
0 0.5234375 0.92578125 0.0390625 0.0390625
0 0.625 0.93359375 0.0390625 0.0390625
0 0.5703125 0.9453125 0.0390625 0.0390625
0 0.57421875 0.9453125 0.0390625 0.0390625
0 0.53125 0.9609375 0.0390625 0.0390625
0 0.48828125 0.9765625 0.0390625 0.0390625
