0 0.65625 0.015625 0.0390625 0.0390625
0 0.66015625 0.015625 0.0390625 0.0390625
0 0.49609375 0.01953125 0.0390625 0.0390625
0 0.53515625 0.03125 0.0390625 0.0390625
0 0.62109375 0.05859375 0.0390625 0.0390625
0 0.09375 0.19140625 0.0390625 0.0390625
0 0.33203125 0.203125 0.0390625 0.0390625
0 0.3359375 0.203125 0.0390625 0.0390625
0 0.59375 0.203125 0.0390625 0.0390625
0 0.28515625 0.21875 0.0390625 0.0390625
0 0.18359375 0.25 0.0390625 0.0390625
0 0.125 0.265625 0.0390625 0.0390625
0 0.0546875 0.29296875 0.0390625 0.0390625
0 0.0078125 0.3046875 0.0390625 0.0390625
0 0.67578125 0.3125 0.0390625 0.0390625
0 0.90234375 0.328125 0.0390625 0.0390625
0 0.921875 0.34765625 0.0390625 0.0390625
0 0.875 0.3671875 0.0390625 0.0390625
0 0.92578125 0.37109375 0.0390625 0.0390625
0 0.9375 0.3984375 0.0390625 0.0390625
0 0.94140625 0.3984375 0.0390625 0.0390625
0 0.9375 0.40234375 0.0390625 0.0390625
0 0.94140625 0.40234375 0.0390625 0.0390625
0 0.71484375 0.4609375 0.0390625 0.0390625
0 0.71875 0.4609375 0.0390625 0.0390625
0 0.65625 0.6015625 0.0390625 0.0390625
0 0.859375 0.65234375 0.0390625 0.0390625
0 0.67578125 0.65625 0.0390625 0.0390625
0 0.859375 0.65625 0.0390625 0.0390625
0 0.69921875 0.72265625 0.0390625 0.0390625
0 0.25390625 0.765625 0.0390625 0.0390625
0 0.23828125 0.79296875 0.0390625 0.0390625
0 0.2421875 0.79296875 0.0390625 0.0390625
0 0.3046875 0.83984375 0.0390625 0.0390625
0 0.1640625 0.87109375 0.0390625 0.0390625
0 0.16796875 0.87109375 0.0390625 0.0390625
0 0.75 0.875 0.0390625 0.0390625
0 0.17578125 0.890625 0.0390625 0.0390625
0 0.1796875 0.890625 0.0390625 0.0390625
0 0.1171875 0.91015625 0.0390625 0.0390625
0 0.12890625 0.94921875 0.0390625 0.0390625
0 0.01171875 0.96875 0.0390625 0.0390625
0 0.015625 0.96875 0.0390625 0.0390625
0 0.140625 0.96875 0.0390625 0.0390625
0 0.01171875 0.97265625 0.0390625 0.0390625
0 0.015625 0.97265625 0.0390625 0.0390625
0 0.140625 0.97265625 0.0390625 0.0390625
