0 0.2890625 0.015625 0.0390625 0.0390625
0 0.3203125 0.03125 0.0390625 0.0390625
0 0.28515625 0.05078125 0.0390625 0.0390625
0 0.87890625 0.0859375 0.0390625 0.0390625
0 0.8828125 0.0859375 0.0390625 0.0390625
0 0.859375 0.09375 0.0390625 0.0390625
0 0.859375 0.09765625 0.0390625 0.0390625
0 0.89453125 0.12109375 0.0390625 0.0390625
0 0.5078125 0.3046875 0.0390625 0.0390625
0 0.5078125 0.30859375 0.0390625 0.0390625
0 0.47265625 0.3125 0.0390625 0.0390625
0 0.47265625 0.31640625 0.0390625 0.0390625
0 0.40234375 0.3359375 0.0390625 0.0390625
0 0.3671875 0.3515625 0.0390625 0.0390625
0 0.7265625 0.359375 0.0390625 0.0390625
0 0.703125 0.36328125 0.0390625 0.0390625
0 0.2890625 0.3671875 0.0390625 0.0390625
0 0.44921875 0.3984375 0.0390625 0.0390625
0 0.44921875 0.40234375 0.0390625 0.0390625
0 0.6328125 0.40234375 0.0390625 0.0390625
0 0.63671875 0.40234375 0.0390625 0.0390625
0 0.2265625 0.51953125 0.0390625 0.0390625
0 0.93359375 0.66796875 0.0390625 0.0390625
0 0.9375 0.66796875 0.0390625 0.0390625
0 0.8359375 0.69921875 0.0390625 0.0390625
0 0.8984375 0.7109375 0.0390625 0.0390625
0 0.7265625 0.73046875 0.0390625 0.0390625
0 0.73046875 0.73046875 0.0390625 0.0390625
0 0.93359375 0.7421875 0.0390625 0.0390625
0 0.9375 0.7421875 0.0390625 0.0390625
0 0.6796875 0.74609375 0.0390625 0.0390625
0 0.68359375 0.74609375 0.0390625 0.0390625
0 0.6328125 0.76171875 0.0390625 0.0390625
0 0.734375 0.8046875 0.0390625 0.0390625
0 0.98046875 0.80859375 0.0390625 0.0390625
0 0.984375 0.80859375 0.0390625 0.0390625
0 0.98046875 0.8125 0.0390625 0.0390625
0 0.984375 0.8125 0.0390625 0.0390625
0 0.41015625 0.83203125 0.0390625 0.0390625
0 0.4140625 0.83203125 0.0390625 0.0390625
0 0.5625 0.85546875 0.0390625 0.0390625
0 0.5625 0.859375 0.0390625 0.0390625
0 0.2734375 0.87890625 0.0390625 0.0390625
0 0.2109375 0.89453125 0.0390625 0.0390625
0 0.75390625 0.89453125 0.0390625 0.0390625
0 0.16015625 0.90625 0.0390625 0.0390625
0 0.12109375 0.921875 0.0390625 0.0390625
0 0.12109375 0.92578125 0.0390625 0.0390625
0 0.73828125 0.93359375 0.0390625 0.0390625
0 0.7421875 0.93359375 0.0390625 0.0390625
0 0.73828125 0.9375 0.0390625 0.0390625
0 0.7421875 0.9375 0.0390625 0.0390625
0 0.765625 0.9375 0.0390625 0.0390625
0 0.0234375 0.953125 0.0390625 0.0390625
0 0.1484375 0.95703125 0.0390625 0.0390625
0 0.15234375 0.95703125 0.0390625 0.0390625
0 0.3359375 0.9609375 0.0390625 0.0390625
0 0.8671875 0.96484375 0.0390625 0.0390625
0 0.2890625 0.96875 0.0390625 0.0390625
0 0.29296875 0.96875 0.0390625 0.0390625
0 0.02734375 0.984375 0.0390625 0.0390625
0 0.02734375 0.98828125 0.0390625 0.0390625
0 0.2421875 0.98828125 0.0390625 0.0390625
