0 0.53125 0.0 0.0390625 0.0390625
0 0.53515625 0.0 0.0390625 0.0390625
0 0.2265625 0.01953125 0.0390625 0.0390625
0 0.23046875 0.01953125 0.0390625 0.0390625
0 0.91796875 0.05078125 0.0390625 0.0390625
0 0.921875 0.05078125 0.0390625 0.0390625
0 0.0 0.1328125 0.0390625 0.0390625
0 0.59375 0.203125 0.0390625 0.0390625
0 0.51171875 0.21875 0.0390625 0.0390625
0 0.26171875 0.33984375 0.0390625 0.0390625
0 0.5390625 0.33984375 0.0390625 0.0390625
0 0.26171875 0.34375 0.0390625 0.0390625
0 0.5390625 0.34375 0.0390625 0.0390625
0 0.9296875 0.35546875 0.0390625 0.0390625
0 0.8828125 0.3671875 0.0390625 0.0390625
0 0.92578125 0.390625 0.0390625 0.0390625
0 0.82421875 0.421875 0.0390625 0.0390625
0 0.73828125 0.44140625 0.0390625 0.0390625
0 0.73828125 0.4453125 0.0390625 0.0390625
0 0.96875 0.4453125 0.0390625 0.0390625
0 0.1796875 0.58984375 0.0390625 0.0390625
0 0.26953125 0.59375 0.0390625 0.0390625
0 0.26953125 0.59765625 0.0390625 0.0390625
0 0.3359375 0.61328125 0.0390625 0.0390625
0 0.6796875 0.61328125 0.0390625 0.0390625
0 0.36328125 0.6875 0.0390625 0.0390625
0 0.125 0.7265625 0.0390625 0.0390625
0 0.15234375 0.75390625 0.0390625 0.0390625
