0 0.390625 0.078125 0.0390625 0.0390625
0 0.39453125 0.078125 0.0390625 0.0390625
0 0.390625 0.08203125 0.0390625 0.0390625
0 0.39453125 0.08203125 0.0390625 0.0390625
0 0.12890625 0.12890625 0.0390625 0.0390625
0 0.34375 0.15625 0.0390625 0.0390625
0 0.34765625 0.15625 0.0390625 0.0390625
0 0.05078125 0.16015625 0.0390625 0.0390625
0 0.390625 0.29296875 0.0390625 0.0390625
0 0.41015625 0.34765625 0.0390625 0.0390625
0 0.046875 0.41796875 0.0390625 0.0390625
0 0.0703125 0.515625 0.0390625 0.0390625
0 0.0703125 0.51953125 0.0390625 0.0390625
0 0.46875 0.54296875 0.0390625 0.0390625
0 0.5390625 0.5546875 0.0390625 0.0390625
0 0.48828125 0.59375 0.0390625 0.0390625
0 0.55859375 0.59765625 0.0390625 0.0390625
0 0.5859375 0.67578125 0.0390625 0.0390625
0 0.5859375 0.6796875 0.0390625 0.0390625
0 0.59765625 0.72265625 0.0390625 0.0390625
0 0.6015625 0.72265625 0.0390625 0.0390625
0 0.53125 0.7421875 0.0390625 0.0390625
0 0.25390625 0.7578125 0.0390625 0.0390625
0 0.234375 0.76171875 0.0390625 0.0390625
0 0.609375 0.76171875 0.0390625 0.0390625
0 0.20703125 0.76953125 0.0390625 0.0390625
0 0.546875 0.77734375 0.0390625 0.0390625
0 0.62890625 0.8203125 0.0390625 0.0390625
0 0.57421875 0.8671875 0.0390625 0.0390625
0 0.578125 0.8671875 0.0390625 0.0390625
0 0.5859375 0.91015625 0.0390625 0.0390625
0 0.58984375 0.91015625 0.0390625 0.0390625
0 0.5859375 0.9140625 0.0390625 0.0390625
0 0.58984375 0.9140625 0.0390625 0.0390625
0 0.60546875 0.9609375 0.0390625 0.0390625
