0 0.8203125 0.06640625 0.0390625 0.0390625
0 0.0234375 0.0703125 0.0390625 0.0390625
0 0.02734375 0.0703125 0.0390625 0.0390625
0 0.71484375 0.1015625 0.0390625 0.0390625
0 0.6171875 0.13671875 0.0390625 0.0390625
0 0.953125 0.13671875 0.0390625 0.0390625
0 0.57421875 0.1484375 0.0390625 0.0390625
0 0.53125 0.16015625 0.0390625 0.0390625
0 0.48046875 0.17578125 0.0390625 0.0390625
0 0.484375 0.17578125 0.0390625 0.0390625
0 0.71484375 0.1875 0.0390625 0.0390625
0 0.71484375 0.19140625 0.0390625 0.0390625
0 0.6484375 0.2109375 0.0390625 0.0390625
0 0.6484375 0.21484375 0.0390625 0.0390625
0 0.15234375 0.234375 0.0390625 0.0390625
0 0.29296875 0.23828125 0.0390625 0.0390625
0 0.2421875 0.25390625 0.0390625 0.0390625
0 0.23046875 0.34765625 0.0390625 0.0390625
0 0.0625 0.40625 0.0390625 0.0390625
0 0.1484375 0.44921875 0.0390625 0.0390625
0 0.70703125 0.54296875 0.0390625 0.0390625
0 0.69140625 0.55859375 0.0390625 0.0390625
0 0.00390625 0.61328125 0.0390625 0.0390625
0 0.0078125 0.61328125 0.0390625 0.0390625
0 0.0078125 0.62890625 0.0390625 0.0390625
0 0.01953125 0.65234375 0.0390625 0.0390625
0 0.12109375 0.68359375 0.0390625 0.0390625
0 0.03125 0.69140625 0.0390625 0.0390625
0 0.046875 0.73046875 0.0390625 0.0390625
0 0.046875 0.75390625 0.0390625 0.0390625
0 0.05859375 0.7734375 0.0390625 0.0390625
0 0.15234375 0.78515625 0.0390625 0.0390625
0 0.15234375 0.7890625 0.0390625 0.0390625
0 0.06640625 0.79296875 0.0390625 0.0390625
0 0.0703125 0.81640625 0.0390625 0.0390625
0 0.0859375 0.83203125 0.0390625 0.0390625
0 0.0859375 0.8359375 0.0390625 0.0390625
0 0.0859375 0.8515625 0.0390625 0.0390625
0 0.08984375 0.87890625 0.0390625 0.0390625
0 0.08984375 0.90234375 0.0390625 0.0390625
0 0.08203125 0.92578125 0.0390625 0.0390625
0 0.08203125 0.9296875 0.0390625 0.0390625
0 0.07421875 0.94921875 0.0390625 0.0390625
0 0.078125 0.94921875 0.0390625 0.0390625
0 0.36328125 0.94921875 0.0390625 0.0390625
0 0.3671875 0.94921875 0.0390625 0.0390625
0 0.96875 0.96484375 0.0390625 0.0390625
0 0.0703125 0.97265625 0.0390625 0.0390625
0 0.07421875 0.97265625 0.0390625 0.0390625
0 0.91796875 0.98046875 0.0390625 0.0390625
0 0.91796875 0.984375 0.0390625 0.0390625
0 0.06640625 0.9921875 0.0390625 0.0390625
0 0.06640625 0.99609375 0.0390625 0.0390625
0 0.38671875 0.99609375 0.0390625 0.0390625
