0 0.859375 0.009900990099009901 0.0390625 0.04950495049504951
0 0.81640625 0.054455445544554455 0.0390625 0.04950495049504951
0 0.66796875 0.0891089108910891 0.0390625 0.04950495049504951
0 0.671875 0.0891089108910891 0.0390625 0.04950495049504951
0 0.7265625 0.13861386138613863 0.0390625 0.04950495049504951
0 0.828125 0.13861386138613863 0.0390625 0.04950495049504951
0 0.83203125 0.13861386138613863 0.0390625 0.04950495049504951
0 0.83984375 0.16831683168316833 0.0390625 0.04950495049504951
0 0.73828125 0.1782178217821782 0.0390625 0.04950495049504951
0 0.85546875 0.18811881188118812 0.0390625 0.04950495049504951
0 0.859375 0.18811881188118812 0.0390625 0.04950495049504951
0 0.6953125 0.22277227722772278 0.0390625 0.04950495049504951
0 0.8515625 0.24752475247524752 0.0390625 0.04950495049504951
0 0.8515625 0.2524752475247525 0.0390625 0.04950495049504951
0 0.88671875 0.3613861386138614 0.0390625 0.04950495049504951
0 0.7265625 0.36633663366336633 0.0390625 0.04950495049504951
0 0.73046875 0.36633663366336633 0.0390625 0.04950495049504951
0 0.7265625 0.3712871287128713 0.0390625 0.04950495049504951
0 0.73046875 0.3712871287128713 0.0390625 0.04950495049504951
0 0.8984375 0.39603960396039606 0.0390625 0.04950495049504951
0 0.640625 0.40594059405940597 0.0390625 0.04950495049504951
0 0.80859375 0.43564356435643564 0.0390625 0.04950495049504951
0 0.65625 0.45544554455445546 0.0390625 0.04950495049504951
0 0.91796875 0.46534653465346537 0.0390625 0.04950495049504951
0 0.7578125 0.47029702970297027 0.0390625 0.04950495049504951
0 0.76171875 0.47029702970297027 0.0390625 0.04950495049504951
0 0.91796875 0.47029702970297027 0.0390625 0.04950495049504951
0 0.9296875 0.49504950495049505 0.0390625 0.04950495049504951
0 0.765625 0.5 0.0390625 0.04950495049504951
0 0.671875 0.5247524752475248 0.0390625 0.04950495049504951
0 0.8359375 0.5247524752475248 0.0390625 0.04950495049504951
0 0.671875 0.5297029702970297 0.0390625 0.04950495049504951
0 0.8359375 0.5297029702970297 0.0390625 0.04950495049504951
0 0.68359375 0.5544554455445545 0.0390625 0.04950495049504951
0 0.78125 0.5544554455445545 0.0390625 0.04950495049504951
0 0.95703125 0.5841584158415841 0.0390625 0.04950495049504951
0 0.69921875 0.6138613861386139 0.0390625 0.04950495049504951
0 0.70703125 0.6386138613861386 0.0390625 0.04950495049504951
0 0.9765625 0.6881188118811881 0.0390625 0.04950495049504951
0 0.71875 0.7029702970297029 0.0390625 0.04950495049504951
0 0.875 0.7128712871287128 0.0390625 0.04950495049504951
0 0.73828125 0.7227722772277227 0.0390625 0.04950495049504951
0 0.73828125 0.7277227722772277 0.0390625 0.04950495049504951
0 0.98828125 0.7277227722772277 0.0390625 0.04950495049504951
