0 0.02734375 0.0049504950495049506 0.0390625 0.04950495049504951
0 0.02734375 0.009900990099009901 0.0390625 0.04950495049504951
0 0.03515625 0.034653465346534656 0.0390625 0.04950495049504951
0 0.03515625 0.039603960396039604 0.0390625 0.04950495049504951
0 0.625 0.07920792079207921 0.0390625 0.04950495049504951
0 0.62890625 0.07920792079207921 0.0390625 0.04950495049504951
0 0.046875 0.08415841584158416 0.0390625 0.04950495049504951
0 0.625 0.08415841584158416 0.0390625 0.04950495049504951
0 0.62890625 0.08415841584158416 0.0390625 0.04950495049504951
0 0.80859375 0.10891089108910891 0.0390625 0.04950495049504951
0 0.76171875 0.12376237623762376 0.0390625 0.04950495049504951
0 0.765625 0.12376237623762376 0.0390625 0.04950495049504951
0 0.76171875 0.12871287128712872 0.0390625 0.04950495049504951
0 0.765625 0.12871287128712872 0.0390625 0.04950495049504951
0 0.1875 0.18811881188118812 0.0390625 0.04950495049504951
0 0.32421875 0.25742574257425743 0.0390625 0.04950495049504951
0 0.32421875 0.2623762376237624 0.0390625 0.04950495049504951
0 0.29296875 0.2722772277227723 0.0390625 0.04950495049504951
0 0.29296875 0.27722772277227725 0.0390625 0.04950495049504951
0 0.02734375 0.32673267326732675 0.0390625 0.04950495049504951
0 0.09375 0.3564356435643564 0.0390625 0.04950495049504951
0 0.515625 0.40594059405940597 0.0390625 0.04950495049504951
0 0.51953125 0.40594059405940597 0.0390625 0.04950495049504951
0 0.80859375 0.46534653465346537 0.0390625 0.04950495049504951
0 0.8125 0.46534653465346537 0.0390625 0.04950495049504951
0 0.54296875 0.48514851485148514 0.0390625 0.04950495049504951
0 0.984375 0.8861386138613861 0.0390625 0.04950495049504951
0 0.984375 0.900990099009901 0.0390625 0.04950495049504951
0 0.984375 0.905940594059406 0.0390625 0.04950495049504951
0 0.98828125 0.9257425742574258 0.0390625 0.04950495049504951
0 0.9921875 0.9257425742574258 0.0390625 0.04950495049504951
0 0.99609375 0.9504950495049505 0.0390625 0.04950495049504951
0 0.73046875 0.9801980198019802 0.0390625 0.04950495049504951
0 0.734375 0.9801980198019802 0.0390625 0.04950495049504951
