0 0.39453125 0.37623762376237624 0.0390625 0.04950495049504951
0 0.1484375 0.504950495049505 0.0390625 0.04950495049504951
0 0.34375 0.5148514851485149 0.0390625 0.04950495049504951
0 0.34765625 0.5148514851485149 0.0390625 0.04950495049504951
0 0.078125 0.5247524752475248 0.0390625 0.04950495049504951
0 0.08203125 0.5247524752475248 0.0390625 0.04950495049504951
0 0.671875 0.6188118811881188 0.0390625 0.04950495049504951
0 0.671875 0.6237623762376238 0.0390625 0.04950495049504951
0 0.41796875 0.693069306930693 0.0390625 0.04950495049504951
0 0.1328125 0.7079207920792079 0.0390625 0.04950495049504951
0 0.1328125 0.7128712871287128 0.0390625 0.04950495049504951
0 0.36328125 0.7178217821782178 0.0390625 0.04950495049504951
0 0.3125 0.7376237623762376 0.0390625 0.04950495049504951
0 0.31640625 0.7376237623762376 0.0390625 0.04950495049504951
0 0.265625 0.7574257425742574 0.0390625 0.04950495049504951
0 0.26953125 0.7574257425742574 0.0390625 0.04950495049504951
0 0.22265625 0.7772277227722773 0.0390625 0.04950495049504951
0 0.17578125 0.7970297029702971 0.0390625 0.04950495049504951
0 0.125 0.8118811881188119 0.0390625 0.04950495049504951
0 0.12890625 0.8118811881188119 0.0390625 0.04950495049504951
0 0.015625 0.8168316831683168 0.0390625 0.04950495049504951
0 0.125 0.8168316831683168 0.0390625 0.04950495049504951
0 0.12890625 0.8168316831683168 0.0390625 0.04950495049504951
0 0.80859375 0.8168316831683168 0.0390625 0.04950495049504951
