0 0.69140625 0.0 0.0390625 0.04950495049504951
0 0.33984375 0.009900990099009901 0.0390625 0.04950495049504951
0 0.5859375 0.19801980198019803 0.0390625 0.04950495049504951
0 0.5546875 0.20297029702970298 0.0390625 0.04950495049504951
0 0.5859375 0.20297029702970298 0.0390625 0.04950495049504951
0 0.37109375 0.24257425742574257 0.0390625 0.04950495049504951
0 0.375 0.24257425742574257 0.0390625 0.04950495049504951
0 0.44140625 0.24752475247524752 0.0390625 0.04950495049504951
0 0.54296875 0.28217821782178215 0.0390625 0.04950495049504951
0 0.390625 0.3118811881188119 0.0390625 0.04950495049504951
0 0.41796875 0.31683168316831684 0.0390625 0.04950495049504951
0 0.421875 0.31683168316831684 0.0390625 0.04950495049504951
0 0.51171875 0.400990099009901 0.0390625 0.04950495049504951
0 0.5234375 0.4603960396039604 0.0390625 0.04950495049504951
0 0.44140625 0.5099009900990099 0.0390625 0.04950495049504951
0 0.5390625 0.5148514851485149 0.0390625 0.04950495049504951
0 0.5390625 0.5198019801980198 0.0390625 0.04950495049504951
0 0.48046875 0.5247524752475248 0.0390625 0.04950495049504951
0 0.45703125 0.5693069306930693 0.0390625 0.04950495049504951
0 0.45703125 0.5742574257425742 0.0390625 0.04950495049504951
0 0.4921875 0.6089108910891089 0.0390625 0.04950495049504951
0 0.484375 0.6831683168316832 0.0390625 0.04950495049504951
0 0.9375 0.7524752475247525 0.0390625 0.04950495049504951
0 0.9375 0.7574257425742574 0.0390625 0.04950495049504951
0 0.91796875 0.7722772277227723 0.0390625 0.04950495049504951
0 0.921875 0.7722772277227723 0.0390625 0.04950495049504951
0 0.76171875 0.9504950495049505 0.0390625 0.04950495049504951
