0 0.97265625 0.0 0.0390625 0.04950495049504951
0 0.27734375 0.06435643564356436 0.0390625 0.04950495049504951
0 0.1875 0.07920792079207921 0.0390625 0.04950495049504951
0 0.19140625 0.07920792079207921 0.0390625 0.04950495049504951
0 0.56640625 0.1188118811881188 0.0390625 0.04950495049504951
0 0.2109375 0.1485148514851485 0.0390625 0.04950495049504951
0 0.59375 0.30198019801980197 0.0390625 0.04950495049504951
0 0.44921875 0.31683168316831684 0.0390625 0.04950495049504951
0 0.44921875 0.3217821782178218 0.0390625 0.04950495049504951
0 0.43359375 0.5247524752475248 0.0390625 0.04950495049504951
0 0.4921875 0.693069306930693 0.0390625 0.04950495049504951
0 0.4921875 0.698019801980198 0.0390625 0.04950495049504951
0 0.44921875 0.7475247524752475 0.0390625 0.04950495049504951
0 0.25390625 0.8316831683168316 0.0390625 0.04950495049504951
0 0.234375 0.8366336633663366 0.0390625 0.04950495049504951
0 0.234375 0.8415841584158416 0.0390625 0.04950495049504951
0 0.2109375 0.8465346534653465 0.0390625 0.04950495049504951
0 0.21484375 0.8465346534653465 0.0390625 0.04950495049504951
0 0.16796875 0.8613861386138614 0.0390625 0.04950495049504951
0 0.5390625 0.8613861386138614 0.0390625 0.04950495049504951
0 0.9609375 0.8811881188118812 0.0390625 0.04950495049504951
0 0.71875 0.9851485148514851 0.0390625 0.04950495049504951
