0 0.390625 0.10891089108910891 0.0390625 0.04950495049504951
0 0.39453125 0.10891089108910891 0.0390625 0.04950495049504951
0 0.390625 0.11386138613861387 0.0390625 0.04950495049504951
0 0.39453125 0.11386138613861387 0.0390625 0.04950495049504951
0 0.6484375 0.12871287128712872 0.0390625 0.04950495049504951
0 0.31640625 0.13861386138613863 0.0390625 0.04950495049504951
0 0.6015625 0.13861386138613863 0.0390625 0.04950495049504951
0 0.625 0.13861386138613863 0.0390625 0.04950495049504951
0 0.31640625 0.14356435643564355 0.0390625 0.04950495049504951
0 0.625 0.14356435643564355 0.0390625 0.04950495049504951
0 0.578125 0.1485148514851485 0.0390625 0.04950495049504951
0 0.58203125 0.1485148514851485 0.0390625 0.04950495049504951
0 0.56640625 0.16336633663366337 0.0390625 0.04950495049504951
0 0.2421875 0.16831683168316833 0.0390625 0.04950495049504951
0 0.2421875 0.17326732673267325 0.0390625 0.04950495049504951
0 0.66796875 0.18811881188118812 0.0390625 0.04950495049504951
0 0.64453125 0.19306930693069307 0.0390625 0.04950495049504951
0 0.59765625 0.19801980198019803 0.0390625 0.04950495049504951
0 0.6171875 0.19801980198019803 0.0390625 0.04950495049504951
0 0.578125 0.21782178217821782 0.0390625 0.04950495049504951
0 0.5546875 0.22772277227722773 0.0390625 0.04950495049504951
0 0.55859375 0.22772277227722773 0.0390625 0.04950495049504951
0 0.9296875 0.4306930693069307 0.0390625 0.04950495049504951
0 0.84765625 0.7029702970297029 0.0390625 0.04950495049504951
0 0.734375 0.7475247524752475 0.0390625 0.04950495049504951
0 0.73828125 0.7475247524752475 0.0390625 0.04950495049504951
0 0.66796875 0.7772277227722773 0.0390625 0.04950495049504951
0 0.59765625 0.801980198019802 0.0390625 0.04950495049504951
0 0.5546875 0.8118811881188119 0.0390625 0.04950495049504951
0 0.953125 0.8267326732673267 0.0390625 0.04950495049504951
0 0.484375 0.8514851485148515 0.0390625 0.04950495049504951
0 0.96875 0.8762376237623762 0.0390625 0.04950495049504951
0 0.2890625 0.9257425742574258 0.0390625 0.04950495049504951
0 0.29296875 0.9257425742574258 0.0390625 0.04950495049504951
0 0.24609375 0.9405940594059405 0.0390625 0.04950495049504951
