0 0.38671875 0.0 0.0390625 0.04950495049504951
0 0.046875 0.019801980198019802 0.0390625 0.04950495049504951
0 0.8125 0.019801980198019802 0.0390625 0.04950495049504951
0 0.81640625 0.019801980198019802 0.0390625 0.04950495049504951
0 0.76953125 0.034653465346534656 0.0390625 0.04950495049504951
0 0.0390625 0.039603960396039604 0.0390625 0.04950495049504951
0 0.76953125 0.039603960396039604 0.0390625 0.04950495049504951
0 0.01953125 0.06435643564356436 0.0390625 0.04950495049504951
0 0.40234375 0.06435643564356436 0.0390625 0.04950495049504951
0 0.40625 0.06435643564356436 0.0390625 0.04950495049504951
0 0.6796875 0.07425742574257425 0.0390625 0.04950495049504951
0 0.68359375 0.07425742574257425 0.0390625 0.04950495049504951
0 0.0 0.08415841584158416 0.0390625 0.04950495049504951
0 0.93359375 0.10891089108910891 0.0390625 0.04950495049504951
0 0.8828125 0.12376237623762376 0.0390625 0.04950495049504951
0 0.88671875 0.12376237623762376 0.0390625 0.04950495049504951
0 0.8828125 0.12871287128712872 0.0390625 0.04950495049504951
0 0.88671875 0.12871287128712872 0.0390625 0.04950495049504951
0 0.83203125 0.1485148514851485 0.0390625 0.04950495049504951
0 0.77734375 0.16831683168316833 0.0390625 0.04950495049504951
0 0.78125 0.16831683168316833 0.0390625 0.04950495049504951
0 0.7265625 0.18811881188118812 0.0390625 0.04950495049504951
0 0.25390625 0.28217821782178215 0.0390625 0.04950495049504951
0 0.58203125 0.3118811881188119 0.0390625 0.04950495049504951
0 0.15234375 0.3217821782178218 0.0390625 0.04950495049504951
0 0.15234375 0.32673267326732675 0.0390625 0.04950495049504951
0 0.0703125 0.3564356435643564 0.0390625 0.04950495049504951
0 0.58203125 0.3564356435643564 0.0390625 0.04950495049504951
0 0.37890625 0.4158415841584158 0.0390625 0.04950495049504951
0 0.3828125 0.4158415841584158 0.0390625 0.04950495049504951
0 0.41015625 0.4207920792079208 0.0390625 0.04950495049504951
0 0.609375 0.43564356435643564 0.0390625 0.04950495049504951
0 0.4296875 0.4900990099009901 0.0390625 0.04950495049504951
0 0.55078125 0.6039603960396039 0.0390625 0.04950495049504951
0 0.3203125 0.6584158415841584 0.0390625 0.04950495049504951
0 0.6640625 0.6584158415841584 0.0390625 0.04950495049504951
0 0.3203125 0.6633663366336634 0.0390625 0.04950495049504951
0 0.6640625 0.6633663366336634 0.0390625 0.04950495049504951
0 0.67578125 0.7029702970297029 0.0390625 0.04950495049504951
0 0.2578125 0.7277227722772277 0.0390625 0.04950495049504951
0 0.234375 0.7326732673267327 0.0390625 0.04950495049504951
0 0.23828125 0.7326732673267327 0.0390625 0.04950495049504951
0 0.21484375 0.7376237623762376 0.0390625 0.04950495049504951
0 0.21875 0.7376237623762376 0.0390625 0.04950495049504951
0 0.234375 0.7376237623762376 0.0390625 0.04950495049504951
0 0.23828125 0.7376237623762376 0.0390625 0.04950495049504951
0 0.1953125 0.7524752475247525 0.0390625 0.04950495049504951
0 0.1953125 0.7574257425742574 0.0390625 0.04950495049504951
0 0.52734375 0.7623762376237624 0.0390625 0.04950495049504951
0 0.52734375 0.7673267326732673 0.0390625 0.04950495049504951
0 0.59765625 0.7871287128712872 0.0390625 0.04950495049504951
0 0.4375 0.8217821782178217 0.0390625 0.04950495049504951
0 0.44140625 0.8217821782178217 0.0390625 0.04950495049504951
0 0.25 0.8415841584158416 0.0390625 0.04950495049504951
0 0.2265625 0.8514851485148515 0.0390625 0.04950495049504951
0 0.13671875 0.8861386138613861 0.0390625 0.04950495049504951
0 0.1171875 0.8960396039603961 0.0390625 0.04950495049504951
0 0.07421875 0.9356435643564357 0.0390625 0.04950495049504951
0 0.078125 0.9356435643564357 0.0390625 0.04950495049504951
0 0.046875 0.9455445544554455 0.0390625 0.04950495049504951
0 0.046875 0.9504950495049505 0.0390625 0.04950495049504951
