0 0.1875 0.0 0.0390625 0.04950495049504951
0 0.19140625 0.0 0.0390625 0.04950495049504951
0 0.09765625 0.039603960396039604 0.0390625 0.04950495049504951
0 0.046875 0.06435643564356436 0.0390625 0.04950495049504951
0 0.5859375 0.09900990099009901 0.0390625 0.04950495049504951
0 0.5859375 0.10396039603960396 0.0390625 0.04950495049504951
0 0.60546875 0.18811881188118812 0.0390625 0.04950495049504951
0 0.609375 0.18811881188118812 0.0390625 0.04950495049504951
0 0.60546875 0.19306930693069307 0.0390625 0.04950495049504951
0 0.609375 0.19306930693069307 0.0390625 0.04950495049504951
0 0.62109375 0.24257425742574257 0.0390625 0.04950495049504951
0 0.625 0.24257425742574257 0.0390625 0.04950495049504951
0 0.62109375 0.24752475247524752 0.0390625 0.04950495049504951
0 0.625 0.24752475247524752 0.0390625 0.04950495049504951
0 0.63671875 0.30198019801980197 0.0390625 0.04950495049504951
