0 0.1557377049180328 0.034653465346534656 0.08196721311475409 0.04950495049504951
0 0.1557377049180328 0.039603960396039604 0.08196721311475409 0.04950495049504951
0 0.7704918032786885 0.27722772277227725 0.08196721311475409 0.04950495049504951
0 0.14754098360655737 0.29207920792079206 0.08196721311475409 0.04950495049504951
0 0.14754098360655737 0.297029702970297 0.08196721311475409 0.04950495049504951
0 0.639344262295082 0.30198019801980197 0.08196721311475409 0.04950495049504951
0 0.639344262295082 0.3069306930693069 0.08196721311475409 0.04950495049504951
0 0.5163934426229508 0.32673267326732675 0.08196721311475409 0.04950495049504951
0 0.4098360655737705 0.3415841584158416 0.08196721311475409 0.04950495049504951
0 0.32786885245901637 0.3613861386138614 0.08196721311475409 0.04950495049504951
0 0.4918032786885246 0.3712871287128713 0.08196721311475409 0.04950495049504951
0 0.10655737704918032 0.400990099009901 0.08196721311475409 0.04950495049504951
0 0.8278688524590164 0.40594059405940597 0.08196721311475409 0.04950495049504951
0 0.6475409836065574 0.4207920792079208 0.08196721311475409 0.04950495049504951
0 0.6475409836065574 0.42574257425742573 0.08196721311475409 0.04950495049504951
0 0.639344262295082 0.7821782178217822 0.08196721311475409 0.04950495049504951
0 0.639344262295082 0.7871287128712872 0.08196721311475409 0.04950495049504951
0 0.47540983606557374 0.801980198019802 0.08196721311475409 0.04950495049504951
0 0.09016393442622951 0.8861386138613861 0.08196721311475409 0.04950495049504951
