0 0.703125 0.054455445544554455 0.0390625 0.04950495049504951
0 0.70703125 0.054455445544554455 0.0390625 0.04950495049504951
0 0.71484375 0.1188118811881188 0.0390625 0.04950495049504951
0 0.71875 0.1188118811881188 0.0390625 0.04950495049504951
0 0.765625 0.2871287128712871 0.0390625 0.04950495049504951
0 0.35546875 0.37623762376237624 0.0390625 0.04950495049504951
0 0.359375 0.37623762376237624 0.0390625 0.04950495049504951
0 0.35546875 0.3811881188118812 0.0390625 0.04950495049504951
0 0.359375 0.3811881188118812 0.0390625 0.04950495049504951
0 0.95703125 0.4405940594059406 0.0390625 0.04950495049504951
0 0.02734375 0.45544554455445546 0.0390625 0.04950495049504951
0 0.03125 0.45544554455445546 0.0390625 0.04950495049504951
0 0.02734375 0.4603960396039604 0.0390625 0.04950495049504951
0 0.03125 0.4603960396039604 0.0390625 0.04950495049504951
0 0.90234375 0.4603960396039604 0.0390625 0.04950495049504951
0 0.90625 0.4603960396039604 0.0390625 0.04950495049504951
0 0.65625 0.5544554455445545 0.0390625 0.04950495049504951
0 0.65625 0.5594059405940595 0.0390625 0.04950495049504951
0 0.59765625 0.5841584158415841 0.0390625 0.04950495049504951
0 0.55078125 0.599009900990099 0.0390625 0.04950495049504951
0 0.4609375 0.6287128712871287 0.0390625 0.04950495049504951
0 0.4140625 0.6435643564356436 0.0390625 0.04950495049504951
0 0.41796875 0.6435643564356436 0.0390625 0.04950495049504951
0 0.31640625 0.6831683168316832 0.0390625 0.04950495049504951
0 0.84375 0.698019801980198 0.0390625 0.04950495049504951
0 0.55078125 0.7079207920792079 0.0390625 0.04950495049504951
0 0.5546875 0.7079207920792079 0.0390625 0.04950495049504951
0 0.55078125 0.7128712871287128 0.0390625 0.04950495049504951
0 0.5546875 0.7128712871287128 0.0390625 0.04950495049504951
0 0.578125 0.7178217821782178 0.0390625 0.04950495049504951
0 0.2109375 0.7277227722772277 0.0390625 0.04950495049504951
0 0.21484375 0.7277227722772277 0.0390625 0.04950495049504951
0 0.16015625 0.7475247524752475 0.0390625 0.04950495049504951
0 0.47265625 0.7475247524752475 0.0390625 0.04950495049504951
0 0.85546875 0.7475247524752475 0.0390625 0.04950495049504951
0 0.09765625 0.7722772277227723 0.0390625 0.04950495049504951
0 0.3828125 0.7871287128712872 0.0390625 0.04950495049504951
0 0.015625 0.801980198019802 0.0390625 0.04950495049504951
0 0.28125 0.8217821782178217 0.0390625 0.04950495049504951
0 0.28515625 0.8217821782178217 0.0390625 0.04950495049504951
0 0.28125 0.8267326732673267 0.0390625 0.04950495049504951
0 0.28515625 0.8267326732673267 0.0390625 0.04950495049504951
0 0.87890625 0.8465346534653465 0.0390625 0.04950495049504951
0 0.9921875 0.9257425742574258 0.0390625 0.04950495049504951
