0 0.2077922077922078 0.29296875 0.06493506493506493 0.0390625
0 0.21428571428571427 0.29296875 0.06493506493506493 0.0390625
0 0.2077922077922078 0.296875 0.06493506493506493 0.0390625
0 0.21428571428571427 0.296875 0.06493506493506493 0.0390625
0 0.17532467532467533 0.50390625 0.06493506493506493 0.0390625
0 0.2077922077922078 0.50390625 0.06493506493506493 0.0390625
0 0.44155844155844154 0.55078125 0.06493506493506493 0.0390625
0 0.15584415584415584 0.58984375 0.06493506493506493 0.0390625
0 0.22727272727272727 0.6015625 0.06493506493506493 0.0390625
0 0.23376623376623376 0.6015625 0.06493506493506493 0.0390625
0 0.3246753246753247 0.625 0.06493506493506493 0.0390625
0 0.33116883116883117 0.625 0.06493506493506493 0.0390625
0 0.35714285714285715 0.6328125 0.06493506493506493 0.0390625
0 0.36363636363636365 0.6328125 0.06493506493506493 0.0390625
0 0.4025974025974026 0.6328125 0.06493506493506493 0.0390625
0 0.4025974025974026 0.63671875 0.06493506493506493 0.0390625
0 0.6558441558441559 0.9453125 0.06493506493506493 0.0390625
0 0.6623376623376623 0.9453125 0.06493506493506493 0.0390625
0 0.6558441558441559 0.94921875 0.06493506493506493 0.0390625
0 0.6623376623376623 0.94921875 0.06493506493506493 0.0390625
0 0.6168831168831169 0.9921875 0.06493506493506493 0.0390625
