0 0.07421875 0.28515625 0.0390625 0.0390625
0 0.07421875 0.2890625 0.0390625 0.0390625
0 0.0390625 0.37109375 0.0390625 0.0390625
0 0.0703125 0.4765625 0.0390625 0.0390625
0 0.0859375 0.52734375 0.0390625 0.0390625
0 0.9296875 0.5625 0.0390625 0.0390625
0 0.43359375 0.7578125 0.0390625 0.0390625
0 0.3515625 0.8203125 0.0390625 0.0390625
0 0.4296875 0.8203125 0.0390625 0.0390625
0 0.43359375 0.8203125 0.0390625 0.0390625
0 0.16015625 0.859375 0.0390625 0.0390625
0 0.1640625 0.859375 0.0390625 0.0390625
0 0.16015625 0.86328125 0.0390625 0.0390625
0 0.1640625 0.86328125 0.0390625 0.0390625
0 0.05078125 0.9140625 0.0390625 0.0390625
0 0.61328125 0.94921875 0.0390625 0.0390625
0 0.44921875 0.97265625 0.0390625 0.0390625
