0 0.87109375 0.01953125 0.0390625 0.0390625
0 0.84765625 0.02734375 0.0390625 0.0390625
0 0.8515625 0.02734375 0.0390625 0.0390625
0 0.84765625 0.03125 0.0390625 0.0390625
0 0.8515625 0.03125 0.0390625 0.0390625
0 0.828125 0.04296875 0.0390625 0.0390625
0 0.83203125 0.04296875 0.0390625 0.0390625
0 0.80859375 0.046875 0.0390625 0.0390625
0 0.80859375 0.05078125 0.0390625 0.0390625
0 0.90625 0.05859375 0.0390625 0.0390625
0 0.8828125 0.0625 0.0390625 0.0390625
0 0.90625 0.0625 0.0390625 0.0390625
0 0.8828125 0.06640625 0.0390625 0.0390625
0 0.73046875 0.08203125 0.0390625 0.0390625
0 0.8671875 0.171875 0.0390625 0.0390625
0 0.8515625 0.18359375 0.0390625 0.0390625
0 0.85546875 0.18359375 0.0390625 0.0390625
0 0.046875 0.1875 0.0390625 0.0390625
0 0.9453125 0.1953125 0.0390625 0.0390625
0 0.76953125 0.20703125 0.0390625 0.0390625
0 0.82421875 0.31640625 0.0390625 0.0390625
0 0.82421875 0.3203125 0.0390625 0.0390625
0 0.78125 0.32421875 0.0390625 0.0390625
0 0.7421875 0.33984375 0.0390625 0.0390625
0 0.7421875 0.34375 0.0390625 0.0390625
0 0.69921875 0.35546875 0.0390625 0.0390625
0 0.69921875 0.359375 0.0390625 0.0390625
0 0.65234375 0.37109375 0.0390625 0.0390625
0 0.65625 0.37109375 0.0390625 0.0390625
0 0.89453125 0.375 0.0390625 0.0390625
0 0.8984375 0.375 0.0390625 0.0390625
0 0.98046875 0.4296875 0.0390625 0.0390625
0 0.984375 0.4296875 0.0390625 0.0390625
0 0.21484375 0.51171875 0.0390625 0.0390625
0 0.90625 0.56640625 0.0390625 0.0390625
0 0.203125 0.69140625 0.0390625 0.0390625
0 0.91796875 0.9453125 0.0390625 0.0390625
0 0.64453125 0.953125 0.0390625 0.0390625
0 0.4140625 0.96484375 0.0390625 0.0390625
0 0.359375 0.96875 0.0390625 0.0390625
0 0.4140625 0.96875 0.0390625 0.0390625
0 0.92578125 0.96875 0.0390625 0.0390625
0 0.73828125 0.97265625 0.0390625 0.0390625
