0 0.7890625 0.00390625 0.0390625 0.0390625
0 0.15234375 0.0078125 0.0390625 0.0390625
0 0.7890625 0.0078125 0.0390625 0.0390625
0 0.1328125 0.015625 0.0390625 0.0390625
0 0.1328125 0.01953125 0.0390625 0.0390625
0 0.06640625 0.03515625 0.0390625 0.0390625
0 0.5625 0.04296875 0.0390625 0.0390625
0 0.56640625 0.04296875 0.0390625 0.0390625
0 0.48046875 0.0625 0.0390625 0.0390625
0 0.48046875 0.06640625 0.0390625 0.0390625
0 0.12890625 0.07421875 0.0390625 0.0390625
0 0.1328125 0.07421875 0.0390625 0.0390625
0 0.10546875 0.08203125 0.0390625 0.0390625
0 0.10546875 0.0859375 0.0390625 0.0390625
0 0.3984375 0.08984375 0.0390625 0.0390625
0 0.55859375 0.09765625 0.0390625 0.0390625
0 0.58203125 0.09765625 0.0390625 0.0390625
0 0.703125 0.09765625 0.0390625 0.0390625
0 0.5390625 0.1015625 0.0390625 0.0390625
0 0.55859375 0.1015625 0.0390625 0.0390625
0 0.58203125 0.1015625 0.0390625 0.0390625
0 0.828125 0.12890625 0.0390625 0.0390625
0 0.7109375 0.13671875 0.0390625 0.0390625
0 0.76953125 0.15234375 0.0390625 0.0390625
0 0.65234375 0.15625 0.0390625 0.0390625
0 0.65625 0.15625 0.0390625 0.0390625
0 0.203125 0.1640625 0.0390625 0.0390625
0 0.09375 0.19921875 0.0390625 0.0390625
0 0.09765625 0.19921875 0.0390625 0.0390625
0 0.80859375 0.19921875 0.0390625 0.0390625
0 0.06640625 0.25390625 0.0390625 0.0390625
0 0.0703125 0.25390625 0.0390625 0.0390625
0 0.61328125 0.265625 0.0390625 0.0390625
0 0.53515625 0.28515625 0.0390625 0.0390625
0 0.4921875 0.296875 0.0390625 0.0390625
0 0.96484375 0.91796875 0.0390625 0.0390625
0 0.81640625 0.96484375 0.0390625 0.0390625
0 0.81640625 0.96875 0.0390625 0.0390625
