0 0.05078125 0.20703125 0.0390625 0.0390625
0 0.71875 0.2421875 0.0390625 0.0390625
0 0.0703125 0.265625 0.0390625 0.0390625
0 0.6328125 0.28125 0.0390625 0.0390625
0 0.73046875 0.28125 0.0390625 0.0390625
0 0.08203125 0.30078125 0.0390625 0.0390625
0 0.64453125 0.32421875 0.0390625 0.0390625
0 0.6484375 0.32421875 0.0390625 0.0390625
0 0.7421875 0.328125 0.0390625 0.0390625
0 0.65234375 0.3359375 0.0390625 0.0390625
0 0.6640625 0.37109375 0.0390625 0.0390625
0 0.7578125 0.38671875 0.0390625 0.0390625
0 0.76171875 0.38671875 0.0390625 0.0390625
0 0.67578125 0.421875 0.0390625 0.0390625
0 0.76953125 0.42578125 0.0390625 0.0390625
0 0.7734375 0.42578125 0.0390625 0.0390625
0 0.76953125 0.4296875 0.0390625 0.0390625
0 0.7734375 0.4296875 0.0390625 0.0390625
0 0.71875 0.4609375 0.0390625 0.0390625
0 0.13671875 0.47265625 0.0390625 0.0390625
0 0.78515625 0.47265625 0.0390625 0.0390625
0 0.13671875 0.4765625 0.0390625 0.0390625
0 0.78515625 0.4765625 0.0390625 0.0390625
0 0.6953125 0.484375 0.0390625 0.0390625
0 0.7109375 0.52734375 0.0390625 0.0390625
0 0.80078125 0.52734375 0.0390625 0.0390625
0 0.15234375 0.53515625 0.0390625 0.0390625
0 0.72265625 0.57421875 0.0390625 0.0390625
0 0.2734375 0.609375 0.0390625 0.0390625
0 0.078125 0.61328125 0.0390625 0.0390625
0 0.08203125 0.61328125 0.0390625 0.0390625
0 0.2734375 0.61328125 0.0390625 0.0390625
0 0.078125 0.6171875 0.0390625 0.0390625
0 0.08203125 0.6171875 0.0390625 0.0390625
0 0.23046875 0.6171875 0.0390625 0.0390625
0 0.03515625 0.62109375 0.0390625 0.0390625
0 0.0390625 0.62109375 0.0390625 0.0390625
0 0.8046875 0.62890625 0.0390625 0.0390625
0 0.0859375 0.6328125 0.0390625 0.0390625
0 0.6171875 0.6328125 0.0390625 0.0390625
0 0.8359375 0.6328125 0.0390625 0.0390625
0 0.5703125 0.64453125 0.0390625 0.0390625
0 0.57421875 0.64453125 0.0390625 0.0390625
0 0.5703125 0.6484375 0.0390625 0.0390625
0 0.57421875 0.6484375 0.0390625 0.0390625
0 0.28515625 0.66015625 0.0390625 0.0390625
0 0.5078125 0.66015625 0.0390625 0.0390625
0 0.84765625 0.671875 0.0390625 0.0390625
0 0.859375 0.71484375 0.0390625 0.0390625
0 0.61328125 0.734375 0.0390625 0.0390625
0 0.57421875 0.7421875 0.0390625 0.0390625
0 0.57421875 0.74609375 0.0390625 0.0390625
0 0.80859375 0.74609375 0.0390625 0.0390625
0 0.8125 0.74609375 0.0390625 0.0390625
0 0.875 0.76171875 0.0390625 0.0390625
0 0.03515625 0.78515625 0.0390625 0.0390625
0 0.88671875 0.78515625 0.0390625 0.0390625
0 0.90625 0.8671875 0.0390625 0.0390625
0 0.92578125 0.9140625 0.0390625 0.0390625
0 0.1484375 0.92578125 0.0390625 0.0390625
0 0.13671875 0.9375 0.0390625 0.0390625
0 0.10546875 0.94140625 0.0390625 0.0390625
0 0.109375 0.94140625 0.0390625 0.0390625
0 0.13671875 0.94140625 0.0390625 0.0390625
0 0.10546875 0.9453125 0.0390625 0.0390625
0 0.109375 0.9453125 0.0390625 0.0390625
0 0.8984375 0.94921875 0.0390625 0.0390625
0 0.0859375 0.953125 0.0390625 0.0390625
0 0.0625 0.95703125 0.0390625 0.0390625
0 0.94140625 0.97265625 0.0390625 0.0390625
