0 0.265625 0.0234375 0.0390625 0.0390625
0 0.26953125 0.0234375 0.0390625 0.0390625
0 0.265625 0.02734375 0.0390625 0.0390625
0 0.26953125 0.02734375 0.0390625 0.0390625
0 0.96875 0.15234375 0.0390625 0.0390625
0 0.97265625 0.15234375 0.0390625 0.0390625
0 0.90234375 0.171875 0.0390625 0.0390625
0 0.9609375 0.21875 0.0390625 0.0390625
0 0.96484375 0.21875 0.0390625 0.0390625
0 0.06640625 0.23828125 0.0390625 0.0390625
0 0.06640625 0.2421875 0.0390625 0.0390625
0 0.33984375 0.36328125 0.0390625 0.0390625
0 0.23828125 0.39453125 0.0390625 0.0390625
0 0.29296875 0.4140625 0.0390625 0.0390625
0 0.296875 0.4140625 0.0390625 0.0390625
0 0.171875 0.41796875 0.0390625 0.0390625
0 0.08984375 0.44140625 0.0390625 0.0390625
0 0.27734375 0.4453125 0.0390625 0.0390625
0 0.28125 0.4453125 0.0390625 0.0390625
0 0.33984375 0.45703125 0.0390625 0.0390625
0 0.33984375 0.4609375 0.0390625 0.0390625
0 0.0 0.57421875 0.0390625 0.0390625
0 0.4921875 0.73828125 0.0390625 0.0390625
0 0.49609375 0.73828125 0.0390625 0.0390625
0 0.4921875 0.7421875 0.0390625 0.0390625
0 0.49609375 0.7421875 0.0390625 0.0390625
0 0.828125 0.78515625 0.0390625 0.0390625
0 0.83203125 0.78515625 0.0390625 0.0390625
0 0.78515625 0.80078125 0.0390625 0.0390625
0 0.75390625 0.8125 0.0390625 0.0390625
0 0.52734375 0.83984375 0.0390625 0.0390625
0 0.53125 0.83984375 0.0390625 0.0390625
0 0.8359375 0.9609375 0.0390625 0.0390625
0 0.85546875 0.9609375 0.0390625 0.0390625
0 0.56640625 0.96484375 0.0390625 0.0390625
0 0.8359375 0.96484375 0.0390625 0.0390625
0 0.85546875 0.96484375 0.0390625 0.0390625
0 0.81640625 0.9765625 0.0390625 0.0390625
0 0.8203125 0.9765625 0.0390625 0.0390625
0 0.81640625 0.98046875 0.0390625 0.0390625
0 0.8203125 0.98046875 0.0390625 0.0390625
0 0.77734375 0.984375 0.0390625 0.0390625
0 0.796875 0.984375 0.0390625 0.0390625
0 0.77734375 0.98828125 0.0390625 0.0390625
0 0.75390625 0.9921875 0.0390625 0.0390625
