0 0.78125 0.28125 0.0390625 0.0390625
0 0.78125 0.28515625 0.0390625 0.0390625
0 0.6484375 0.328125 0.0390625 0.0390625
0 0.59765625 0.33984375 0.0390625 0.0390625
0 0.59765625 0.34375 0.0390625 0.0390625
0 0.46875 0.38671875 0.0390625 0.0390625
0 0.30078125 0.44140625 0.0390625 0.0390625
0 0.375 0.4609375 0.0390625 0.0390625
0 0.47265625 0.48046875 0.0390625 0.0390625
0 0.99609375 0.57421875 0.0390625 0.0390625
0 0.90234375 0.60546875 0.0390625 0.0390625
0 0.86328125 0.61328125 0.0390625 0.0390625
0 0.47265625 0.67578125 0.0390625 0.0390625
0 0.23046875 0.71875 0.0390625 0.0390625
0 0.23046875 0.72265625 0.0390625 0.0390625
