0 0.703125 0.0 0.0390625 0.0390625
0 0.78125 0.01171875 0.0390625 0.0390625
0 0.5078125 0.02734375 0.0390625 0.0390625
0 0.44140625 0.0859375 0.0390625 0.0390625
0 0.43359375 0.11328125 0.0390625 0.0390625
0 0.43359375 0.1171875 0.0390625 0.0390625
0 0.203125 0.125 0.0390625 0.0390625
0 0.04296875 0.17578125 0.0390625 0.0390625
0 0.23828125 0.1796875 0.0390625 0.0390625
0 0.91796875 0.19921875 0.0390625 0.0390625
0 0.0078125 0.22265625 0.0390625 0.0390625
0 0.0078125 0.2265625 0.0390625 0.0390625
0 0.93359375 0.23046875 0.0390625 0.0390625
0 0.99609375 0.6640625 0.0390625 0.0390625
0 0.94921875 0.6796875 0.0390625 0.0390625
0 0.21875 0.953125 0.0390625 0.0390625
0 0.22265625 0.953125 0.0390625 0.0390625
0 0.17578125 0.96875 0.0390625 0.0390625
0 0.17578125 0.97265625 0.0390625 0.0390625
