0 0.26953125 0.203125 0.0390625 0.0390625
0 0.2734375 0.203125 0.0390625 0.0390625
0 0.26953125 0.20703125 0.0390625 0.0390625
0 0.2734375 0.20703125 0.0390625 0.0390625
0 0.2578125 0.30078125 0.0390625 0.0390625
0 0.421875 0.41015625 0.0390625 0.0390625
0 0.30078125 0.44921875 0.0390625 0.0390625
0 0.44140625 0.47265625 0.0390625 0.0390625
0 0.44140625 0.4765625 0.0390625 0.0390625
0 0.31640625 0.5 0.0390625 0.0390625
0 0.3203125 0.5 0.0390625 0.0390625
0 0.453125 0.5390625 0.0390625 0.0390625
0 0.45703125 0.5390625 0.0390625 0.0390625
0 0.453125 0.54296875 0.0390625 0.0390625
0 0.45703125 0.54296875 0.0390625 0.0390625
0 0.515625 0.71484375 0.0390625 0.0390625
0 0.53125 0.78515625 0.0390625 0.0390625
0 0.5625 0.8828125 0.0390625 0.0390625
0 0.56640625 0.8828125 0.0390625 0.0390625
