0 0.3359375 0.03515625 0.0390625 0.0390625
0 0.3359375 0.0390625 0.0390625 0.0390625
0 0.33984375 0.0390625 0.0390625 0.0390625
0 0.67578125 0.2890625 0.0390625 0.0390625
0 0.33984375 0.51953125 0.0390625 0.0390625
0 0.125 0.59375 0.0390625 0.0390625
0 0.0 0.6640625 0.0390625 0.0390625
0 0.8984375 0.6875 0.0390625 0.0390625
0 0.8984375 0.69140625 0.0390625 0.0390625
0 0.3359375 0.859375 0.0390625 0.0390625
0 0.34375 0.87890625 0.0390625 0.0390625
0 0.3515625 0.90234375 0.0390625 0.0390625
0 0.3515625 0.90625 0.0390625 0.0390625
