0 0.00390625 0.17578125 0.0390625 0.0390625
0 0.0078125 0.17578125 0.0390625 0.0390625
0 0.0234375 0.2265625 0.0390625 0.0390625
0 0.03125 0.27734375 0.0390625 0.0390625
0 0.03515625 0.27734375 0.0390625 0.0390625
0 0.05078125 0.31640625 0.0390625 0.0390625
0 0.0234375 0.34765625 0.0390625 0.0390625
0 0.0 0.45703125 0.0390625 0.0390625
0 0.09375 0.4609375 0.0390625 0.0390625
0 0.109375 0.50390625 0.0390625 0.0390625
0 0.015625 0.5078125 0.0390625 0.0390625
0 0.109375 0.5078125 0.0390625 0.0390625
0 0.12109375 0.546875 0.0390625 0.0390625
0 0.02734375 0.5546875 0.0390625 0.0390625
0 0.03125 0.5546875 0.0390625 0.0390625
0 0.1328125 0.58984375 0.0390625 0.0390625
0 0.046875 0.6015625 0.0390625 0.0390625
0 0.05859375 0.64453125 0.0390625 0.0390625
0 0.05859375 0.6484375 0.0390625 0.0390625
0 0.17578125 0.7265625 0.0390625 0.0390625
0 0.08984375 0.74609375 0.0390625 0.0390625
0 0.1953125 0.78515625 0.0390625 0.0390625
0 0.19921875 0.78515625 0.0390625 0.0390625
0 0.109375 0.8125 0.0390625 0.0390625
0 0.20703125 0.83203125 0.0390625 0.0390625
0 0.2109375 0.83203125 0.0390625 0.0390625
0 0.12109375 0.8515625 0.0390625 0.0390625
0 0.125 0.8515625 0.0390625 0.0390625
0 0.23828125 0.921875 0.0390625 0.0390625
0 0.23828125 0.92578125 0.0390625 0.0390625
0 0.25390625 0.984375 0.0390625 0.0390625
0 0.2578125 0.984375 0.0390625 0.0390625
