0 0.48046875 0.00390625 0.0390625 0.0390625
0 0.41796875 0.0234375 0.0390625 0.0390625
0 0.48046875 0.046875 0.0390625 0.0390625
0 0.48046875 0.05078125 0.0390625 0.0390625
0 0.671875 0.0546875 0.0390625 0.0390625
0 0.42578125 0.0625 0.0390625 0.0390625
0 0.4296875 0.0625 0.0390625 0.0390625
0 0.67578125 0.0703125 0.0390625 0.0390625
0 0.5078125 0.078125 0.0390625 0.0390625
0 0.51171875 0.078125 0.0390625 0.0390625
0 0.5078125 0.08203125 0.0390625 0.0390625
0 0.51171875 0.08203125 0.0390625 0.0390625
0 0.4375 0.1015625 0.0390625 0.0390625
0 0.44140625 0.1015625 0.0390625 0.0390625
0 0.49609375 0.10546875 0.0390625 0.0390625
0 0.49609375 0.109375 0.0390625 0.0390625
0 0.0625 0.1171875 0.0390625 0.0390625
0 0.45703125 0.140625 0.0390625 0.0390625
0 0.45703125 0.14453125 0.0390625 0.0390625
0 0.0 0.1953125 0.0390625 0.0390625
0 0.54296875 0.22265625 0.0390625 0.0390625
0 0.484375 0.2421875 0.0390625 0.0390625
0 0.546875 0.24609375 0.0390625 0.0390625
0 0.42578125 0.265625 0.0390625 0.0390625
0 0.5 0.2890625 0.0390625 0.0390625
0 0.5625 0.2890625 0.0390625 0.0390625
0 0.5625 0.3046875 0.0390625 0.0390625
0 0.5625 0.30859375 0.0390625 0.0390625
0 0.5703125 0.328125 0.0390625 0.0390625
0 0.84375 0.328125 0.0390625 0.0390625
0 0.57421875 0.34765625 0.0390625 0.0390625
0 0.51953125 0.359375 0.0390625 0.0390625
0 0.57421875 0.37109375 0.0390625 0.0390625
0 0.58984375 0.38671875 0.0390625 0.0390625
0 0.58984375 0.390625 0.0390625 0.0390625
0 0.53515625 0.41015625 0.0390625 0.0390625
0 0.5390625 0.41015625 0.0390625 0.0390625
0 0.46875 0.4140625 0.0390625 0.0390625
0 0.53515625 0.4140625 0.0390625 0.0390625
0 0.5390625 0.4140625 0.0390625 0.0390625
0 0.5546875 0.45703125 0.0390625 0.0390625
0 0.5546875 0.4609375 0.0390625 0.0390625
0 0.890625 0.47265625 0.0390625 0.0390625
0 0.56640625 0.5078125 0.0390625 0.0390625
0 0.5859375 0.5625 0.0390625 0.0390625
0 0.05859375 0.59375 0.0390625 0.0390625
0 0.93359375 0.59375 0.0390625 0.0390625
0 0.6015625 0.609375 0.0390625 0.0390625
0 0.94140625 0.61328125 0.0390625 0.0390625
0 0.9453125 0.61328125 0.0390625 0.0390625
0 0.94921875 0.6328125 0.0390625 0.0390625
0 0.078125 0.63671875 0.0390625 0.0390625
0 0.5390625 0.640625 0.0390625 0.0390625
0 0.5390625 0.64453125 0.0390625 0.0390625
0 0.953125 0.66015625 0.0390625 0.0390625
0 0.953125 0.68359375 0.0390625 0.0390625
0 0.96875 0.69921875 0.0390625 0.0390625
0 0.97265625 0.71484375 0.0390625 0.0390625
0 0.97265625 0.71875 0.0390625 0.0390625
0 0.9765625 0.73828125 0.0390625 0.0390625
0 0.16015625 0.7578125 0.0390625 0.0390625
0 0.98828125 0.7578125 0.0390625 0.0390625
0 0.16015625 0.76171875 0.0390625 0.0390625
0 0.98828125 0.76171875 0.0390625 0.0390625
0 0.16796875 0.78125 0.0390625 0.0390625
0 0.9921875 0.78125 0.0390625 0.0390625
0 0.6171875 0.79296875 0.0390625 0.0390625
0 0.171875 0.80078125 0.0390625 0.0390625
0 0.58984375 0.81640625 0.0390625 0.0390625
0 0.59375 0.81640625 0.0390625 0.0390625
0 0.1796875 0.8203125 0.0390625 0.0390625
0 0.18359375 0.8203125 0.0390625 0.0390625
0 0.77734375 0.9296875 0.0390625 0.0390625
0 0.72265625 0.94921875 0.0390625 0.0390625
0 0.6640625 0.96484375 0.0390625 0.0390625
