0 0.2421875 0.375 0.0390625 0.0390625
0 0.54296875 0.4296875 0.0390625 0.0390625
0 0.546875 0.4296875 0.0390625 0.0390625
0 0.55859375 0.44921875 0.0390625 0.0390625
0 0.57421875 0.46875 0.0390625 0.0390625
0 0.57421875 0.4921875 0.0390625 0.0390625
0 0.57421875 0.515625 0.0390625 0.0390625
0 0.57421875 0.51953125 0.0390625 0.0390625
0 0.55859375 0.546875 0.0390625 0.0390625
0 0.55859375 0.55078125 0.0390625 0.0390625
0 0.58203125 0.640625 0.0390625 0.0390625
0 0.58203125 0.64453125 0.0390625 0.0390625
0 0.62890625 0.98828125 0.0390625 0.0390625
