0 0.7265625 0.0078125 0.0390625 0.0390625
0 0.6640625 0.05859375 0.0390625 0.0390625
0 0.609375 0.0625 0.0390625 0.0390625
0 0.6171875 0.1015625 0.0390625 0.0390625
0 0.6328125 0.1484375 0.0390625 0.0390625
0 0.63671875 0.1484375 0.0390625 0.0390625
0 0.64453125 0.1875 0.0390625 0.0390625
0 0.6484375 0.1875 0.0390625 0.0390625
0 0.64453125 0.19140625 0.0390625 0.0390625
0 0.6484375 0.19140625 0.0390625 0.0390625
0 0.73046875 0.26953125 0.0390625 0.0390625
0 0.734375 0.26953125 0.0390625 0.0390625
0 0.6875 0.32421875 0.0390625 0.0390625
0 0.0703125 0.44140625 0.0390625 0.0390625
0 0.7890625 0.4765625 0.0390625 0.0390625
0 0.79296875 0.4765625 0.0390625 0.0390625
0 0.96875 0.50390625 0.0390625 0.0390625
0 0.92578125 0.51953125 0.0390625 0.0390625
0 0.9296875 0.51953125 0.0390625 0.0390625
0 0.109375 0.546875 0.0390625 0.0390625
0 0.10546875 0.5703125 0.0390625 0.0390625
0 0.109375 0.5703125 0.0390625 0.0390625
0 0.11328125 0.58984375 0.0390625 0.0390625
0 0.12109375 0.609375 0.0390625 0.0390625
0 0.45703125 0.6875 0.0390625 0.0390625
0 0.40625 0.69921875 0.0390625 0.0390625
0 0.14453125 0.73046875 0.0390625 0.0390625
0 0.125 0.73828125 0.0390625 0.0390625
0 0.08203125 0.74609375 0.0390625 0.0390625
0 0.10546875 0.74609375 0.0390625 0.0390625
0 0.0625 0.75390625 0.0390625 0.0390625
0 0.04296875 0.7578125 0.0390625 0.0390625
0 0.04296875 0.76171875 0.0390625 0.0390625
0 0.08203125 0.8046875 0.0390625 0.0390625
0 0.0390625 0.81640625 0.0390625 0.0390625
0 0.04296875 0.81640625 0.0390625 0.0390625
0 0.875 0.82421875 0.0390625 0.0390625
0 0.0 0.828125 0.0390625 0.0390625
0 0.00390625 0.828125 0.0390625 0.0390625
