0 0.5703125 0.04296875 0.0390625 0.0390625
0 0.640625 0.1328125 0.0390625 0.0390625
0 0.671875 0.20703125 0.0390625 0.0390625
0 0.47265625 0.5546875 0.0390625 0.0390625
0 0.49609375 0.62109375 0.0390625 0.0390625
0 0.49609375 0.625 0.0390625 0.0390625
0 0.79296875 0.734375 0.0390625 0.0390625
0 0.8203125 0.73828125 0.0390625 0.0390625
0 0.5703125 0.7578125 0.0390625 0.0390625
0 0.64453125 0.7578125 0.0390625 0.0390625
0 0.5703125 0.76171875 0.0390625 0.0390625
0 0.52734375 0.76953125 0.0390625 0.0390625
0 0.52734375 0.7734375 0.0390625 0.0390625
0 0.66015625 0.77734375 0.0390625 0.0390625
0 0.5703125 0.78125 0.0390625 0.0390625
0 0.5703125 0.78515625 0.0390625 0.0390625
0 0.84375 0.7890625 0.0390625 0.0390625
0 0.84765625 0.7890625 0.0390625 0.0390625
0 0.44140625 0.79296875 0.0390625 0.0390625
0 0.53125 0.79296875 0.0390625 0.0390625
0 0.44140625 0.796875 0.0390625 0.0390625
0 0.80859375 0.796875 0.0390625 0.0390625
0 0.8125 0.796875 0.0390625 0.0390625
0 0.6640625 0.80078125 0.0390625 0.0390625
0 0.5703125 0.8046875 0.0390625 0.0390625
0 0.390625 0.8125 0.0390625 0.0390625
0 0.44921875 0.81640625 0.0390625 0.0390625
0 0.67578125 0.81640625 0.0390625 0.0390625
0 0.67578125 0.8203125 0.0390625 0.0390625
0 0.58203125 0.82421875 0.0390625 0.0390625
0 0.5859375 0.82421875 0.0390625 0.0390625
0 0.40625 0.83203125 0.0390625 0.0390625
0 0.3046875 0.83984375 0.0390625 0.0390625
0 0.44921875 0.83984375 0.0390625 0.0390625
0 0.54296875 0.83984375 0.0390625 0.0390625
0 0.6796875 0.83984375 0.0390625 0.0390625
0 0.68359375 0.83984375 0.0390625 0.0390625
0 0.58984375 0.84375 0.0390625 0.0390625
0 0.265625 0.8515625 0.0390625 0.0390625
0 0.4140625 0.8515625 0.0390625 0.0390625
0 0.546875 0.85546875 0.0390625 0.0390625
0 0.3125 0.859375 0.0390625 0.0390625
0 0.45703125 0.859375 0.0390625 0.0390625
0 0.4609375 0.859375 0.0390625 0.0390625
0 0.546875 0.859375 0.0390625 0.0390625
0 0.6875 0.859375 0.0390625 0.0390625
0 0.59375 0.86328125 0.0390625 0.0390625
0 0.26953125 0.87109375 0.0390625 0.0390625
0 0.41796875 0.87109375 0.0390625 0.0390625
0 0.5546875 0.875 0.0390625 0.0390625
0 0.3203125 0.87890625 0.0390625 0.0390625
0 0.46875 0.87890625 0.0390625 0.0390625
0 0.46875 0.8828125 0.0390625 0.0390625
0 0.60546875 0.8828125 0.0390625 0.0390625
0 0.69140625 0.8828125 0.0390625 0.0390625
0 0.28515625 0.89453125 0.0390625 0.0390625
0 0.33203125 0.8984375 0.0390625 0.0390625
0 0.4765625 0.8984375 0.0390625 0.0390625
0 0.55859375 0.8984375 0.0390625 0.0390625
0 0.69921875 0.8984375 0.0390625 0.0390625
0 0.18359375 0.90234375 0.0390625 0.0390625
0 0.1875 0.90234375 0.0390625 0.0390625
0 0.33203125 0.90234375 0.0390625 0.0390625
0 0.4765625 0.90234375 0.0390625 0.0390625
0 0.60546875 0.90234375 0.0390625 0.0390625
0 0.609375 0.90234375 0.0390625 0.0390625
0 0.18359375 0.90625 0.0390625 0.0390625
0 0.1875 0.90625 0.0390625 0.0390625
0 0.60546875 0.90625 0.0390625 0.0390625
0 0.609375 0.90625 0.0390625 0.0390625
0 0.29296875 0.91015625 0.0390625 0.0390625
0 0.3359375 0.9140625 0.0390625 0.0390625
0 0.3359375 0.91796875 0.0390625 0.0390625
0 0.42578125 0.91796875 0.0390625 0.0390625
0 0.5625 0.91796875 0.0390625 0.0390625
0 0.56640625 0.91796875 0.0390625 0.0390625
0 0.1875 0.921875 0.0390625 0.0390625
0 0.47265625 0.921875 0.0390625 0.0390625
0 0.62109375 0.921875 0.0390625 0.0390625
0 0.703125 0.921875 0.0390625 0.0390625
0 0.47265625 0.92578125 0.0390625 0.0390625
0 0.62109375 0.92578125 0.0390625 0.0390625
0 0.296875 0.9296875 0.0390625 0.0390625
0 0.43359375 0.93359375 0.0390625 0.0390625
0 0.33984375 0.9375 0.0390625 0.0390625
0 0.34375 0.9375 0.0390625 0.0390625
0 0.57421875 0.9375 0.0390625 0.0390625
0 0.578125 0.9375 0.0390625 0.0390625
0 0.1953125 0.94140625 0.0390625 0.0390625
0 0.19921875 0.94140625 0.0390625 0.0390625
0 0.33984375 0.94140625 0.0390625 0.0390625
0 0.34375 0.94140625 0.0390625 0.0390625
0 0.57421875 0.94140625 0.0390625 0.0390625
0 0.578125 0.94140625 0.0390625 0.0390625
0 0.4765625 0.9453125 0.0390625 0.0390625
0 0.625 0.9453125 0.0390625 0.0390625
0 0.30078125 0.953125 0.0390625 0.0390625
0 0.3046875 0.953125 0.0390625 0.0390625
0 0.4375 0.953125 0.0390625 0.0390625
0 0.34375 0.95703125 0.0390625 0.0390625
0 0.2109375 0.9609375 0.0390625 0.0390625
0 0.34375 0.9609375 0.0390625 0.0390625
0 0.48828125 0.9609375 0.0390625 0.0390625
0 0.578125 0.9609375 0.0390625 0.0390625
0 0.48828125 0.96484375 0.0390625 0.0390625
0 0.71875 0.96484375 0.0390625 0.0390625
0 0.6328125 0.96875 0.0390625 0.0390625
0 0.63671875 0.96875 0.0390625 0.0390625
0 0.44921875 0.97265625 0.0390625 0.0390625
0 0.58203125 0.9765625 0.0390625 0.0390625
0 0.21875 0.98046875 0.0390625 0.0390625
0 0.3515625 0.98046875 0.0390625 0.0390625
0 0.90625 0.98046875 0.0390625 0.0390625
0 0.6328125 0.984375 0.0390625 0.0390625
0 0.7265625 0.984375 0.0390625 0.0390625
0 0.4921875 0.98828125 0.0390625 0.0390625
0 0.6328125 0.98828125 0.0390625 0.0390625
0 0.7265625 0.98828125 0.0390625 0.0390625
0 0.31640625 0.9921875 0.0390625 0.0390625
0 0.359375 0.99609375 0.0390625 0.0390625
0 0.453125 0.99609375 0.0390625 0.0390625
