0 0.86328125 0.01953125 0.0390625 0.0390625
0 0.95703125 0.01953125 0.0390625 0.0390625
0 0.86328125 0.0234375 0.0390625 0.0390625
0 0.875 0.0625 0.0390625 0.0390625
0 0.98046875 0.08984375 0.0390625 0.0390625
0 0.88671875 0.1015625 0.0390625 0.0390625
0 0.9921875 0.12890625 0.0390625 0.0390625
0 0.90625 0.15234375 0.0390625 0.0390625
0 0.81640625 0.35546875 0.0390625 0.0390625
0 0.765625 0.37109375 0.0390625 0.0390625
0 0.765625 0.375 0.0390625 0.0390625
0 0.49609375 0.38671875 0.0390625 0.0390625
0 0.49609375 0.390625 0.0390625 0.0390625
0 0.703125 0.390625 0.0390625 0.0390625
0 0.70703125 0.390625 0.0390625 0.0390625
0 0.98828125 0.4140625 0.0390625 0.0390625
0 0.02734375 0.48828125 0.0390625 0.0390625
0 0.0625 0.5859375 0.0390625 0.0390625
