0 0.23046875 0.046875 0.0390625 0.0390625
0 0.1796875 0.06640625 0.0390625 0.0390625
0 0.1328125 0.078125 0.0390625 0.0390625
0 0.1328125 0.08203125 0.0390625 0.0390625
0 0.6953125 0.1484375 0.0390625 0.0390625
0 0.69921875 0.1484375 0.0390625 0.0390625
0 0.80078125 0.25390625 0.0390625 0.0390625
0 0.8203125 0.328125 0.0390625 0.0390625
0 0.78125 0.33203125 0.0390625 0.0390625
0 0.78515625 0.33203125 0.0390625 0.0390625
0 0.359375 0.39453125 0.0390625 0.0390625
0 0.36328125 0.39453125 0.0390625 0.0390625
0 0.359375 0.3984375 0.0390625 0.0390625
0 0.36328125 0.3984375 0.0390625 0.0390625
0 0.015625 0.40625 0.0390625 0.0390625
0 0.01953125 0.40625 0.0390625 0.0390625
0 0.3671875 0.4140625 0.0390625 0.0390625
0 0.8671875 0.47265625 0.0390625 0.0390625
0 0.3046875 0.4765625 0.0390625 0.0390625
0 0.3828125 0.4765625 0.0390625 0.0390625
0 0.8671875 0.4765625 0.0390625 0.0390625
0 0.38671875 0.5 0.0390625 0.0390625
0 0.56640625 0.51171875 0.0390625 0.0390625
0 0.5859375 0.51171875 0.0390625 0.0390625
0 0.56640625 0.515625 0.0390625 0.0390625
0 0.5859375 0.515625 0.0390625 0.0390625
0 0.3984375 0.51953125 0.0390625 0.0390625
0 0.8828125 0.5234375 0.0390625 0.0390625
0 0.54296875 0.52734375 0.0390625 0.0390625
0 0.8828125 0.52734375 0.0390625 0.0390625
0 0.40234375 0.54296875 0.0390625 0.0390625
0 0.4765625 0.54296875 0.0390625 0.0390625
0 0.19140625 0.5546875 0.0390625 0.0390625
0 0.43359375 0.55859375 0.0390625 0.0390625
0 0.03125 0.5625 0.0390625 0.0390625
0 0.06640625 0.56640625 0.0390625 0.0390625
0 0.0703125 0.56640625 0.0390625 0.0390625
0 0.8984375 0.5703125 0.0390625 0.0390625
0 0.19921875 0.57421875 0.0390625 0.0390625
0 0.8984375 0.57421875 0.0390625 0.0390625
0 0.86328125 0.58984375 0.0390625 0.0390625
0 0.96875 0.58984375 0.0390625 0.0390625
0 0.97265625 0.58984375 0.0390625 0.0390625
0 0.20703125 0.59375 0.0390625 0.0390625
0 0.2109375 0.59375 0.0390625 0.0390625
0 0.91015625 0.609375 0.0390625 0.0390625
0 0.22265625 0.61328125 0.0390625 0.0390625
0 0.33984375 0.65625 0.0390625 0.0390625
0 0.39453125 0.6640625 0.0390625 0.0390625
0 0.390625 0.66796875 0.0390625 0.0390625
0 0.39453125 0.66796875 0.0390625 0.0390625
0 0.4921875 0.671875 0.0390625 0.0390625
0 0.34765625 0.6796875 0.0390625 0.0390625
0 0.3515625 0.6796875 0.0390625 0.0390625
0 0.0703125 0.68359375 0.0390625 0.0390625
0 0.23828125 0.6875 0.0390625 0.0390625
0 0.40234375 0.6875 0.0390625 0.0390625
0 0.23828125 0.69140625 0.0390625 0.0390625
0 0.35546875 0.69921875 0.0390625 0.0390625
0 0.2421875 0.7109375 0.0390625 0.0390625
0 0.359375 0.71875 0.0390625 0.0390625
0 0.359375 0.72265625 0.0390625 0.0390625
0 0.25 0.7265625 0.0390625 0.0390625
0 0.25390625 0.7265625 0.0390625 0.0390625
0 0.41015625 0.7265625 0.0390625 0.0390625
0 0.08203125 0.734375 0.0390625 0.0390625
0 0.87890625 0.73828125 0.0390625 0.0390625
0 0.26171875 0.74609375 0.0390625 0.0390625
0 0.421875 0.74609375 0.0390625 0.0390625
0 0.26171875 0.75 0.0390625 0.0390625
0 0.421875 0.75 0.0390625 0.0390625
0 0.953125 0.75 0.0390625 0.0390625
0 0.375 0.76171875 0.0390625 0.0390625
0 0.2578125 0.76953125 0.0390625 0.0390625
0 0.37890625 0.78125 0.0390625 0.0390625
0 0.3828125 0.78125 0.0390625 0.0390625
0 0.44140625 0.78515625 0.0390625 0.0390625
0 0.4453125 0.78515625 0.0390625 0.0390625
0 0.51171875 0.78515625 0.0390625 0.0390625
0 0.26953125 0.7890625 0.0390625 0.0390625
0 0.37890625 0.80078125 0.0390625 0.0390625
0 0.3828125 0.80078125 0.0390625 0.0390625
0 0.2734375 0.80859375 0.0390625 0.0390625
0 0.27734375 0.80859375 0.0390625 0.0390625
0 0.109375 0.82421875 0.0390625 0.0390625
0 0.125 0.87109375 0.0390625 0.0390625
0 0.13671875 0.91796875 0.0390625 0.0390625
0 0.140625 0.91796875 0.0390625 0.0390625
0 0.24609375 0.95703125 0.0390625 0.0390625
