0 0.98828125 0.125 0.0390625 0.0390625
0 0.98828125 0.12890625 0.0390625 0.0390625
0 0.3046875 0.24609375 0.0390625 0.0390625
0 0.30859375 0.24609375 0.0390625 0.0390625
0 0.265625 0.26171875 0.0390625 0.0390625
0 0.2109375 0.27734375 0.0390625 0.0390625
0 0.5859375 0.5546875 0.0390625 0.0390625
0 0.5859375 0.55859375 0.0390625 0.0390625
0 0.8515625 0.859375 0.0390625 0.0390625
0 0.80859375 0.890625 0.0390625 0.0390625
0 0.8125 0.890625 0.0390625 0.0390625
0 0.7578125 0.91015625 0.0390625 0.0390625
0 0.6796875 0.93359375 0.0390625 0.0390625
0 0.6796875 0.9375 0.0390625 0.0390625
0 0.56640625 0.96484375 0.0390625 0.0390625
0 0.56640625 0.96875 0.0390625 0.0390625
0 0.515625 0.984375 0.0390625 0.0390625
