0 0.11328125 0.14453125 0.0390625 0.0390625
0 0.11328125 0.1484375 0.0390625 0.0390625
0 0.73046875 0.453125 0.0390625 0.0390625
0 0.73046875 0.45703125 0.0390625 0.0390625
0 0.10546875 0.6484375 0.0390625 0.0390625
0 0.78515625 0.66796875 0.0390625 0.0390625
0 0.12109375 0.6953125 0.0390625 0.0390625
0 0.125 0.6953125 0.0390625 0.0390625
0 0.78515625 0.71875 0.0390625 0.0390625
0 0.78515625 0.72265625 0.0390625 0.0390625
0 0.1328125 0.7421875 0.0390625 0.0390625
0 0.13671875 0.7421875 0.0390625 0.0390625
0 0.14453125 0.77734375 0.0390625 0.0390625
0 0.1484375 0.77734375 0.0390625 0.0390625
0 0.16796875 0.85546875 0.0390625 0.0390625
0 0.05859375 0.8984375 0.0390625 0.0390625
0 0.05859375 0.90234375 0.0390625 0.0390625
0 0.18359375 0.90625 0.0390625 0.0390625
0 0.01953125 0.91015625 0.0390625 0.0390625
0 0.03515625 0.91015625 0.0390625 0.0390625
0 0.01953125 0.9140625 0.0390625 0.0390625
0 0.5234375 0.96484375 0.0390625 0.0390625
