0 0.6015625 0.06640625 0.0390625 0.0390625
0 0.4375 0.1171875 0.0390625 0.0390625
0 0.61328125 0.1171875 0.0390625 0.0390625
0 0.15234375 0.140625 0.0390625 0.0390625
0 0.63671875 0.15625 0.0390625 0.0390625
0 0.640625 0.15625 0.0390625 0.0390625
0 0.04296875 0.1953125 0.0390625 0.0390625
0 0.9609375 0.72265625 0.0390625 0.0390625
0 0.9609375 0.7265625 0.0390625 0.0390625
0 0.64453125 0.73828125 0.0390625 0.0390625
0 0.6484375 0.73828125 0.0390625 0.0390625
0 0.609375 0.75390625 0.0390625 0.0390625
0 0.55859375 0.76953125 0.0390625 0.0390625
0 0.375 0.82421875 0.0390625 0.0390625
0 0.37890625 0.82421875 0.0390625 0.0390625
0 0.375 0.828125 0.0390625 0.0390625
0 0.37890625 0.828125 0.0390625 0.0390625
0 0.33984375 0.83984375 0.0390625 0.0390625
0 0.29296875 0.8515625 0.0390625 0.0390625
0 0.296875 0.8515625 0.0390625 0.0390625
0 0.80078125 0.8515625 0.0390625 0.0390625
0 0.29296875 0.85546875 0.0390625 0.0390625
0 0.296875 0.85546875 0.0390625 0.0390625
0 0.80078125 0.85546875 0.0390625 0.0390625
0 0.7578125 0.859375 0.0390625 0.0390625
0 0.24609375 0.8671875 0.0390625 0.0390625
0 0.61328125 0.8828125 0.0390625 0.0390625
0 0.8125 0.890625 0.0390625 0.0390625
0 0.125 0.90234375 0.0390625 0.0390625
0 0.078125 0.91796875 0.0390625 0.0390625
0 0.76953125 0.921875 0.0390625 0.0390625
0 0.0390625 0.92578125 0.0390625 0.0390625
0 0.82421875 0.94140625 0.0390625 0.0390625
0 0.24609375 0.94921875 0.0390625 0.0390625
0 0.5859375 0.953125 0.0390625 0.0390625
0 0.203125 0.95703125 0.0390625 0.0390625
0 0.5859375 0.95703125 0.0390625 0.0390625
0 0.203125 0.9609375 0.0390625 0.0390625
0 0.63671875 0.9609375 0.0390625 0.0390625
0 0.8359375 0.9609375 0.0390625 0.0390625
0 0.47265625 0.96484375 0.0390625 0.0390625
0 0.58984375 0.9765625 0.0390625 0.0390625
0 0.59375 0.9765625 0.0390625 0.0390625
0 0.14453125 0.98046875 0.0390625 0.0390625
0 0.79296875 0.98046875 0.0390625 0.0390625
0 0.3125 0.984375 0.0390625 0.0390625
0 0.484375 0.984375 0.0390625 0.0390625
0 0.48828125 0.984375 0.0390625 0.0390625
0 0.0859375 0.99609375 0.0390625 0.0390625
0 0.65625 0.99609375 0.0390625 0.0390625
