0 0.9296875 0.03515625 0.0390625 0.0390625
0 0.62109375 0.0546875 0.0390625 0.0390625
0 0.953125 0.375 0.0390625 0.0390625
0 0.4765625 0.4765625 0.0390625 0.0390625
0 0.48046875 0.4765625 0.0390625 0.0390625
0 0.4765625 0.48046875 0.0390625 0.0390625
0 0.48046875 0.48046875 0.0390625 0.0390625
0 0.4453125 0.4921875 0.0390625 0.0390625
0 0.40625 0.5 0.0390625 0.0390625
0 0.41015625 0.5 0.0390625 0.0390625
0 0.35546875 0.515625 0.0390625 0.0390625
0 0.3125 0.53125 0.0390625 0.0390625
0 0.265625 0.54296875 0.0390625 0.0390625
0 0.265625 0.546875 0.0390625 0.0390625
0 0.4765625 0.55859375 0.0390625 0.0390625
0 0.21875 0.5625 0.0390625 0.0390625
0 0.4765625 0.5625 0.0390625 0.0390625
0 0.44140625 0.56640625 0.0390625 0.0390625
0 0.44140625 0.5703125 0.0390625 0.0390625
0 0.38671875 0.58984375 0.0390625 0.0390625
0 0.3359375 0.6015625 0.0390625 0.0390625
0 0.30859375 0.61328125 0.0390625 0.0390625
0 0.16796875 0.65625 0.0390625 0.0390625
0 0.11328125 0.67578125 0.0390625 0.0390625
0 0.0625 0.6875 0.0390625 0.0390625
0 0.0625 0.69140625 0.0390625 0.0390625
0 0.01171875 0.70703125 0.0390625 0.0390625
0 0.78515625 0.98828125 0.0390625 0.0390625
