0 0.21875 0.0 0.0390625 0.0390625
0 0.05859375 0.00390625 0.0390625 0.0390625
0 0.05859375 0.0078125 0.0390625 0.0390625
0 0.1875 0.015625 0.0390625 0.0390625
0 0.60546875 0.0234375 0.0390625 0.0390625
0 0.609375 0.0234375 0.0390625 0.0390625
0 0.0078125 0.02734375 0.0390625 0.0390625
0 0.1328125 0.02734375 0.0390625 0.0390625
0 0.1328125 0.03125 0.0390625 0.0390625
0 0.08984375 0.04296875 0.0390625 0.0390625
0 0.09375 0.04296875 0.0390625 0.0390625
0 0.33984375 0.09765625 0.0390625 0.0390625
0 0.33984375 0.1015625 0.0390625 0.0390625
0 0.328125 0.16015625 0.0390625 0.0390625
0 0.33203125 0.16015625 0.0390625 0.0390625
0 0.328125 0.1640625 0.0390625 0.0390625
0 0.33203125 0.1640625 0.0390625 0.0390625
0 0.4375 0.1640625 0.0390625 0.0390625
0 0.4453125 0.1875 0.0390625 0.0390625
0 0.67578125 0.22265625 0.0390625 0.0390625
0 0.6796875 0.22265625 0.0390625 0.0390625
0 0.35546875 0.2265625 0.0390625 0.0390625
0 0.4609375 0.23828125 0.0390625 0.0390625
0 0.4609375 0.2421875 0.0390625 0.0390625
0 0.36328125 0.25 0.0390625 0.0390625
0 0.69140625 0.2578125 0.0390625 0.0390625
0 0.37109375 0.27734375 0.0390625 0.0390625
0 0.81640625 0.30859375 0.0390625 0.0390625
0 0.81640625 0.33203125 0.0390625 0.0390625
0 0.72265625 0.34375 0.0390625 0.0390625
0 0.72265625 0.34765625 0.0390625 0.0390625
0 0.3828125 0.35546875 0.0390625 0.0390625
0 0.38671875 0.35546875 0.0390625 0.0390625
0 0.3984375 0.37890625 0.0390625 0.0390625
0 0.74609375 0.4296875 0.0390625 0.0390625
0 0.74609375 0.43359375 0.0390625 0.0390625
0 0.859375 0.453125 0.0390625 0.0390625
0 0.42578125 0.46875 0.0390625 0.0390625
0 0.43359375 0.4921875 0.0390625 0.0390625
0 0.44140625 0.51171875 0.0390625 0.0390625
0 0.4453125 0.53515625 0.0390625 0.0390625
0 0.87109375 0.56640625 0.0390625 0.0390625
0 0.84375 0.57421875 0.0390625 0.0390625
0 0.78515625 0.5859375 0.0390625 0.0390625
0 0.7890625 0.5859375 0.0390625 0.0390625
0 0.4296875 0.80078125 0.0390625 0.0390625
0 0.4375 0.8359375 0.0390625 0.0390625
