0 0.02734375 0.03515625 0.0390625 0.0390625
0 0.36328125 0.0390625 0.0390625 0.0390625
0 0.86328125 0.06640625 0.0390625 0.0390625
0 0.83984375 0.0703125 0.0390625 0.0390625
0 0.86328125 0.0703125 0.0390625 0.0390625
0 0.8203125 0.07421875 0.0390625 0.0390625
0 0.0390625 0.078125 0.0390625 0.0390625
0 0.0390625 0.08203125 0.0390625 0.0390625
0 0.796875 0.08203125 0.0390625 0.0390625
0 0.0546875 0.1484375 0.0390625 0.0390625
0 0.46484375 0.19921875 0.0390625 0.0390625
0 0.18359375 0.265625 0.0390625 0.0390625
0 0.546875 0.265625 0.0390625 0.0390625
0 0.546875 0.26953125 0.0390625 0.0390625
0 0.52734375 0.2734375 0.0390625 0.0390625
0 0.50390625 0.28125 0.0390625 0.0390625
0 0.5078125 0.28125 0.0390625 0.0390625
0 0.484375 0.29296875 0.0390625 0.0390625
0 0.58203125 0.296875 0.0390625 0.0390625
0 0.60546875 0.296875 0.0390625 0.0390625
0 0.5390625 0.31640625 0.0390625 0.0390625
0 0.51953125 0.32421875 0.0390625 0.0390625
0 0.49609375 0.33203125 0.0390625 0.0390625
0 0.5 0.33203125 0.0390625 0.0390625
0 0.8828125 0.34375 0.0390625 0.0390625
0 0.88671875 0.34375 0.0390625 0.0390625
0 0.8828125 0.34765625 0.0390625 0.0390625
0 0.88671875 0.34765625 0.0390625 0.0390625
0 0.58203125 0.42578125 0.0390625 0.0390625
0 0.5546875 0.43359375 0.0390625 0.0390625
0 0.53125 0.44140625 0.0390625 0.0390625
0 0.53515625 0.44140625 0.0390625 0.0390625
0 0.53125 0.4453125 0.0390625 0.0390625
0 0.53515625 0.4453125 0.0390625 0.0390625
0 0.05859375 0.46875 0.0390625 0.0390625
0 0.0625 0.46875 0.0390625 0.0390625
0 0.81640625 0.5 0.0390625 0.0390625
0 0.81640625 0.50390625 0.0390625 0.0390625
0 0.26953125 0.51953125 0.0390625 0.0390625
0 0.125 0.53515625 0.0390625 0.0390625
0 0.70703125 0.56640625 0.0390625 0.0390625
0 0.640625 0.5859375 0.0390625 0.0390625
0 0.58984375 0.60546875 0.0390625 0.0390625
0 0.1640625 0.625 0.0390625 0.0390625
0 0.10546875 0.6484375 0.0390625 0.0390625
