0 0.81640625 0.32421875 0.0390625 0.0390625
0 0.77734375 0.3359375 0.0390625 0.0390625
0 0.6875 0.36328125 0.0390625 0.0390625
0 0.69140625 0.36328125 0.0390625 0.0390625
0 0.6484375 0.375 0.0390625 0.0390625
0 0.59375 0.390625 0.0390625 0.0390625
0 0.59375 0.39453125 0.0390625 0.0390625
0 0.8125 0.40234375 0.0390625 0.0390625
0 0.55859375 0.40625 0.0390625 0.0390625
0 0.76953125 0.4140625 0.0390625 0.0390625
0 0.50390625 0.421875 0.0390625 0.0390625
0 0.72265625 0.4296875 0.0390625 0.0390625
0 0.46484375 0.43359375 0.0390625 0.0390625
0 0.68359375 0.44140625 0.0390625 0.0390625
0 0.6875 0.44140625 0.0390625 0.0390625
0 0.09765625 0.49609375 0.0390625 0.0390625
0 0.5 0.49609375 0.0390625 0.0390625
0 0.20703125 0.50390625 0.0390625 0.0390625
0 0.2109375 0.50390625 0.0390625 0.0390625
0 0.56640625 0.5546875 0.0390625 0.0390625
0 0.56640625 0.55859375 0.0390625 0.0390625
0 0.57421875 0.578125 0.0390625 0.0390625
0 0.58203125 0.61328125 0.0390625 0.0390625
0 0.58203125 0.6171875 0.0390625 0.0390625
0 0.5859375 0.64453125 0.0390625 0.0390625
0 0.59765625 0.6640625 0.0390625 0.0390625
0 0.17578125 0.68359375 0.0390625 0.0390625
0 0.17578125 0.6875 0.0390625 0.0390625
0 0.60546875 0.69140625 0.0390625 0.0390625
0 0.60546875 0.6953125 0.0390625 0.0390625
0 0.6171875 0.7265625 0.0390625 0.0390625
0 0.62109375 0.7265625 0.0390625 0.0390625
0 0.1640625 0.765625 0.0390625 0.0390625
0 0.16796875 0.765625 0.0390625 0.0390625
0 0.64453125 0.7734375 0.0390625 0.0390625
0 0.6484375 0.7734375 0.0390625 0.0390625
0 0.1796875 0.81640625 0.0390625 0.0390625
0 0.8515625 0.81640625 0.0390625 0.0390625
0 0.9609375 0.86328125 0.0390625 0.0390625
0 0.19921875 0.87109375 0.0390625 0.0390625
0 0.23046875 0.87890625 0.0390625 0.0390625
0 0.234375 0.87890625 0.0390625 0.0390625
0 0.921875 0.8828125 0.0390625 0.0390625
0 0.8984375 0.89453125 0.0390625 0.0390625
0 0.90234375 0.89453125 0.0390625 0.0390625
0 0.21484375 0.92578125 0.0390625 0.0390625
0 0.23046875 0.98046875 0.0390625 0.0390625
