0 0.203125 0.00390625 0.0390625 0.0390625
0 0.203125 0.0078125 0.0390625 0.0390625
0 0.96484375 0.01171875 0.0390625 0.0390625
0 0.96484375 0.015625 0.0390625 0.0390625
0 0.18359375 0.06640625 0.0390625 0.0390625
0 0.44140625 0.234375 0.0390625 0.0390625
0 0.28125 0.28125 0.0390625 0.0390625
0 0.1796875 0.3359375 0.0390625 0.0390625
0 0.18359375 0.3359375 0.0390625 0.0390625
0 0.734375 0.52734375 0.0390625 0.0390625
0 0.33203125 0.53125 0.0390625 0.0390625
0 0.3359375 0.53125 0.0390625 0.0390625
0 0.33203125 0.53515625 0.0390625 0.0390625
0 0.3359375 0.53515625 0.0390625 0.0390625
0 0.73828125 0.546875 0.0390625 0.0390625
0 0.34375 0.58203125 0.0390625 0.0390625
0 0.34765625 0.58203125 0.0390625 0.0390625
0 0.71484375 0.58984375 0.0390625 0.0390625
0 0.765625 0.609375 0.0390625 0.0390625
0 0.765625 0.61328125 0.0390625 0.0390625
0 0.359375 0.62109375 0.0390625 0.0390625
0 0.4609375 0.65625 0.0390625 0.0390625
0 0.69921875 0.66015625 0.0390625 0.0390625
0 0.37109375 0.6640625 0.0390625 0.0390625
0 0.38671875 0.71875 0.0390625 0.0390625
0 0.38671875 0.72265625 0.0390625 0.0390625
0 0.4921875 0.75 0.0390625 0.0390625
0 0.3984375 0.765625 0.0390625 0.0390625
0 0.40234375 0.765625 0.0390625 0.0390625
0 0.5078125 0.8046875 0.0390625 0.0390625
0 0.51953125 0.84375 0.0390625 0.0390625
0 0.9765625 0.84375 0.0390625 0.0390625
0 0.92578125 0.85546875 0.0390625 0.0390625
0 0.5390625 0.8984375 0.0390625 0.0390625
0 0.55078125 0.93359375 0.0390625 0.0390625
