0 0.82421875 0.40234375 0.0390625 0.0390625
0 0.609375 0.421875 0.0390625 0.0390625
0 0.3984375 0.43359375 0.0390625 0.0390625
0 0.40234375 0.43359375 0.0390625 0.0390625
0 0.5234375 0.4453125 0.0390625 0.0390625
0 0.52734375 0.4453125 0.0390625 0.0390625
0 0.5234375 0.44921875 0.0390625 0.0390625
0 0.52734375 0.44921875 0.0390625 0.0390625
0 0.7890625 0.46875 0.0390625 0.0390625
0 0.75390625 0.4765625 0.0390625 0.0390625
0 0.0 0.515625 0.0390625 0.0390625
0 0.00390625 0.515625 0.0390625 0.0390625
0 0.61328125 0.5234375 0.0390625 0.0390625
0 0.5625 0.5390625 0.0390625 0.0390625
0 0.50390625 0.55078125 0.0390625 0.0390625
0 0.5078125 0.55078125 0.0390625 0.0390625
0 0.01953125 0.5546875 0.0390625 0.0390625
0 0.0234375 0.5546875 0.0390625 0.0390625
0 0.50390625 0.5546875 0.0390625 0.0390625
0 0.5078125 0.5546875 0.0390625 0.0390625
0 0.4453125 0.5703125 0.0390625 0.0390625
0 0.7890625 0.57421875 0.0390625 0.0390625
0 0.28515625 0.62109375 0.0390625 0.0390625
0 0.24609375 0.6328125 0.0390625 0.0390625
0 0.24609375 0.63671875 0.0390625 0.0390625
0 0.19921875 0.6484375 0.0390625 0.0390625
0 0.203125 0.6484375 0.0390625 0.0390625
0 0.19921875 0.65234375 0.0390625 0.0390625
0 0.203125 0.65234375 0.0390625 0.0390625
0 0.875 0.9140625 0.0390625 0.0390625
0 0.89453125 0.98046875 0.0390625 0.0390625
