0 0.625 0.06640625 0.0390625 0.0390625
0 0.578125 0.07421875 0.0390625 0.0390625
0 0.578125 0.078125 0.0390625 0.0390625
0 0.53125 0.09375 0.0390625 0.0390625
0 0.53515625 0.09375 0.0390625 0.0390625
0 0.48828125 0.10546875 0.0390625 0.0390625
0 0.4453125 0.12109375 0.0390625 0.0390625
0 0.40234375 0.1328125 0.0390625 0.0390625
0 0.35546875 0.1484375 0.0390625 0.0390625
0 0.359375 0.1484375 0.0390625 0.0390625
0 0.26171875 0.18359375 0.0390625 0.0390625
0 0.265625 0.18359375 0.0390625 0.0390625
0 0.20703125 0.1953125 0.0390625 0.0390625
0 0.2109375 0.1953125 0.0390625 0.0390625
0 0.1171875 0.22265625 0.0390625 0.0390625
0 0.0625 0.23828125 0.0390625 0.0390625
0 0.0625 0.2421875 0.0390625 0.0390625
0 0.00390625 0.2578125 0.0390625 0.0390625
0 0.0078125 0.2578125 0.0390625 0.0390625
0 0.15625 0.265625 0.0390625 0.0390625
0 0.8671875 0.4921875 0.0390625 0.0390625
