0 0.24609375 0.03515625 0.0390625 0.0390625
0 0.24609375 0.0390625 0.0390625 0.0390625
0 0.265625 0.0859375 0.0390625 0.0390625
0 0.27734375 0.13671875 0.0390625 0.0390625
0 0.2890625 0.17578125 0.0390625 0.0390625
0 0.2890625 0.1796875 0.0390625 0.0390625
0 0.3046875 0.21484375 0.0390625 0.0390625
0 0.33984375 0.34375 0.0390625 0.0390625
0 0.00390625 0.36328125 0.0390625 0.0390625
0 0.00390625 0.3671875 0.0390625 0.0390625
0 0.3515625 0.390625 0.0390625 0.0390625
0 0.375 0.4453125 0.0390625 0.0390625
0 0.375 0.44921875 0.0390625 0.0390625
0 0.3828125 0.49609375 0.0390625 0.0390625
0 0.38671875 0.49609375 0.0390625 0.0390625
0 0.40625 0.5703125 0.0390625 0.0390625
0 0.07421875 0.58984375 0.0390625 0.0390625
0 0.02734375 0.60546875 0.0390625 0.0390625
0 0.421875 0.61328125 0.0390625 0.0390625
0 0.42578125 0.61328125 0.0390625 0.0390625
0 0.44140625 0.66796875 0.0390625 0.0390625
0 0.171875 0.671875 0.0390625 0.0390625
0 0.1328125 0.71484375 0.0390625 0.0390625
0 0.1328125 0.71875 0.0390625 0.0390625
0 0.453125 0.71875 0.0390625 0.0390625
0 0.05859375 0.73828125 0.0390625 0.0390625
0 0.08203125 0.8046875 0.0390625 0.0390625
0 0.0859375 0.8046875 0.0390625 0.0390625
0 0.08203125 0.80859375 0.0390625 0.0390625
0 0.0859375 0.80859375 0.0390625 0.0390625
0 0.0078125 0.82421875 0.0390625 0.0390625
0 0.13671875 0.88671875 0.0390625 0.0390625
0 0.08984375 0.93359375 0.0390625 0.0390625
0 0.09375 0.93359375 0.0390625 0.0390625
