0 0.95703125 0.08984375 0.0390625 0.0390625
0 0.9609375 0.08984375 0.0390625 0.0390625
0 0.25 0.140625 0.0390625 0.0390625
0 0.25 0.14453125 0.0390625 0.0390625
0 0.26171875 0.19140625 0.0390625 0.0390625
0 0.28125 0.25 0.0390625 0.0390625
0 0.49609375 0.26171875 0.0390625 0.0390625
0 0.67578125 0.27734375 0.0390625 0.0390625
0 0.71875 0.2890625 0.0390625 0.0390625
0 0.859375 0.2890625 0.0390625 0.0390625
0 0.68359375 0.296875 0.0390625 0.0390625
0 0.296875 0.30078125 0.0390625 0.0390625
0 0.68359375 0.30078125 0.0390625 0.0390625
0 0.7265625 0.30859375 0.0390625 0.0390625
0 0.73046875 0.30859375 0.0390625 0.0390625
0 0.87109375 0.3125 0.0390625 0.0390625
0 0.7421875 0.328125 0.0390625 0.0390625
0 0.875 0.33203125 0.0390625 0.0390625
0 0.875 0.3359375 0.0390625 0.0390625
0 0.3125 0.33984375 0.0390625 0.0390625
0 0.3125 0.34375 0.0390625 0.0390625
0 0.75 0.34765625 0.0390625 0.0390625
0 0.84375 0.3671875 0.0390625 0.0390625
0 0.75390625 0.37109375 0.0390625 0.0390625
0 0.84375 0.37109375 0.0390625 0.0390625
0 0.70703125 0.38671875 0.0390625 0.0390625
0 0.96484375 0.38671875 0.0390625 0.0390625
0 0.96484375 0.390625 0.0390625 0.0390625
0 0.75390625 0.39453125 0.0390625 0.0390625
0 0.3359375 0.42578125 0.0390625 0.0390625
0 0.3359375 0.4296875 0.0390625 0.0390625
0 0.9921875 0.4375 0.0390625 0.0390625
0 0.99609375 0.4375 0.0390625 0.0390625
0 0.6015625 0.44140625 0.0390625 0.0390625
0 0.94921875 0.44921875 0.0390625 0.0390625
0 0.953125 0.44921875 0.0390625 0.0390625
0 0.90625 0.46484375 0.0390625 0.0390625
0 0.85546875 0.48046875 0.0390625 0.0390625
0 0.1328125 0.49609375 0.0390625 0.0390625
0 0.8046875 0.49609375 0.0390625 0.0390625
0 0.11328125 0.5078125 0.0390625 0.0390625
0 0.7578125 0.5078125 0.0390625 0.0390625
0 0.11328125 0.51171875 0.0390625 0.0390625
0 0.7578125 0.51171875 0.0390625 0.0390625
0 0.12109375 0.58984375 0.0390625 0.0390625
0 0.12109375 0.59375 0.0390625 0.0390625
0 0.30078125 0.59375 0.0390625 0.0390625
0 0.10546875 0.6015625 0.0390625 0.0390625
0 0.26171875 0.6015625 0.0390625 0.0390625
0 0.0859375 0.60546875 0.0390625 0.0390625
0 0.21484375 0.61328125 0.0390625 0.0390625
0 0.21484375 0.6171875 0.0390625 0.0390625
0 0.17578125 0.62890625 0.0390625 0.0390625
0 0.6015625 0.6328125 0.0390625 0.0390625
0 0.63671875 0.6640625 0.0390625 0.0390625
0 0.00390625 0.6796875 0.0390625 0.0390625
0 0.98046875 0.71484375 0.0390625 0.0390625
0 0.43359375 0.74609375 0.0390625 0.0390625
0 0.4375 0.74609375 0.0390625 0.0390625
0 0.9375 0.76171875 0.0390625 0.0390625
0 0.8984375 0.7890625 0.0390625 0.0390625
0 0.90234375 0.7890625 0.0390625 0.0390625
0 0.859375 0.8046875 0.0390625 0.0390625
0 0.4765625 0.8671875 0.0390625 0.0390625
0 0.484375 0.9140625 0.0390625 0.0390625
0 0.484375 0.91796875 0.0390625 0.0390625
0 0.91796875 0.921875 0.0390625 0.0390625
