0 0.02734375 0.109375 0.0390625 0.0390625
0 0.07421875 0.265625 0.0390625 0.0390625
0 0.01953125 0.3046875 0.0390625 0.0390625
0 0.01953125 0.30859375 0.0390625 0.0390625
0 0.0546875 0.3203125 0.0390625 0.0390625
0 0.0390625 0.359375 0.0390625 0.0390625
0 0.0703125 0.45703125 0.0390625 0.0390625
0 0.1328125 0.4765625 0.0390625 0.0390625
0 0.13671875 0.4765625 0.0390625 0.0390625
0 0.08203125 0.49609375 0.0390625 0.0390625
0 0.08203125 0.5 0.0390625 0.0390625
0 0.09375 0.53515625 0.0390625 0.0390625
0 0.109375 0.578125 0.0390625 0.0390625
0 0.14453125 0.58203125 0.0390625 0.0390625
0 0.1171875 0.61328125 0.0390625 0.0390625
0 0.1328125 0.65625 0.0390625 0.0390625
0 0.95703125 0.6953125 0.0390625 0.0390625
0 0.14453125 0.703125 0.0390625 0.0390625
0 0.1484375 0.703125 0.0390625 0.0390625
0 0.14453125 0.70703125 0.0390625 0.0390625
0 0.1484375 0.70703125 0.0390625 0.0390625
0 0.18359375 0.70703125 0.0390625 0.0390625
0 0.91015625 0.7109375 0.0390625 0.0390625
0 0.8671875 0.71875 0.0390625 0.0390625
0 0.87109375 0.71875 0.0390625 0.0390625
0 0.8671875 0.72265625 0.0390625 0.0390625
0 0.87109375 0.72265625 0.0390625 0.0390625
0 0.78515625 0.75390625 0.0390625 0.0390625
0 0.16015625 0.7578125 0.0390625 0.0390625
0 0.7265625 0.765625 0.0390625 0.0390625
0 0.73046875 0.765625 0.0390625 0.0390625
0 0.6796875 0.77734375 0.0390625 0.0390625
0 0.68359375 0.77734375 0.0390625 0.0390625
0 0.6796875 0.78125 0.0390625 0.0390625
0 0.68359375 0.78125 0.0390625 0.0390625
0 0.2734375 0.79296875 0.0390625 0.0390625
0 0.27734375 0.79296875 0.0390625 0.0390625
0 0.6328125 0.79296875 0.0390625 0.0390625
0 0.63671875 0.79296875 0.0390625 0.0390625
0 0.1796875 0.80859375 0.0390625 0.0390625
0 0.5703125 0.8125 0.0390625 0.0390625
0 0.53125 0.828125 0.0390625 0.0390625
0 0.48046875 0.83984375 0.0390625 0.0390625
0 0.484375 0.83984375 0.0390625 0.0390625
0 0.43359375 0.85546875 0.0390625 0.0390625
0 0.43359375 0.859375 0.0390625 0.0390625
0 0.37890625 0.87109375 0.0390625 0.0390625
0 0.3828125 0.87109375 0.0390625 0.0390625
0 0.37890625 0.875 0.0390625 0.0390625
0 0.3828125 0.875 0.0390625 0.0390625
0 0.171875 0.98828125 0.0390625 0.0390625
0 0.171875 0.9921875 0.0390625 0.0390625
