0 0.42578125 0.2890625 0.0390625 0.0390625
0 0.265625 0.4375 0.0390625 0.0390625
0 0.26953125 0.4375 0.0390625 0.0390625
0 0.265625 0.44140625 0.0390625 0.0390625
0 0.26953125 0.44140625 0.0390625 0.0390625
0 0.4375 0.6484375 0.0390625 0.0390625
0 0.484375 0.76171875 0.0390625 0.0390625
0 0.2890625 0.8046875 0.0390625 0.0390625
0 0.50390625 0.81640625 0.0390625 0.0390625
0 0.2421875 0.8203125 0.0390625 0.0390625
0 0.22265625 0.82421875 0.0390625 0.0390625
0 0.51953125 0.86328125 0.0390625 0.0390625
0 0.0625 0.87890625 0.0390625 0.0390625
0 0.06640625 0.87890625 0.0390625 0.0390625
0 0.08984375 0.87890625 0.0390625 0.0390625
0 0.09375 0.87890625 0.0390625 0.0390625
0 0.29296875 0.890625 0.0390625 0.0390625
0 0.3125 0.890625 0.0390625 0.0390625
0 0.31640625 0.890625 0.0390625 0.0390625
0 0.29296875 0.89453125 0.0390625 0.0390625
0 0.26171875 0.90625 0.0390625 0.0390625
0 0.26171875 0.91015625 0.0390625 0.0390625
0 0.23828125 0.9140625 0.0390625 0.0390625
0 0.21484375 0.921875 0.0390625 0.0390625
0 0.33203125 0.92578125 0.0390625 0.0390625
0 0.54296875 0.92578125 0.0390625 0.0390625
0 0.1953125 0.9296875 0.0390625 0.0390625
0 0.19921875 0.9296875 0.0390625 0.0390625
0 0.33203125 0.9296875 0.0390625 0.0390625
0 0.1796875 0.93359375 0.0390625 0.0390625
0 0.3125 0.93359375 0.0390625 0.0390625
0 0.2890625 0.9453125 0.0390625 0.0390625
0 0.1328125 0.94921875 0.0390625 0.0390625
0 0.13671875 0.94921875 0.0390625 0.0390625
0 0.2734375 0.94921875 0.0390625 0.0390625
0 0.11328125 0.953125 0.0390625 0.0390625
0 0.1171875 0.953125 0.0390625 0.0390625
0 0.2734375 0.953125 0.0390625 0.0390625
0 0.11328125 0.95703125 0.0390625 0.0390625
0 0.1171875 0.95703125 0.0390625 0.0390625
0 0.25390625 0.95703125 0.0390625 0.0390625
0 0.23046875 0.9609375 0.0390625 0.0390625
0 0.07421875 0.96484375 0.0390625 0.0390625
0 0.2109375 0.96484375 0.0390625 0.0390625
0 0.07421875 0.96875 0.0390625 0.0390625
0 0.19140625 0.97265625 0.0390625 0.0390625
0 0.1953125 0.97265625 0.0390625 0.0390625
0 0.56640625 0.97265625 0.0390625 0.0390625
0 0.171875 0.9765625 0.0390625 0.0390625
0 0.56640625 0.9765625 0.0390625 0.0390625
0 0.05859375 0.98046875 0.0390625 0.0390625
0 0.171875 0.98046875 0.0390625 0.0390625
0 0.015625 0.984375 0.0390625 0.0390625
0 0.12890625 0.9921875 0.0390625 0.0390625
0 0.15234375 0.9921875 0.0390625 0.0390625
