0 0.21484375 0.0078125 0.0390625 0.0390625
0 0.421875 0.10546875 0.0390625 0.0390625
0 0.4921875 0.1640625 0.0390625 0.0390625
0 0.59375 0.19921875 0.0390625 0.0390625
0 0.94921875 0.21484375 0.0390625 0.0390625
0 0.58984375 0.2265625 0.0390625 0.0390625
0 0.59375 0.2265625 0.0390625 0.0390625
0 0.58984375 0.23046875 0.0390625 0.0390625
0 0.59375 0.23046875 0.0390625 0.0390625
0 0.44921875 0.26171875 0.0390625 0.0390625
0 0.44921875 0.265625 0.0390625 0.0390625
0 0.4296875 0.2734375 0.0390625 0.0390625
0 0.4296875 0.27734375 0.0390625 0.0390625
0 0.3828125 0.28125 0.0390625 0.0390625
0 0.3828125 0.28515625 0.0390625 0.0390625
0 0.62109375 0.28515625 0.0390625 0.0390625
0 0.92578125 0.2890625 0.0390625 0.0390625
0 0.3203125 0.34375 0.0390625 0.0390625
0 0.234375 0.3828125 0.0390625 0.0390625
0 0.97265625 0.44921875 0.0390625 0.0390625
0 0.03125 0.4765625 0.0390625 0.0390625
0 0.01171875 0.48046875 0.0390625 0.0390625
0 0.37109375 0.5078125 0.0390625 0.0390625
0 0.99609375 0.5234375 0.0390625 0.0390625
0 0.0234375 0.52734375 0.0390625 0.0390625
0 0.0 0.53515625 0.0390625 0.0390625
0 0.1171875 0.546875 0.0390625 0.0390625
0 0.12109375 0.546875 0.0390625 0.0390625
0 0.125 0.5703125 0.0390625 0.0390625
0 0.39453125 0.578125 0.0390625 0.0390625
0 0.2890625 0.58984375 0.0390625 0.0390625
0 0.140625 0.609375 0.0390625 0.0390625
0 0.29296875 0.61328125 0.0390625 0.0390625
0 0.40625 0.6171875 0.0390625 0.0390625
0 0.1953125 0.63671875 0.0390625 0.0390625
0 0.03125 0.66796875 0.0390625 0.0390625
0 0.421875 0.66796875 0.0390625 0.0390625
0 0.03125 0.671875 0.0390625 0.0390625
0 0.0078125 0.6796875 0.0390625 0.0390625
0 0.4375 0.71484375 0.0390625 0.0390625
0 0.7890625 0.73046875 0.0390625 0.0390625
0 0.79296875 0.73046875 0.0390625 0.0390625
0 0.234375 0.734375 0.0390625 0.0390625
0 0.23828125 0.734375 0.0390625 0.0390625
0 0.7890625 0.734375 0.0390625 0.0390625
0 0.79296875 0.734375 0.0390625 0.0390625
0 0.33984375 0.74609375 0.0390625 0.0390625
0 0.7265625 0.765625 0.0390625 0.0390625
0 0.23828125 0.77734375 0.0390625 0.0390625
0 0.3515625 0.7890625 0.0390625 0.0390625
0 0.25 0.81640625 0.0390625 0.0390625
0 0.25390625 0.81640625 0.0390625 0.0390625
0 0.50390625 0.8515625 0.0390625 0.0390625
0 0.2578125 0.92578125 0.0390625 0.0390625
0 0.26171875 0.92578125 0.0390625 0.0390625
0 0.2578125 0.9296875 0.0390625 0.0390625
0 0.26171875 0.9296875 0.0390625 0.0390625
0 0.2578125 0.9921875 0.0390625 0.0390625
