0 0.62890625 0.0078125 0.0390625 0.0390625
0 0.87109375 0.015625 0.0390625 0.0390625
0 0.3125 0.02734375 0.0390625 0.0390625
0 0.91015625 0.0390625 0.0390625 0.0390625
0 0.8671875 0.05078125 0.0390625 0.0390625
0 0.9140625 0.0546875 0.0390625 0.0390625
0 0.9140625 0.05859375 0.0390625 0.0390625
0 0.328125 0.078125 0.0390625 0.0390625
0 0.33984375 0.125 0.0390625 0.0390625
0 0.34375 0.125 0.0390625 0.0390625
0 0.984375 0.14453125 0.0390625 0.0390625
0 0.98828125 0.14453125 0.0390625 0.0390625
0 0.35546875 0.1640625 0.0390625 0.0390625
0 0.375 0.22265625 0.0390625 0.0390625
0 0.375 0.2265625 0.0390625 0.0390625
0 0.046875 0.2421875 0.0390625 0.0390625
0 0.05078125 0.2421875 0.0390625 0.0390625
0 0.046875 0.24609375 0.0390625 0.0390625
0 0.05078125 0.24609375 0.0390625 0.0390625
0 0.00390625 0.2578125 0.0390625 0.0390625
0 0.05859375 0.28125 0.0390625 0.0390625
0 0.0625 0.28125 0.0390625 0.0390625
0 0.38671875 0.28125 0.0390625 0.0390625
0 0.93359375 0.30078125 0.0390625 0.0390625
0 0.046875 0.30859375 0.0390625 0.0390625
0 0.40234375 0.328125 0.0390625 0.0390625
0 0.40625 0.328125 0.0390625 0.0390625
0 0.98046875 0.37109375 0.0390625 0.0390625
0 0.9609375 0.375 0.0390625 0.0390625
0 0.421875 0.390625 0.0390625 0.0390625
0 0.44140625 0.4453125 0.0390625 0.0390625
0 0.44140625 0.44921875 0.0390625 0.0390625
0 0.453125 0.5 0.0390625 0.0390625
0 0.47265625 0.5546875 0.0390625 0.0390625
0 0.484375 0.59765625 0.0390625 0.0390625
0 0.49609375 0.6328125 0.0390625 0.0390625
0 0.51171875 0.68359375 0.0390625 0.0390625
0 0.5234375 0.72265625 0.0390625 0.0390625
0 0.53125 0.7578125 0.0390625 0.0390625
0 0.53125 0.76171875 0.0390625 0.0390625
0 0.55078125 0.81640625 0.0390625 0.0390625
0 0.984375 0.8359375 0.0390625 0.0390625
0 0.9609375 0.83984375 0.0390625 0.0390625
0 0.9609375 0.84375 0.0390625 0.0390625
0 0.5625 0.859375 0.0390625 0.0390625
0 0.8984375 0.86328125 0.0390625 0.0390625
0 0.8984375 0.8671875 0.0390625 0.0390625
0 0.578125 0.9140625 0.0390625 0.0390625
0 0.578125 0.91796875 0.0390625 0.0390625
0 0.98828125 0.94921875 0.0390625 0.0390625
0 0.9921875 0.94921875 0.0390625 0.0390625
0 0.59375 0.953125 0.0390625 0.0390625
0 0.98828125 0.953125 0.0390625 0.0390625
0 0.9921875 0.953125 0.0390625 0.0390625
0 0.9609375 0.95703125 0.0390625 0.0390625
0 0.96484375 0.95703125 0.0390625 0.0390625
0 0.90234375 0.96484375 0.0390625 0.0390625
0 0.50390625 0.96875 0.0390625 0.0390625
0 0.94921875 0.96875 0.0390625 0.0390625
0 0.8515625 0.9921875 0.0390625 0.0390625
