0 0.23046875 0.07421875 0.0390625 0.0390625
0 0.26953125 0.1875 0.0390625 0.0390625
0 0.4453125 0.23828125 0.0390625 0.0390625
0 0.4453125 0.2578125 0.0390625 0.0390625
0 0.4453125 0.26171875 0.0390625 0.0390625
0 0.45703125 0.27734375 0.0390625 0.0390625
0 0.45703125 0.28125 0.0390625 0.0390625
0 0.45703125 0.296875 0.0390625 0.0390625
0 0.33203125 0.3046875 0.0390625 0.0390625
0 0.44140625 0.33203125 0.0390625 0.0390625
0 0.38671875 0.3984375 0.0390625 0.0390625
0 0.38671875 0.40234375 0.0390625 0.0390625
0 0.390625 0.41796875 0.0390625 0.0390625
0 0.3984375 0.4375 0.0390625 0.0390625
0 0.0234375 0.45703125 0.0390625 0.0390625
0 0.02734375 0.45703125 0.0390625 0.0390625
0 0.0390625 0.5 0.0390625 0.0390625
0 0.04296875 0.5 0.0390625 0.0390625
0 0.4375 0.5 0.0390625 0.0390625
0 0.4609375 0.60546875 0.0390625 0.0390625
0 0.4609375 0.609375 0.0390625 0.0390625
0 0.1953125 0.6171875 0.0390625 0.0390625
0 0.4375 0.6171875 0.0390625 0.0390625
0 0.44140625 0.6171875 0.0390625 0.0390625
0 0.3984375 0.625 0.0390625 0.0390625
0 0.37890625 0.62890625 0.0390625 0.0390625
0 0.3828125 0.62890625 0.0390625 0.0390625
0 0.0 0.67578125 0.0390625 0.0390625
0 0.00390625 0.67578125 0.0390625 0.0390625
0 0.0390625 0.68359375 0.0390625 0.0390625
0 0.04296875 0.68359375 0.0390625 0.0390625
0 0.015625 0.72265625 0.0390625 0.0390625
0 0.01953125 0.72265625 0.0390625 0.0390625
0 0.109375 0.73828125 0.0390625 0.0390625
0 0.11328125 0.73828125 0.0390625 0.0390625
0 0.78515625 0.74609375 0.0390625 0.0390625
0 0.84765625 0.75390625 0.0390625 0.0390625
0 0.03515625 0.7734375 0.0390625 0.0390625
0 0.10546875 0.77734375 0.0390625 0.0390625
0 0.125 0.78125 0.0390625 0.0390625
0 0.4765625 0.78125 0.0390625 0.0390625
0 0.796875 0.78125 0.0390625 0.0390625
0 0.4765625 0.78515625 0.0390625 0.0390625
0 0.796875 0.78515625 0.0390625 0.0390625
0 0.484375 0.796875 0.0390625 0.0390625
0 0.484375 0.80078125 0.0390625 0.0390625
0 0.84375 0.8125 0.0390625 0.0390625
0 0.50390625 0.81640625 0.0390625 0.0390625
0 0.85546875 0.83984375 0.0390625 0.0390625
0 0.515625 0.84765625 0.0390625 0.0390625
0 0.76953125 0.859375 0.0390625 0.0390625
0 0.15625 0.87890625 0.0390625 0.0390625
0 0.15625 0.8828125 0.0390625 0.0390625
0 0.12890625 0.8984375 0.0390625 0.0390625
0 0.1328125 0.8984375 0.0390625 0.0390625
0 0.12890625 0.90234375 0.0390625 0.0390625
0 0.1328125 0.90234375 0.0390625 0.0390625
0 0.84765625 0.92578125 0.0390625 0.0390625
0 0.84765625 0.9296875 0.0390625 0.0390625
0 0.0234375 0.9375 0.0390625 0.0390625
0 0.171875 0.9375 0.0390625 0.0390625
0 0.171875 0.94140625 0.0390625 0.0390625
0 0.85546875 0.9453125 0.0390625 0.0390625
0 0.85546875 0.94921875 0.0390625 0.0390625
0 0.1875 0.9765625 0.0390625 0.0390625
0 0.1875 0.98046875 0.0390625 0.0390625
