0 0.98828125 0.77734375 0.0390625 0.0390625
0 0.5859375 0.81640625 0.0390625 0.0390625
0 0.79296875 0.81640625 0.0390625 0.0390625
0 0.796875 0.81640625 0.0390625 0.0390625
0 0.9921875 0.81640625 0.0390625 0.0390625
0 0.5859375 0.8203125 0.0390625 0.0390625
0 0.79296875 0.8203125 0.0390625 0.0390625
0 0.796875 0.8203125 0.0390625 0.0390625
0 0.55078125 0.828125 0.0390625 0.0390625
0 0.91015625 0.83984375 0.0390625 0.0390625
0 0.9140625 0.83984375 0.0390625 0.0390625
0 0.8671875 0.8515625 0.0390625 0.0390625
0 0.6875 0.86328125 0.0390625 0.0390625
0 0.46875 0.96875 0.0390625 0.0390625
0 0.46875 0.97265625 0.0390625 0.0390625
0 0.42578125 0.98828125 0.0390625 0.0390625
