0 0.59765625 0.09765625 0.0390625 0.0390625
0 0.6015625 0.09765625 0.0390625 0.0390625
0 0.9140625 0.17578125 0.0390625 0.0390625
0 0.98046875 0.19140625 0.0390625 0.0390625
0 0.984375 0.19140625 0.0390625 0.0390625
0 0.9140625 0.2109375 0.0390625 0.0390625
0 0.875 0.2265625 0.0390625 0.0390625
0 0.82421875 0.2421875 0.0390625 0.0390625
0 0.78125 0.2578125 0.0390625 0.0390625
0 0.72265625 0.26953125 0.0390625 0.0390625
0 0.59375 0.27734375 0.0390625 0.0390625
0 0.59375 0.28125 0.0390625 0.0390625
0 0.671875 0.28515625 0.0390625 0.0390625
0 0.6015625 0.3046875 0.0390625 0.0390625
0 0.6015625 0.30859375 0.0390625 0.0390625
0 0.55859375 0.31640625 0.0390625 0.0390625
0 0.51171875 0.3359375 0.0390625 0.0390625
0 0.2265625 0.42578125 0.0390625 0.0390625
0 0.18359375 0.44140625 0.0390625 0.0390625
0 0.13671875 0.45703125 0.0390625 0.0390625
0 0.0859375 0.46875 0.0390625 0.0390625
0 0.04296875 0.4765625 0.0390625 0.0390625
0 0.04296875 0.48046875 0.0390625 0.0390625
0 0.49609375 0.65234375 0.0390625 0.0390625
0 0.49609375 0.65625 0.0390625 0.0390625
0 0.34765625 0.66015625 0.0390625 0.0390625
0 0.3984375 0.66015625 0.0390625 0.0390625
0 0.40234375 0.66015625 0.0390625 0.0390625
0 0.18359375 0.703125 0.0390625 0.0390625
0 0.1640625 0.71875 0.0390625 0.0390625
0 0.0859375 0.75 0.0390625 0.0390625
