0 0.39453125 0.0 0.0390625 0.0390625
0 0.3984375 0.0 0.0390625 0.0390625
0 0.39453125 0.00390625 0.0390625 0.0390625
0 0.3984375 0.00390625 0.0390625 0.0390625
0 0.51171875 0.0078125 0.0390625 0.0390625
0 0.91015625 0.015625 0.0390625 0.0390625
0 0.40234375 0.0234375 0.0390625 0.0390625
0 0.51171875 0.03125 0.0390625 0.0390625
0 0.28125 0.04296875 0.0390625 0.0390625
0 0.40625 0.046875 0.0390625 0.0390625
0 0.41015625 0.046875 0.0390625 0.0390625
0 0.40625 0.05078125 0.0390625 0.0390625
0 0.41015625 0.05078125 0.0390625 0.0390625
0 0.53515625 0.0703125 0.0390625 0.0390625
0 0.41796875 0.07421875 0.0390625 0.0390625
0 0.421875 0.07421875 0.0390625 0.0390625
0 0.5390625 0.09375 0.0390625 0.0390625
0 0.62109375 0.09375 0.0390625 0.0390625
0 0.625 0.09375 0.0390625 0.0390625
0 0.62109375 0.09765625 0.0390625 0.0390625
0 0.625 0.09765625 0.0390625 0.0390625
0 0.4296875 0.1015625 0.0390625 0.0390625
0 0.43359375 0.12109375 0.0390625 0.0390625
0 0.8984375 0.1328125 0.0390625 0.0390625
0 0.546875 0.13671875 0.0390625 0.0390625
0 0.921875 0.1484375 0.0390625 0.0390625
0 0.3203125 0.16015625 0.0390625 0.0390625
0 0.4375 0.1640625 0.0390625 0.0390625
0 0.94140625 0.16796875 0.0390625 0.0390625
0 0.55859375 0.1796875 0.0390625 0.0390625
0 0.96484375 0.1796875 0.0390625 0.0390625
0 0.32421875 0.18359375 0.0390625 0.0390625
0 0.328125 0.18359375 0.0390625 0.0390625
0 0.5625 0.19921875 0.0390625 0.0390625
0 0.453125 0.203125 0.0390625 0.0390625
0 0.5625 0.203125 0.0390625 0.0390625
0 0.9921875 0.203125 0.0390625 0.0390625
0 0.5703125 0.22265625 0.0390625 0.0390625
0 0.453125 0.2265625 0.0390625 0.0390625
0 0.34765625 0.23046875 0.0390625 0.0390625
0 0.39453125 0.40625 0.0390625 0.0390625
0 0.3984375 0.40625 0.0390625 0.0390625
0 0.59375 0.45703125 0.0390625 0.0390625
0 0.57421875 0.46484375 0.0390625 0.0390625
0 0.11328125 0.77734375 0.0390625 0.0390625
0 0.125 0.8125 0.0390625 0.0390625
0 0.12890625 0.8125 0.0390625 0.0390625
0 0.140625 0.86328125 0.0390625 0.0390625
0 0.14453125 0.86328125 0.0390625 0.0390625
0 0.15625 0.90234375 0.0390625 0.0390625
0 0.1640625 0.9453125 0.0390625 0.0390625
0 0.16796875 0.9453125 0.0390625 0.0390625
0 0.18359375 0.99609375 0.0390625 0.0390625
