0 0.578125 0.02734375 0.0390625 0.0390625
0 0.984375 0.05078125 0.0390625 0.0390625
0 0.59375 0.08203125 0.0390625 0.0390625
0 0.59765625 0.08203125 0.0390625 0.0390625
0 0.98046875 0.0859375 0.0390625 0.0390625
0 0.02734375 0.17578125 0.0390625 0.0390625
0 0.02734375 0.1796875 0.0390625 0.0390625
0 0.53125 0.1796875 0.0390625 0.0390625
0 0.5546875 0.25390625 0.0390625 0.0390625
0 0.59375 0.30078125 0.0390625 0.0390625
0 0.59765625 0.30078125 0.0390625 0.0390625
0 0.5703125 0.3125 0.0390625 0.0390625
0 0.5703125 0.31640625 0.0390625 0.0390625
0 0.96484375 0.32421875 0.0390625 0.0390625
0 0.6796875 0.3515625 0.0390625 0.0390625
0 0.9765625 0.3515625 0.0390625 0.0390625
0 0.58203125 0.359375 0.0390625 0.0390625
0 0.5859375 0.359375 0.0390625 0.0390625
0 0.98046875 0.37109375 0.0390625 0.0390625
0 0.65625 0.375 0.0390625 0.0390625
0 0.6953125 0.390625 0.0390625 0.0390625
0 0.98046875 0.39453125 0.0390625 0.0390625
0 0.984375 0.39453125 0.0390625 0.0390625
0 0.6328125 0.42578125 0.0390625 0.0390625
0 0.703125 0.4375 0.0390625 0.0390625
0 0.29296875 0.4765625 0.0390625 0.0390625
0 0.29296875 0.48046875 0.0390625 0.0390625
0 0.3125 0.5234375 0.0390625 0.0390625
0 0.3125 0.52734375 0.0390625 0.0390625
0 0.703125 0.52734375 0.0390625 0.0390625
0 0.703125 0.53125 0.0390625 0.0390625
0 0.328125 0.546875 0.0390625 0.0390625
0 0.67578125 0.55078125 0.0390625 0.0390625
0 0.67578125 0.5546875 0.0390625 0.0390625
0 0.3515625 0.609375 0.0390625 0.0390625
0 0.7421875 0.6484375 0.0390625 0.0390625
0 0.71484375 0.6875 0.0390625 0.0390625
0 0.76171875 0.82421875 0.0390625 0.0390625
0 0.39453125 0.87890625 0.0390625 0.0390625
0 0.3984375 0.87890625 0.0390625 0.0390625
0 0.37109375 0.8828125 0.0390625 0.0390625
0 0.39453125 0.8828125 0.0390625 0.0390625
0 0.3984375 0.8828125 0.0390625 0.0390625
0 0.828125 0.8984375 0.0390625 0.0390625
0 0.76953125 0.94140625 0.0390625 0.0390625
0 0.6328125 0.9609375 0.0390625 0.0390625
0 0.6328125 0.96484375 0.0390625 0.0390625
0 0.92578125 0.96484375 0.0390625 0.0390625
0 0.63671875 0.98828125 0.0390625 0.0390625
0 0.84375 0.99609375 0.0390625 0.0390625
