0 0.99609375 0.5 0.0390625 0.0390625
0 0.8125 0.51171875 0.0390625 0.0390625
0 0.953125 0.51171875 0.0390625 0.0390625
0 0.8125 0.515625 0.0390625 0.0390625
0 0.9140625 0.52734375 0.0390625 0.0390625
0 0.85546875 0.54296875 0.0390625 0.0390625
0 0.80859375 0.5546875 0.0390625 0.0390625
0 0.80859375 0.55859375 0.0390625 0.0390625
0 0.7578125 0.5703125 0.0390625 0.0390625
0 0.703125 0.58984375 0.0390625 0.0390625
0 0.70703125 0.58984375 0.0390625 0.0390625
0 0.66015625 0.59765625 0.0390625 0.0390625
0 0.6640625 0.59765625 0.0390625 0.0390625
0 0.3671875 0.69140625 0.0390625 0.0390625
0 0.37109375 0.69140625 0.0390625 0.0390625
0 0.3671875 0.6953125 0.0390625 0.0390625
0 0.37109375 0.6953125 0.0390625 0.0390625
0 0.30078125 0.71484375 0.0390625 0.0390625
0 0.2578125 0.7265625 0.0390625 0.0390625
0 0.26171875 0.7265625 0.0390625 0.0390625
0 0.59765625 0.73828125 0.0390625 0.0390625
0 0.6015625 0.73828125 0.0390625 0.0390625
0 0.21484375 0.7421875 0.0390625 0.0390625
0 0.59765625 0.7421875 0.0390625 0.0390625
0 0.6015625 0.7421875 0.0390625 0.0390625
0 0.16796875 0.7578125 0.0390625 0.0390625
0 0.1171875 0.76953125 0.0390625 0.0390625
0 0.1171875 0.7734375 0.0390625 0.0390625
0 0.07421875 0.78515625 0.0390625 0.0390625
0 0.078125 0.78515625 0.0390625 0.0390625
0 0.61328125 0.78515625 0.0390625 0.0390625
0 0.94921875 0.78515625 0.0390625 0.0390625
0 0.953125 0.78515625 0.0390625 0.0390625
0 0.94921875 0.7890625 0.0390625 0.0390625
0 0.953125 0.7890625 0.0390625 0.0390625
0 0.66796875 0.80859375 0.0390625 0.0390625
0 0.671875 0.80859375 0.0390625 0.0390625
0 0.66796875 0.8125 0.0390625 0.0390625
0 0.671875 0.8125 0.0390625 0.0390625
0 0.82421875 0.83984375 0.0390625 0.0390625
0 0.84375 0.83984375 0.0390625 0.0390625
0 0.01171875 0.85546875 0.0390625 0.0390625
0 0.63671875 0.86328125 0.0390625 0.0390625
0 0.63671875 0.8671875 0.0390625 0.0390625
0 0.65234375 0.90234375 0.0390625 0.0390625
0 0.67578125 0.9765625 0.0390625 0.0390625
