0 0.1015625 0.0625 0.0390625 0.0390625
0 0.10546875 0.0625 0.0390625 0.0390625
0 0.64453125 0.08203125 0.0390625 0.0390625
0 0.1171875 0.1015625 0.0390625 0.0390625
0 0.8828125 0.10546875 0.0390625 0.0390625
0 0.5234375 0.1171875 0.0390625 0.0390625
0 0.52734375 0.1171875 0.0390625 0.0390625
0 0.125 0.12109375 0.0390625 0.0390625
0 0.48046875 0.1328125 0.0390625 0.0390625
0 0.859375 0.13671875 0.0390625 0.0390625
0 0.86328125 0.13671875 0.0390625 0.0390625
0 0.125 0.14453125 0.0390625 0.0390625
0 0.12890625 0.14453125 0.0390625 0.0390625
0 0.13671875 0.1640625 0.0390625 0.0390625
0 0.140625 0.1640625 0.0390625 0.0390625
0 0.37109375 0.1640625 0.0390625 0.0390625
0 0.90234375 0.1640625 0.0390625 0.0390625
0 0.13671875 0.16796875 0.0390625 0.0390625
0 0.140625 0.16796875 0.0390625 0.0390625
0 0.37109375 0.16796875 0.0390625 0.0390625
0 0.3359375 0.17578125 0.0390625 0.0390625
0 0.3359375 0.1796875 0.0390625 0.0390625
0 0.2890625 0.19140625 0.0390625 0.0390625
0 0.29296875 0.19140625 0.0390625 0.0390625
0 0.24609375 0.20703125 0.0390625 0.0390625
0 0.56640625 0.2109375 0.0390625 0.0390625
0 0.51953125 0.22265625 0.0390625 0.0390625
0 0.16015625 0.23046875 0.0390625 0.0390625
0 0.46875 0.23828125 0.0390625 0.0390625
0 0.40234375 0.26171875 0.0390625 0.0390625
0 0.40625 0.26171875 0.0390625 0.0390625
0 0.3515625 0.27734375 0.0390625 0.0390625
0 0.9140625 0.29296875 0.0390625 0.0390625
0 0.9140625 0.296875 0.0390625 0.0390625
0 0.12109375 0.3125 0.0390625 0.0390625
0 0.125 0.3125 0.0390625 0.0390625
0 0.22265625 0.31640625 0.0390625 0.0390625
0 0.1796875 0.33203125 0.0390625 0.0390625
0 0.1015625 0.3515625 0.0390625 0.0390625
0 0.1015625 0.35546875 0.0390625 0.0390625
0 0.9140625 0.38671875 0.0390625 0.0390625
0 0.953125 0.40234375 0.0390625 0.0390625
0 0.9296875 0.4375 0.0390625 0.0390625
0 0.94921875 0.49609375 0.0390625 0.0390625
0 0.98828125 0.52734375 0.0390625 0.0390625
0 0.46484375 0.53125 0.0390625 0.0390625
0 0.9609375 0.53515625 0.0390625 0.0390625
0 0.9765625 0.5859375 0.0390625 0.0390625
0 0.98828125 0.62890625 0.0390625 0.0390625
0 0.015625 0.875 0.0390625 0.0390625
0 0.04296875 0.87890625 0.0390625 0.0390625
0 0.04296875 0.8828125 0.0390625 0.0390625
0 0.0078125 0.921875 0.0390625 0.0390625
0 0.02734375 0.921875 0.0390625 0.0390625
0 0.0078125 0.92578125 0.0390625 0.0390625
