0 0.93359375 0.0 0.0390625 0.0390625
0 0.46875 0.01171875 0.0390625 0.0390625
0 0.49609375 0.01171875 0.0390625 0.0390625
0 0.44921875 0.01953125 0.0390625 0.0390625
0 0.44921875 0.0234375 0.0390625 0.0390625
0 0.09765625 0.02734375 0.0390625 0.0390625
0 0.1015625 0.02734375 0.0390625 0.0390625
0 0.40234375 0.02734375 0.0390625 0.0390625
0 0.42578125 0.02734375 0.0390625 0.0390625
0 0.37890625 0.0390625 0.0390625 0.0390625
0 0.3828125 0.0390625 0.0390625 0.0390625
0 0.33984375 0.05078125 0.0390625 0.0390625
0 0.25 0.078125 0.0390625 0.0390625
0 0.01171875 0.1015625 0.0390625 0.0390625
0 0.01171875 0.10546875 0.0390625 0.0390625
0 0.5234375 0.125 0.0390625 0.0390625
0 0.48046875 0.13671875 0.0390625 0.0390625
0 0.70703125 0.1796875 0.0390625 0.0390625
0 0.70703125 0.2265625 0.0390625 0.0390625
0 0.70703125 0.23046875 0.0390625 0.0390625
0 0.28125 0.23828125 0.0390625 0.0390625
0 0.29296875 0.2578125 0.0390625 0.0390625
0 0.8359375 0.2578125 0.0390625 0.0390625
0 0.83984375 0.2578125 0.0390625 0.0390625
0 0.671875 0.2890625 0.0390625 0.0390625
0 0.65234375 0.296875 0.0390625 0.0390625
0 0.65234375 0.30078125 0.0390625 0.0390625
0 0.6328125 0.3046875 0.0390625 0.0390625
0 0.60546875 0.30859375 0.0390625 0.0390625
0 0.60546875 0.3125 0.0390625 0.0390625
0 0.58203125 0.31640625 0.0390625 0.0390625
0 0.85546875 0.31640625 0.0390625 0.0390625
0 0.23828125 0.328125 0.0390625 0.0390625
0 0.1875 0.33203125 0.0390625 0.0390625
0 0.49609375 0.34375 0.0390625 0.0390625
0 0.8671875 0.35546875 0.0390625 0.0390625
0 0.38671875 0.37890625 0.0390625 0.0390625
0 0.3203125 0.390625 0.0390625 0.0390625
0 0.32421875 0.390625 0.0390625 0.0390625
0 0.8984375 0.44921875 0.0390625 0.0390625
0 0.8984375 0.453125 0.0390625 0.0390625
0 0.2421875 0.48828125 0.0390625 0.0390625
0 0.25390625 0.51171875 0.0390625 0.0390625
0 0.9140625 0.51171875 0.0390625 0.0390625
0 0.94921875 0.51171875 0.0390625 0.0390625
0 0.25390625 0.515625 0.0390625 0.0390625
0 0.265625 0.5703125 0.0390625 0.0390625
0 0.93359375 0.5703125 0.0390625 0.0390625
0 0.2734375 0.59375 0.0390625 0.0390625
0 0.27734375 0.59375 0.0390625 0.0390625
0 0.9453125 0.609375 0.0390625 0.0390625
0 0.60546875 0.63671875 0.0390625 0.0390625
0 0.28125 0.64453125 0.0390625 0.0390625
0 0.05078125 0.6640625 0.0390625 0.0390625
0 0.0546875 0.6640625 0.0390625 0.0390625
0 0.02734375 0.671875 0.0390625 0.0390625
0 0.03125 0.671875 0.0390625 0.0390625
0 0.9609375 0.671875 0.0390625 0.0390625
0 0.9609375 0.67578125 0.0390625 0.0390625
0 0.01171875 0.6796875 0.0390625 0.0390625
0 0.9765625 0.71875 0.0390625 0.0390625
0 0.30859375 0.72265625 0.0390625 0.0390625
0 0.30859375 0.7265625 0.0390625 0.0390625
0 0.0625 0.76171875 0.0390625 0.0390625
0 0.08984375 0.76171875 0.0390625 0.0390625
0 0.9921875 0.7734375 0.0390625 0.0390625
0 0.015625 0.77734375 0.0390625 0.0390625
0 0.0390625 0.77734375 0.0390625 0.0390625
0 0.0 0.78125 0.0390625 0.0390625
