0 0.00390625 0.40234375 0.0390625 0.0390625
0 0.41015625 0.40234375 0.0390625 0.0390625
0 0.4140625 0.40234375 0.0390625 0.0390625
0 0.0390625 0.5234375 0.0390625 0.0390625
0 0.57421875 0.55859375 0.0390625 0.0390625
0 0.0546875 0.5859375 0.0390625 0.0390625
0 0.0703125 0.640625 0.0390625 0.0390625
0 0.07421875 0.640625 0.0390625 0.0390625
0 0.0859375 0.69921875 0.0390625 0.0390625
0 0.96484375 0.75 0.0390625 0.0390625
0 0.11328125 0.78125 0.0390625 0.0390625
0 0.01171875 0.82421875 0.0390625 0.0390625
0 0.53515625 0.82421875 0.0390625 0.0390625
0 0.01171875 0.828125 0.0390625 0.0390625
0 0.0234375 0.8671875 0.0390625 0.0390625
0 0.140625 0.8671875 0.0390625 0.0390625
0 0.0390625 0.9140625 0.0390625 0.0390625
0 0.05078125 0.9609375 0.0390625 0.0390625
0 0.53125 0.9609375 0.0390625 0.0390625
0 0.53515625 0.9609375 0.0390625 0.0390625
0 0.17578125 0.98046875 0.0390625 0.0390625
0 0.17578125 0.984375 0.0390625 0.0390625
