0 0.3828125 0.10546875 0.0390625 0.0390625
0 0.38671875 0.10546875 0.0390625 0.0390625
0 0.08984375 0.1171875 0.0390625 0.0390625
0 0.33203125 0.12109375 0.0390625 0.0390625
0 0.90234375 0.1328125 0.0390625 0.0390625
0 0.09375 0.13671875 0.0390625 0.0390625
0 0.90234375 0.13671875 0.0390625 0.0390625
0 0.0078125 0.1875 0.0390625 0.0390625
0 0.86328125 0.19921875 0.0390625 0.0390625
0 0.0078125 0.203125 0.0390625 0.0390625
0 0.01171875 0.203125 0.0390625 0.0390625
0 0.015625 0.22265625 0.0390625 0.0390625
0 0.05078125 0.3984375 0.0390625 0.0390625
0 0.7265625 0.3984375 0.0390625 0.0390625
0 0.73046875 0.421875 0.0390625 0.0390625
0 0.08203125 0.42578125 0.0390625 0.0390625
0 0.08984375 0.44921875 0.0390625 0.0390625
0 0.09375 0.44921875 0.0390625 0.0390625
0 0.08984375 0.453125 0.0390625 0.0390625
0 0.09375 0.453125 0.0390625 0.0390625
0 0.09375 0.47265625 0.0390625 0.0390625
0 0.09765625 0.47265625 0.0390625 0.0390625
0 0.09375 0.4765625 0.0390625 0.0390625
0 0.09765625 0.4765625 0.0390625 0.0390625
0 0.1796875 0.55859375 0.0390625 0.0390625
0 0.1796875 0.5625 0.0390625 0.0390625
0 0.18359375 0.578125 0.0390625 0.0390625
0 0.1875 0.578125 0.0390625 0.0390625
0 0.22265625 0.671875 0.0390625 0.0390625
0 0.2265625 0.671875 0.0390625 0.0390625
0 0.22265625 0.67578125 0.0390625 0.0390625
0 0.2265625 0.67578125 0.0390625 0.0390625
0 0.98828125 0.6875 0.0390625 0.0390625
0 0.98828125 0.69140625 0.0390625 0.0390625
0 0.97265625 0.69921875 0.0390625 0.0390625
0 0.69140625 0.703125 0.0390625 0.0390625
0 0.94921875 0.703125 0.0390625 0.0390625
0 0.90625 0.70703125 0.0390625 0.0390625
0 0.234375 0.7109375 0.0390625 0.0390625
0 0.23828125 0.7109375 0.0390625 0.0390625
0 0.9296875 0.7109375 0.0390625 0.0390625
0 0.234375 0.71484375 0.0390625 0.0390625
0 0.23828125 0.71484375 0.0390625 0.0390625
0 0.88671875 0.71484375 0.0390625 0.0390625
0 0.8671875 0.73046875 0.0390625 0.0390625
0 0.87109375 0.73046875 0.0390625 0.0390625
0 0.82421875 0.734375 0.0390625 0.0390625
0 0.8515625 0.734375 0.0390625 0.0390625
0 0.9765625 0.78515625 0.0390625 0.0390625
0 0.9375 0.80078125 0.0390625 0.0390625
0 0.94140625 0.80078125 0.0390625 0.0390625
0 0.95703125 0.80078125 0.0390625 0.0390625
0 0.9375 0.8046875 0.0390625 0.0390625
0 0.94140625 0.8046875 0.0390625 0.0390625
0 0.9140625 0.8125 0.0390625 0.0390625
0 0.91796875 0.8125 0.0390625 0.0390625
0 0.89453125 0.8203125 0.0390625 0.0390625
0 0.87890625 0.82421875 0.0390625 0.0390625
0 0.85546875 0.828125 0.0390625 0.0390625
0 0.87890625 0.828125 0.0390625 0.0390625
0 0.85546875 0.83203125 0.0390625 0.0390625
0 0.6171875 0.9765625 0.0390625 0.0390625
0 0.62109375 0.9765625 0.0390625 0.0390625
0 0.5703125 0.98828125 0.0390625 0.0390625
0 0.57421875 0.98828125 0.0390625 0.0390625
