0 0.6065573770491803 0.0078125 0.08196721311475409 0.0390625
0 0.6065573770491803 0.01171875 0.08196721311475409 0.0390625
0 0.6311475409836066 0.03515625 0.08196721311475409 0.0390625
0 0.39344262295081966 0.046875 0.08196721311475409 0.0390625
0 0.6475409836065574 0.0546875 0.08196721311475409 0.0390625
0 0.4098360655737705 0.0703125 0.08196721311475409 0.0390625
0 0.4098360655737705 0.07421875 0.08196721311475409 0.0390625
0 0.6639344262295082 0.07421875 0.08196721311475409 0.0390625
0 0.4180327868852459 0.08984375 0.08196721311475409 0.0390625
0 0.45081967213114754 0.109375 0.08196721311475409 0.0390625
0 0.45901639344262296 0.12890625 0.08196721311475409 0.0390625
0 0.4672131147540984 0.12890625 0.08196721311475409 0.0390625
0 0.48360655737704916 0.15234375 0.08196721311475409 0.0390625
0 0.4918032786885246 0.17578125 0.08196721311475409 0.0390625
0 0.5 0.17578125 0.08196721311475409 0.0390625
0 0.4918032786885246 0.1796875 0.08196721311475409 0.0390625
0 0.5 0.1796875 0.08196721311475409 0.0390625
0 0.30327868852459017 0.3125 0.08196721311475409 0.0390625
0 0.9754098360655737 0.4921875 0.08196721311475409 0.0390625
