0 0.08203125 0.01171875 0.0390625 0.0390625
0 0.82421875 0.04296875 0.0390625 0.0390625
0 0.88671875 0.0546875 0.0390625 0.0390625
0 0.83984375 0.08203125 0.0390625 0.0390625
0 0.3671875 0.1328125 0.0390625 0.0390625
0 0.2421875 0.140625 0.0390625 0.0390625
0 0.85546875 0.14453125 0.0390625 0.0390625
0 0.25 0.17578125 0.0390625 0.0390625
0 0.8671875 0.17578125 0.0390625 0.0390625
0 0.16796875 0.1953125 0.0390625 0.0390625
0 0.16796875 0.19921875 0.0390625 0.0390625
0 0.875 0.21484375 0.0390625 0.0390625
0 0.19921875 0.234375 0.0390625 0.0390625
0 0.203125 0.234375 0.0390625 0.0390625
0 0.1796875 0.23828125 0.0390625 0.0390625
0 0.8203125 0.28125 0.0390625 0.0390625
0 0.82421875 0.28125 0.0390625 0.0390625
0 0.91015625 0.3125 0.0390625 0.0390625
0 0.3671875 0.31640625 0.0390625 0.0390625
0 0.91796875 0.359375 0.0390625 0.0390625
0 0.61328125 0.78125 0.0390625 0.0390625
0 0.65234375 0.9140625 0.0390625 0.0390625
