0 0.62109375 0.05859375 0.0390625 0.0390625
0 0.625 0.05859375 0.0390625 0.0390625
0 0.015625 0.0625 0.0390625 0.0390625
0 0.015625 0.06640625 0.0390625 0.0390625
0 0.015625 0.08984375 0.0390625 0.0390625
0 0.015625 0.09375 0.0390625 0.0390625
0 0.296875 0.10546875 0.0390625 0.0390625
0 0.0078125 0.15625 0.0390625 0.0390625
0 0.046875 0.16796875 0.0390625 0.0390625
0 0.046875 0.171875 0.0390625 0.0390625
0 0.15625 0.1875 0.0390625 0.0390625
0 0.66796875 0.19921875 0.0390625 0.0390625
0 0.67578125 0.24609375 0.0390625 0.0390625
0 0.125 0.2578125 0.0390625 0.0390625
0 0.15234375 0.265625 0.0390625 0.0390625
0 0.15234375 0.26953125 0.0390625 0.0390625
0 0.1796875 0.26953125 0.0390625 0.0390625
0 0.0546875 0.28515625 0.0390625 0.0390625
0 0.03515625 0.29296875 0.0390625 0.0390625
0 0.08203125 0.29296875 0.0390625 0.0390625
0 0.1015625 0.29296875 0.0390625 0.0390625
0 0.01171875 0.296875 0.0390625 0.0390625
0 0.015625 0.296875 0.0390625 0.0390625
0 0.15625 0.30078125 0.0390625 0.0390625
0 0.16015625 0.31640625 0.0390625 0.0390625
0 0.0390625 0.33203125 0.0390625 0.0390625
0 0.04296875 0.33203125 0.0390625 0.0390625
0 0.08203125 0.34375 0.0390625 0.0390625
0 0.08203125 0.34765625 0.0390625 0.0390625
0 0.0390625 0.359375 0.0390625 0.0390625
0 0.09765625 0.3828125 0.0390625 0.0390625
0 0.1015625 0.3828125 0.0390625 0.0390625
0 0.08203125 0.38671875 0.0390625 0.0390625
0 0.0859375 0.38671875 0.0390625 0.0390625
0 0.0625 0.39453125 0.0390625 0.0390625
0 0.06640625 0.39453125 0.0390625 0.0390625
0 0.04296875 0.3984375 0.0390625 0.0390625
0 0.046875 0.3984375 0.0390625 0.0390625
0 0.0625 0.3984375 0.0390625 0.0390625
0 0.06640625 0.3984375 0.0390625 0.0390625
0 0.0234375 0.40625 0.0390625 0.0390625
0 0.02734375 0.40625 0.0390625 0.0390625
0 0.51171875 0.57421875 0.0390625 0.0390625
0 0.96875 0.82421875 0.0390625 0.0390625
0 0.96875 0.828125 0.0390625 0.0390625
0 0.92578125 0.83203125 0.0390625 0.0390625
0 0.9375 0.89453125 0.0390625 0.0390625
0 0.9375 0.8984375 0.0390625 0.0390625
0 0.84765625 0.921875 0.0390625 0.0390625
0 0.88671875 0.9453125 0.0390625 0.0390625
0 0.88671875 0.94921875 0.0390625 0.0390625
0 0.80078125 0.98828125 0.0390625 0.0390625
0 0.8046875 0.98828125 0.0390625 0.0390625
0 0.78125 0.99609375 0.0390625 0.0390625
