0 0.0078125 0.01171875 0.0390625 0.0390625
0 0.515625 0.01171875 0.0390625 0.0390625
0 0.5234375 0.02734375 0.0390625 0.0390625
0 0.94921875 0.03125 0.0390625 0.0390625
0 0.0234375 0.0703125 0.0390625 0.0390625
0 0.9609375 0.0703125 0.0390625 0.0390625
0 0.9609375 0.07421875 0.0390625 0.0390625
0 0.453125 0.08203125 0.0390625 0.0390625
0 0.453125 0.0859375 0.0390625 0.0390625
0 0.61328125 0.11328125 0.0390625 0.0390625
0 0.0390625 0.12109375 0.0390625 0.0390625
0 0.04296875 0.12109375 0.0390625 0.0390625
0 0.0390625 0.125 0.0390625 0.0390625
0 0.04296875 0.125 0.0390625 0.0390625
0 0.0546875 0.15625 0.0390625 0.0390625
0 0.0546875 0.16015625 0.0390625 0.0390625
0 0.91796875 0.18359375 0.0390625 0.0390625
0 0.640625 0.19140625 0.0390625 0.0390625
0 0.0625 0.203125 0.0390625 0.0390625
0 0.06640625 0.203125 0.0390625 0.0390625
0 0.0625 0.20703125 0.0390625 0.0390625
0 0.06640625 0.20703125 0.0390625 0.0390625
0 0.84375 0.22265625 0.0390625 0.0390625
0 0.796875 0.234375 0.0390625 0.0390625
0 0.796875 0.23828125 0.0390625 0.0390625
0 0.08203125 0.25 0.0390625 0.0390625
0 0.08203125 0.25390625 0.0390625 0.0390625
0 0.6953125 0.26953125 0.0390625 0.0390625
0 0.6953125 0.2734375 0.0390625 0.0390625
0 0.32421875 0.27734375 0.0390625 0.0390625
0 0.34765625 0.27734375 0.0390625 0.0390625
0 0.36328125 0.27734375 0.0390625 0.0390625
0 0.63671875 0.28125 0.0390625 0.0390625
0 0.51953125 0.3203125 0.0390625 0.0390625
0 0.51953125 0.32421875 0.0390625 0.0390625
0 0.19921875 0.33203125 0.0390625 0.0390625
0 0.46875 0.33984375 0.0390625 0.0390625
0 0.15625 0.3515625 0.0390625 0.0390625
0 0.2734375 0.40234375 0.0390625 0.0390625
0 0.2734375 0.40625 0.0390625 0.0390625
0 0.21875 0.4140625 0.0390625 0.0390625
0 0.21875 0.41796875 0.0390625 0.0390625
0 0.34765625 0.42578125 0.0390625 0.0390625
0 0.36328125 0.4609375 0.0390625 0.0390625
0 0.36328125 0.46484375 0.0390625 0.0390625
0 0.39453125 0.47265625 0.0390625 0.0390625
0 0.58984375 0.5234375 0.0390625 0.0390625
0 0.75390625 0.5390625 0.0390625 0.0390625
0 0.7578125 0.5390625 0.0390625 0.0390625
0 0.59765625 0.546875 0.0390625 0.0390625
0 0.59375 0.5625 0.0390625 0.0390625
0 0.59375 0.56640625 0.0390625 0.0390625
0 0.703125 0.578125 0.0390625 0.0390625
0 0.59765625 0.58984375 0.0390625 0.0390625
0 0.58984375 0.59375 0.0390625 0.0390625
0 0.59765625 0.59375 0.0390625 0.0390625
0 0.140625 0.6015625 0.0390625 0.0390625
0 0.1484375 0.64453125 0.0390625 0.0390625
0 0.60546875 0.65625 0.0390625 0.0390625
0 0.16796875 0.67578125 0.0390625 0.0390625
0 0.6171875 0.67578125 0.0390625 0.0390625
0 0.625 0.703125 0.0390625 0.0390625
0 0.1796875 0.71484375 0.0390625 0.0390625
0 0.18359375 0.71484375 0.0390625 0.0390625
0 0.65625 0.73828125 0.0390625 0.0390625
0 0.94921875 0.76171875 0.0390625 0.0390625
0 0.19140625 0.76953125 0.0390625 0.0390625
0 0.86328125 0.78515625 0.0390625 0.0390625
0 0.6328125 0.8515625 0.0390625 0.0390625
0 0.64453125 0.8828125 0.0390625 0.0390625
0 0.6484375 0.8828125 0.0390625 0.0390625
0 0.984375 0.8828125 0.0390625 0.0390625
0 0.98828125 0.8828125 0.0390625 0.0390625
0 0.703125 0.89453125 0.0390625 0.0390625
0 0.94921875 0.89453125 0.0390625 0.0390625
0 0.6875 0.8984375 0.0390625 0.0390625
0 0.60546875 0.90234375 0.0390625 0.0390625
0 0.65234375 0.91015625 0.0390625 0.0390625
0 0.61328125 0.91796875 0.0390625 0.0390625
0 0.61328125 0.921875 0.0390625 0.0390625
0 0.93359375 0.94140625 0.0390625 0.0390625
0 0.05078125 0.99609375 0.0390625 0.0390625
