0 0.546875 0.0625 0.0390625 0.0390625
0 0.55078125 0.0625 0.0390625 0.0390625
0 0.54296875 0.06640625 0.0390625 0.0390625
0 0.98046875 0.0859375 0.0390625 0.0390625
0 0.69140625 0.15234375 0.0390625 0.0390625
0 0.6484375 0.1640625 0.0390625 0.0390625
0 0.546875 0.2109375 0.0390625 0.0390625
0 0.578125 0.22265625 0.0390625 0.0390625
0 0.58984375 0.2421875 0.0390625 0.0390625
0 0.4296875 0.25 0.0390625 0.0390625
0 0.43359375 0.25 0.0390625 0.0390625
0 0.4296875 0.25390625 0.0390625 0.0390625
0 0.43359375 0.25390625 0.0390625 0.0390625
0 0.59765625 0.2578125 0.0390625 0.0390625
0 0.58984375 0.26171875 0.0390625 0.0390625
0 0.59375 0.26171875 0.0390625 0.0390625
0 0.59765625 0.26171875 0.0390625 0.0390625
0 0.4609375 0.26953125 0.0390625 0.0390625
0 0.609375 0.27734375 0.0390625 0.0390625
0 0.59765625 0.28125 0.0390625 0.0390625
0 0.20703125 0.2890625 0.0390625 0.0390625
0 0.2109375 0.2890625 0.0390625 0.0390625
0 0.296875 0.2890625 0.0390625 0.0390625
0 0.7421875 0.296875 0.0390625 0.0390625
0 0.4765625 0.3125 0.0390625 0.0390625
0 0.34375 0.31640625 0.0390625 0.0390625
0 0.34765625 0.31640625 0.0390625 0.0390625
0 0.453125 0.3203125 0.0390625 0.0390625
0 0.75390625 0.3203125 0.0390625 0.0390625
0 0.328125 0.32421875 0.0390625 0.0390625
0 0.75390625 0.32421875 0.0390625 0.0390625
0 0.7109375 0.33203125 0.0390625 0.0390625
0 0.7734375 0.33984375 0.0390625 0.0390625
0 0.7109375 0.3515625 0.0390625 0.0390625
0 0.71484375 0.3515625 0.0390625 0.0390625
0 0.7109375 0.35546875 0.0390625 0.0390625
0 0.71484375 0.35546875 0.0390625 0.0390625
0 0.75390625 0.39453125 0.0390625 0.0390625
0 0.7578125 0.39453125 0.0390625 0.0390625
0 0.73046875 0.40234375 0.0390625 0.0390625
0 0.73046875 0.40625 0.0390625 0.0390625
0 0.82421875 0.4453125 0.0390625 0.0390625
0 0.8515625 0.4453125 0.0390625 0.0390625
0 0.82421875 0.44921875 0.0390625 0.0390625
0 0.77734375 0.453125 0.0390625 0.0390625
0 0.796875 0.453125 0.0390625 0.0390625
0 0.74609375 0.45703125 0.0390625 0.0390625
0 0.83203125 0.48828125 0.0390625 0.0390625
0 0.90625 0.51171875 0.0390625 0.0390625
0 0.984375 0.52734375 0.0390625 0.0390625
0 0.765625 0.5625 0.0390625 0.0390625
0 0.76953125 0.5625 0.0390625 0.0390625
0 0.71484375 0.5703125 0.0390625 0.0390625
0 0.82421875 0.5859375 0.0390625 0.0390625
0 0.66015625 0.58984375 0.0390625 0.0390625
0 0.6640625 0.58984375 0.0390625 0.0390625
0 0.625 0.60546875 0.0390625 0.0390625
0 0.58203125 0.6171875 0.0390625 0.0390625
0 0.53125 0.6328125 0.0390625 0.0390625
0 0.53125 0.63671875 0.0390625 0.0390625
0 0.47265625 0.65234375 0.0390625 0.0390625
0 0.04296875 0.66796875 0.0390625 0.0390625
0 0.421875 0.66796875 0.0390625 0.0390625
0 0.04296875 0.671875 0.0390625 0.0390625
0 0.375 0.6796875 0.0390625 0.0390625
0 0.375 0.68359375 0.0390625 0.0390625
0 0.3359375 0.703125 0.0390625 0.0390625
0 0.2421875 0.72265625 0.0390625 0.0390625
0 0.79296875 0.796875 0.0390625 0.0390625
0 0.8515625 0.80859375 0.0390625 0.0390625
0 0.85546875 0.80859375 0.0390625 0.0390625
0 0.828125 0.8125 0.0390625 0.0390625
0 0.828125 0.81640625 0.0390625 0.0390625
0 0.89453125 0.8203125 0.0390625 0.0390625
0 0.8984375 0.8203125 0.0390625 0.0390625
0 0.80078125 0.83203125 0.0390625 0.0390625
0 0.8046875 0.83203125 0.0390625 0.0390625
0 0.73046875 0.8359375 0.0390625 0.0390625
0 0.671875 0.8671875 0.0390625 0.0390625
0 0.67578125 0.8671875 0.0390625 0.0390625
0 0.62109375 0.87109375 0.0390625 0.0390625
0 0.625 0.87890625 0.0390625 0.0390625
0 0.921875 0.88671875 0.0390625 0.0390625
