0 0.0390625 0.46875 0.0390625 0.0390625
0 0.04296875 0.46875 0.0390625 0.0390625
0 0.05859375 0.6015625 0.0390625 0.0390625
0 0.05859375 0.60546875 0.0390625 0.0390625
0 0.0078125 0.62109375 0.0390625 0.0390625
0 0.015625 0.640625 0.0390625 0.0390625
0 0.01953125 0.640625 0.0390625 0.0390625
0 0.078125 0.65234375 0.0390625 0.0390625
0 0.02734375 0.6640625 0.0390625 0.0390625
0 0.03125 0.6640625 0.0390625 0.0390625
0 0.03515625 0.69140625 0.0390625 0.0390625
0 0.09375 0.703125 0.0390625 0.0390625
0 0.09765625 0.703125 0.0390625 0.0390625
0 0.046875 0.71875 0.0390625 0.0390625
0 0.05859375 0.74609375 0.0390625 0.0390625
0 0.19140625 0.9453125 0.0390625 0.0390625
0 0.21484375 0.99609375 0.0390625 0.0390625
