0 0.203125 0.02734375 0.0390625 0.0390625
0 0.203125 0.03125 0.0390625 0.0390625
0 0.859375 0.0390625 0.0390625 0.0390625
0 0.86328125 0.0390625 0.0390625 0.0390625
0 0.890625 0.0546875 0.0390625 0.0390625
0 0.17578125 0.0625 0.0390625 0.0390625
0 0.88671875 0.07421875 0.0390625 0.0390625
0 0.015625 0.0859375 0.0390625 0.0390625
0 0.87109375 0.1015625 0.0390625 0.0390625
0 0.91015625 0.1171875 0.0390625 0.0390625
0 0.06640625 0.12109375 0.0390625 0.0390625
0 0.078125 0.140625 0.0390625 0.0390625
0 0.08203125 0.16015625 0.0390625 0.0390625
0 0.08203125 0.1640625 0.0390625 0.0390625
0 0.90625 0.1875 0.0390625 0.0390625
0 0.08203125 0.19140625 0.0390625 0.0390625
0 0.0234375 0.1953125 0.0390625 0.0390625
0 0.0 0.19921875 0.0390625 0.0390625
0 0.08984375 0.21484375 0.0390625 0.0390625
0 0.90625 0.234375 0.0390625 0.0390625
0 0.03125 0.23828125 0.0390625 0.0390625
0 0.265625 0.23828125 0.0390625 0.0390625
0 0.09375 0.2421875 0.0390625 0.0390625
0 0.015625 0.24609375 0.0390625 0.0390625
0 0.1015625 0.26171875 0.0390625 0.0390625
0 0.11328125 0.28515625 0.0390625 0.0390625
0 0.96875 0.29296875 0.0390625 0.0390625
0 0.6328125 0.3359375 0.0390625 0.0390625
0 0.125 0.34765625 0.0390625 0.0390625
0 0.1015625 0.3515625 0.0390625 0.0390625
0 0.07421875 0.35546875 0.0390625 0.0390625
0 0.078125 0.35546875 0.0390625 0.0390625
0 0.0546875 0.359375 0.0390625 0.0390625
0 0.0546875 0.36328125 0.0390625 0.0390625
0 0.03515625 0.375 0.0390625 0.0390625
0 0.0 0.37890625 0.0390625 0.0390625
0 0.44140625 0.37890625 0.0390625 0.0390625
0 0.44140625 0.3828125 0.0390625 0.0390625
0 0.421875 0.390625 0.0390625 0.0390625
0 0.39453125 0.40234375 0.0390625 0.0390625
0 0.484375 0.4375 0.0390625 0.0390625
0 0.6640625 0.4375 0.0390625 0.0390625
0 0.484375 0.44140625 0.0390625 0.0390625
0 0.48828125 0.4609375 0.0390625 0.0390625
0 0.44140625 0.48046875 0.0390625 0.0390625
0 0.49609375 0.48046875 0.0390625 0.0390625
0 0.5 0.48046875 0.0390625 0.0390625
0 0.42578125 0.51953125 0.0390625 0.0390625
0 0.5078125 0.5234375 0.0390625 0.0390625
0 0.5078125 0.52734375 0.0390625 0.0390625
0 0.4453125 0.578125 0.0390625 0.0390625
0 0.45703125 0.625 0.0390625 0.0390625
0 0.546875 0.625 0.0390625 0.0390625
0 0.65625 0.6875 0.0390625 0.0390625
0 0.17578125 0.86328125 0.0390625 0.0390625
0 0.1796875 0.86328125 0.0390625 0.0390625
0 0.06640625 0.8671875 0.0390625 0.0390625
0 0.17578125 0.8671875 0.0390625 0.0390625
0 0.1796875 0.8671875 0.0390625 0.0390625
0 0.234375 0.87890625 0.0390625 0.0390625
0 0.1171875 0.9140625 0.0390625 0.0390625
0 0.3671875 0.95703125 0.0390625 0.0390625
0 0.3671875 0.9609375 0.0390625 0.0390625
0 0.26171875 0.99609375 0.0390625 0.0390625
