0 0.00390625 0.32421875 0.0390625 0.0390625
0 0.015625 0.36328125 0.0390625 0.0390625
0 0.015625 0.3671875 0.0390625 0.0390625
0 0.0234375 0.40234375 0.0390625 0.0390625
0 0.37890625 0.40625 0.0390625 0.0390625
0 0.421875 0.41015625 0.0390625 0.0390625
0 0.4453125 0.4296875 0.0390625 0.0390625
0 0.4609375 0.4453125 0.0390625 0.0390625
0 0.04296875 0.45703125 0.0390625 0.0390625
0 0.4140625 0.45703125 0.0390625 0.0390625
0 0.4140625 0.4609375 0.0390625 0.0390625
0 0.0546875 0.49609375 0.0390625 0.0390625
0 0.0546875 0.5 0.0390625 0.0390625
0 0.06640625 0.5390625 0.0390625 0.0390625
0 0.078125 0.5859375 0.0390625 0.0390625
0 0.08203125 0.5859375 0.0390625 0.0390625
0 0.4453125 0.5859375 0.0390625 0.0390625
0 0.44140625 0.58984375 0.0390625 0.0390625
0 0.4921875 0.59375 0.0390625 0.0390625
0 0.46484375 0.60546875 0.0390625 0.0390625
0 0.09375 0.63671875 0.0390625 0.0390625
0 0.10546875 0.6875 0.0390625 0.0390625
0 0.109375 0.6875 0.0390625 0.0390625
0 0.015625 0.71875 0.0390625 0.0390625
0 0.87890625 0.75 0.0390625 0.0390625
0 0.140625 0.7734375 0.0390625 0.0390625
0 0.140625 0.77734375 0.0390625 0.0390625
0 0.87890625 0.81640625 0.0390625 0.0390625
0 0.8828125 0.81640625 0.0390625 0.0390625
0 0.921875 0.8203125 0.0390625 0.0390625
0 0.921875 0.82421875 0.0390625 0.0390625
0 0.81640625 0.85546875 0.0390625 0.0390625
0 0.125 0.87890625 0.0390625 0.0390625
0 0.12890625 0.87890625 0.0390625 0.0390625
0 0.71484375 0.88671875 0.0390625 0.0390625
0 0.71875 0.88671875 0.0390625 0.0390625
0 0.56640625 0.90234375 0.0390625 0.0390625
0 0.609375 0.92578125 0.0390625 0.0390625
0 0.61328125 0.92578125 0.0390625 0.0390625
0 0.5546875 0.9375 0.0390625 0.0390625
0 0.49609375 0.95703125 0.0390625 0.0390625
0 0.4453125 0.97265625 0.0390625 0.0390625
