0 0.21484375 0.15234375 0.0390625 0.0390625
0 0.24609375 0.2578125 0.0390625 0.0390625
0 0.25 0.2578125 0.0390625 0.0390625
0 0.90625 0.4765625 0.0390625 0.0390625
0 0.53125 0.546875 0.0390625 0.0390625
0 0.453125 0.58984375 0.0390625 0.0390625
0 0.453125 0.59375 0.0390625 0.0390625
0 0.76171875 0.609375 0.0390625 0.0390625
0 0.26953125 0.62109375 0.0390625 0.0390625
0 0.30078125 0.640625 0.0390625 0.0390625
0 0.20703125 0.66796875 0.0390625 0.0390625
0 0.20703125 0.671875 0.0390625 0.0390625
0 0.09375 0.67578125 0.0390625 0.0390625
0 0.65234375 0.69140625 0.0390625 0.0390625
0 0.65625 0.69140625 0.0390625 0.0390625
0 0.65234375 0.6953125 0.0390625 0.0390625
0 0.65625 0.6953125 0.0390625 0.0390625
0 0.703125 0.71484375 0.0390625 0.0390625
0 0.70703125 0.71484375 0.0390625 0.0390625
0 0.0546875 0.7265625 0.0390625 0.0390625
0 0.72265625 0.7890625 0.0390625 0.0390625
0 0.83203125 0.828125 0.0390625 0.0390625
0 0.75 0.875 0.0390625 0.0390625
0 0.80078125 0.8828125 0.0390625 0.0390625
0 0.80078125 0.88671875 0.0390625 0.0390625
0 0.7578125 0.91796875 0.0390625 0.0390625
0 0.76171875 0.91796875 0.0390625 0.0390625
0 0.7578125 0.921875 0.0390625 0.0390625
0 0.76171875 0.921875 0.0390625 0.0390625
0 0.85546875 0.9453125 0.0390625 0.0390625
0 0.859375 0.9453125 0.0390625 0.0390625
0 0.98046875 0.953125 0.0390625 0.0390625
