0 0.3359375 0.0 0.0390625 0.0390625
0 0.2578125 0.015625 0.0390625 0.0390625
0 0.26171875 0.015625 0.0390625 0.0390625
0 0.2578125 0.01953125 0.0390625 0.0390625
0 0.26171875 0.01953125 0.0390625 0.0390625
0 0.33203125 0.02734375 0.0390625 0.0390625
0 0.26953125 0.046875 0.0390625 0.0390625
0 0.5234375 0.14453125 0.0390625 0.0390625
0 0.46875 0.17578125 0.0390625 0.0390625
0 0.0390625 0.23046875 0.0390625 0.0390625
0 0.375 0.24609375 0.0390625 0.0390625
0 0.046875 0.25 0.0390625 0.0390625
0 0.046875 0.25390625 0.0390625 0.0390625
0 0.5 0.2734375 0.0390625 0.0390625
0 0.546875 0.296875 0.0390625 0.0390625
0 0.1875 0.30078125 0.0390625 0.0390625
0 0.9921875 0.32421875 0.0390625 0.0390625
0 0.58203125 0.34765625 0.0390625 0.0390625
0 0.0703125 0.35546875 0.0390625 0.0390625
0 0.5625 0.48046875 0.0390625 0.0390625
0 0.5625 0.484375 0.0390625 0.0390625
0 0.59765625 0.48828125 0.0390625 0.0390625
0 0.00390625 0.52734375 0.0390625 0.0390625
0 0.0078125 0.52734375 0.0390625 0.0390625
0 0.59765625 0.58984375 0.0390625 0.0390625
0 0.49609375 0.67578125 0.0390625 0.0390625
0 0.51171875 0.6875 0.0390625 0.0390625
0 0.51953125 0.7109375 0.0390625 0.0390625
0 0.66796875 0.72265625 0.0390625 0.0390625
0 0.421875 0.7265625 0.0390625 0.0390625
0 0.703125 0.75 0.0390625 0.0390625
0 0.703125 0.75390625 0.0390625 0.0390625
0 0.71484375 0.79296875 0.0390625 0.0390625
0 0.328125 0.80078125 0.0390625 0.0390625
0 0.62890625 0.81640625 0.0390625 0.0390625
0 0.703125 0.828125 0.0390625 0.0390625
0 0.73046875 0.84375 0.0390625 0.0390625
0 0.4375 0.87109375 0.0390625 0.0390625
0 0.7421875 0.87890625 0.0390625 0.0390625
0 0.4453125 0.90234375 0.0390625 0.0390625
0 0.3203125 0.921875 0.0390625 0.0390625
0 0.32421875 0.921875 0.0390625 0.0390625
0 0.66796875 0.94921875 0.0390625 0.0390625
0 0.70703125 0.9609375 0.0390625 0.0390625
0 0.73828125 0.9609375 0.0390625 0.0390625
