0 0.01953125 0.07421875 0.0390625 0.0390625
0 0.0234375 0.07421875 0.0390625 0.0390625
0 0.01953125 0.078125 0.0390625 0.0390625
0 0.0234375 0.078125 0.0390625 0.0390625
0 0.03125 0.1171875 0.0390625 0.0390625
0 0.03515625 0.1171875 0.0390625 0.0390625
0 0.75 0.12109375 0.0390625 0.0390625
0 0.75390625 0.12109375 0.0390625 0.0390625
0 0.75 0.125 0.0390625 0.0390625
0 0.75390625 0.125 0.0390625 0.0390625
0 0.359375 0.14453125 0.0390625 0.0390625
0 0.2734375 0.17578125 0.0390625 0.0390625
0 0.2734375 0.1796875 0.0390625 0.0390625
0 0.76953125 0.18359375 0.0390625 0.0390625
0 0.421875 0.28515625 0.0390625 0.0390625
0 0.94140625 0.3046875 0.0390625 0.0390625
0 0.6484375 0.50390625 0.0390625 0.0390625
0 0.6484375 0.5078125 0.0390625 0.0390625
0 0.69921875 0.57421875 0.0390625 0.0390625
0 0.67578125 0.5859375 0.0390625 0.0390625
0 0.72265625 0.65625 0.0390625 0.0390625
0 0.72265625 0.66015625 0.0390625 0.0390625
0 0.56640625 0.703125 0.0390625 0.0390625
0 0.5 0.74609375 0.0390625 0.0390625
0 0.328125 0.79296875 0.0390625 0.0390625
0 0.33203125 0.79296875 0.0390625 0.0390625
0 0.30859375 0.8046875 0.0390625 0.0390625
0 0.25390625 0.8203125 0.0390625 0.0390625
0 0.2578125 0.8203125 0.0390625 0.0390625
0 0.21875 0.82421875 0.0390625 0.0390625
0 0.22265625 0.82421875 0.0390625 0.0390625
0 0.17578125 0.84375 0.0390625 0.0390625
0 0.17578125 0.84765625 0.0390625 0.0390625
