0 0.5234375 0.05078125 0.0390625 0.0390625
0 0.40625 0.08984375 0.0390625 0.0390625
0 0.6875 0.140625 0.0390625 0.0390625
0 0.69140625 0.140625 0.0390625 0.0390625
0 0.70703125 0.1796875 0.0390625 0.0390625
0 0.7109375 0.1796875 0.0390625 0.0390625
0 0.609375 0.18359375 0.0390625 0.0390625
0 0.5703125 0.22265625 0.0390625 0.0390625
0 0.625 0.24609375 0.0390625 0.0390625
0 0.30859375 0.25 0.0390625 0.0390625
0 0.578125 0.26171875 0.0390625 0.0390625
0 0.58203125 0.26171875 0.0390625 0.0390625
0 0.578125 0.265625 0.0390625 0.0390625
0 0.58203125 0.265625 0.0390625 0.0390625
0 0.62890625 0.265625 0.0390625 0.0390625
0 0.63671875 0.28515625 0.0390625 0.0390625
0 0.48046875 0.296875 0.0390625 0.0390625
0 0.64453125 0.3046875 0.0390625 0.0390625
0 0.59375 0.31640625 0.0390625 0.0390625
0 0.59765625 0.31640625 0.0390625 0.0390625
0 0.59375 0.3203125 0.0390625 0.0390625
0 0.59765625 0.3203125 0.0390625 0.0390625
0 0.609375 0.3359375 0.0390625 0.0390625
0 0.6640625 0.33984375 0.0390625 0.0390625
0 0.1875 0.34765625 0.0390625 0.0390625
0 0.22265625 0.40625 0.0390625 0.0390625
0 0.296875 0.4140625 0.0390625 0.0390625
0 0.12890625 0.42578125 0.0390625 0.0390625
0 0.2421875 0.484375 0.0390625 0.0390625
0 0.2421875 0.48828125 0.0390625 0.0390625
0 0.0234375 0.6640625 0.0390625 0.0390625
0 0.04296875 0.71875 0.0390625 0.0390625
0 0.04296875 0.72265625 0.0390625 0.0390625
0 0.171875 0.8515625 0.0390625 0.0390625
0 0.08203125 0.85546875 0.0390625 0.0390625
0 0.1796875 0.88671875 0.0390625 0.0390625
0 0.18359375 0.88671875 0.0390625 0.0390625
0 0.09765625 0.91015625 0.0390625 0.0390625
0 0.00390625 0.95703125 0.0390625 0.0390625
