0 0.34765625 0.0 0.0390625 0.0390625
0 0.26171875 0.02734375 0.0390625 0.0390625
0 0.26171875 0.03125 0.0390625 0.0390625
0 0.56640625 0.03125 0.0390625 0.0390625
0 0.7421875 0.0390625 0.0390625 0.0390625
0 0.74609375 0.0390625 0.0390625 0.0390625
0 0.49609375 0.05078125 0.0390625 0.0390625
0 0.58984375 0.0625 0.0390625 0.0390625
0 0.58984375 0.06640625 0.0390625 0.0390625
0 0.65234375 0.0703125 0.0390625 0.0390625
0 0.44921875 0.10546875 0.0390625 0.0390625
0 0.4375 0.13671875 0.0390625 0.0390625
0 0.44140625 0.13671875 0.0390625 0.0390625
0 0.8125 0.1640625 0.0390625 0.0390625
0 0.66015625 0.17578125 0.0390625 0.0390625
0 0.66015625 0.1796875 0.0390625 0.0390625
0 0.87890625 0.18359375 0.0390625 0.0390625
0 0.73046875 0.2265625 0.0390625 0.0390625
0 0.6875 0.2421875 0.0390625 0.0390625
0 0.69140625 0.2421875 0.0390625 0.0390625
0 0.5 0.2578125 0.0390625 0.0390625
0 0.96484375 0.3828125 0.0390625 0.0390625
0 0.9765625 0.41015625 0.0390625 0.0390625
0 0.29296875 0.4296875 0.0390625 0.0390625
0 0.02734375 0.44140625 0.0390625 0.0390625
0 0.24609375 0.4453125 0.0390625 0.0390625
0 0.26953125 0.4453125 0.0390625 0.0390625
0 0.98828125 0.4609375 0.0390625 0.0390625
0 0.9921875 0.4609375 0.0390625 0.0390625
0 0.3125 0.48828125 0.0390625 0.0390625
0 0.31640625 0.58203125 0.0390625 0.0390625
