0 0.52734375 0.00390625 0.0390625 0.0390625
0 0.484375 0.01953125 0.0390625 0.0390625
0 0.44140625 0.03125 0.0390625 0.0390625
0 0.7890625 0.0390625 0.0390625 0.0390625
0 0.8046875 0.07421875 0.0390625 0.0390625
0 0.80859375 0.07421875 0.0390625 0.0390625
0 0.8046875 0.078125 0.0390625 0.0390625
0 0.80859375 0.078125 0.0390625 0.0390625
0 0.23046875 0.09765625 0.0390625 0.0390625
0 0.32421875 0.109375 0.0390625 0.0390625
0 0.1875 0.11328125 0.0390625 0.0390625
0 0.30859375 0.12109375 0.0390625 0.0390625
0 0.8203125 0.12109375 0.0390625 0.0390625
0 0.8203125 0.125 0.0390625 0.0390625
0 0.32421875 0.1875 0.0390625 0.0390625
0 0.8359375 0.1875 0.0390625 0.0390625
0 0.32421875 0.19140625 0.0390625 0.0390625
0 0.8359375 0.19140625 0.0390625 0.0390625
0 0.40625 0.21875 0.0390625 0.0390625
0 0.41015625 0.21875 0.0390625 0.0390625
0 0.8515625 0.234375 0.0390625 0.0390625
0 0.85546875 0.234375 0.0390625 0.0390625
0 0.48046875 0.25390625 0.0390625 0.0390625
0 0.37890625 0.26171875 0.0390625 0.0390625
0 0.390625 0.27734375 0.0390625 0.0390625
0 0.07421875 0.28125 0.0390625 0.0390625
0 0.07421875 0.28515625 0.0390625 0.0390625
0 0.87109375 0.296875 0.0390625 0.0390625
0 0.50390625 0.3046875 0.0390625 0.0390625
0 0.375 0.30859375 0.0390625 0.0390625
0 0.0859375 0.32421875 0.0390625 0.0390625
0 0.5078125 0.328125 0.0390625 0.0390625
0 0.5078125 0.33203125 0.0390625 0.0390625
0 0.88671875 0.34765625 0.0390625 0.0390625
0 0.4296875 0.3515625 0.0390625 0.0390625
0 0.43359375 0.3515625 0.0390625 0.0390625
0 0.51953125 0.3671875 0.0390625 0.0390625
0 0.1015625 0.375 0.0390625 0.0390625
0 0.8984375 0.39453125 0.0390625 0.0390625
0 0.90234375 0.39453125 0.0390625 0.0390625
0 0.11328125 0.4140625 0.0390625 0.0390625
0 0.1171875 0.4140625 0.0390625 0.0390625
0 0.11328125 0.41796875 0.0390625 0.0390625
0 0.1171875 0.41796875 0.0390625 0.0390625
0 0.44921875 0.41796875 0.0390625 0.0390625
0 0.9140625 0.44140625 0.0390625 0.0390625
0 0.9140625 0.4453125 0.0390625 0.0390625
0 0.91796875 0.4453125 0.0390625 0.0390625
0 0.12890625 0.46484375 0.0390625 0.0390625
0 0.9296875 0.4921875 0.0390625 0.0390625
0 0.14453125 0.51171875 0.0390625 0.0390625
0 0.15234375 0.55078125 0.0390625 0.0390625
0 0.16796875 0.609375 0.0390625 0.0390625
0 0.1953125 0.69140625 0.0390625 0.0390625
0 0.640625 0.703125 0.0390625 0.0390625
0 0.640625 0.70703125 0.0390625 0.0390625
0 0.2109375 0.7265625 0.0390625 0.0390625
0 0.01171875 0.73828125 0.0390625 0.0390625
0 0.015625 0.73828125 0.0390625 0.0390625
0 0.0859375 0.75 0.0390625 0.0390625
0 0.0625 0.75390625 0.0390625 0.0390625
0 0.0625 0.7578125 0.0390625 0.0390625
0 0.671875 0.76171875 0.0390625 0.0390625
0 0.5390625 0.796875 0.0390625 0.0390625
0 0.5390625 0.80078125 0.0390625 0.0390625
0 0.4921875 0.81640625 0.0390625 0.0390625
0 0.49609375 0.81640625 0.0390625 0.0390625
0 0.95703125 0.83203125 0.0390625 0.0390625
0 0.2421875 0.8359375 0.0390625 0.0390625
0 0.24609375 0.8359375 0.0390625 0.0390625
0 0.96484375 0.8515625 0.0390625 0.0390625
0 0.1640625 0.8671875 0.0390625 0.0390625
0 0.1640625 0.87109375 0.0390625 0.0390625
0 0.97265625 0.875 0.0390625 0.0390625
0 0.9765625 0.875 0.0390625 0.0390625
0 0.01171875 0.87890625 0.0390625 0.0390625
0 0.125 0.890625 0.0390625 0.0390625
0 0.09765625 0.8984375 0.0390625 0.0390625
0 0.04296875 0.921875 0.0390625 0.0390625
0 0.01953125 0.92578125 0.0390625 0.0390625
0 0.0234375 0.92578125 0.0390625 0.0390625
0 0.01953125 0.9296875 0.0390625 0.0390625
0 0.0234375 0.9296875 0.0390625 0.0390625
0 0.98828125 0.9453125 0.0390625 0.0390625
0 0.27734375 0.94921875 0.0390625 0.0390625
0 0.28125 0.94921875 0.0390625 0.0390625
