0 0.578125 0.09765625 0.0390625 0.0390625
0 0.58203125 0.09765625 0.0390625 0.0390625
0 0.74609375 0.21875 0.0390625 0.0390625
0 0.75 0.21875 0.0390625 0.0390625
0 0.67578125 0.26171875 0.0390625 0.0390625
0 0.6796875 0.26171875 0.0390625 0.0390625
0 0.74609375 0.3046875 0.0390625 0.0390625
0 0.75 0.3046875 0.0390625 0.0390625
0 0.7421875 0.43359375 0.0390625 0.0390625
0 0.74609375 0.43359375 0.0390625 0.0390625
0 0.70703125 0.59375 0.0390625 0.0390625
0 0.71484375 0.62109375 0.0390625 0.0390625
0 0.7265625 0.640625 0.0390625 0.0390625
0 0.73828125 0.671875 0.0390625 0.0390625
0 0.73828125 0.67578125 0.0390625 0.0390625
0 0.38671875 0.81640625 0.0390625 0.0390625
0 0.3984375 0.85546875 0.0390625 0.0390625
0 0.3984375 0.859375 0.0390625 0.0390625
0 0.30859375 0.86328125 0.0390625 0.0390625
0 0.8359375 0.87890625 0.0390625 0.0390625
0 0.33984375 0.92578125 0.0390625 0.0390625
0 0.0 0.96484375 0.0390625 0.0390625
0 0.0 0.98828125 0.0390625 0.0390625
