0 0.76171875 0.0078125 0.0390625 0.0390625
0 0.7421875 0.01953125 0.0390625 0.0390625
0 0.171875 0.03125 0.0390625 0.0390625
0 0.69140625 0.03125 0.0390625 0.0390625
0 0.96484375 0.046875 0.0390625 0.0390625
0 0.77734375 0.0546875 0.0390625 0.0390625
0 0.78125 0.0546875 0.0390625 0.0390625
0 0.92578125 0.05859375 0.0390625 0.0390625
0 0.7578125 0.0625 0.0390625 0.0390625
0 0.82421875 0.06640625 0.0390625 0.0390625
0 0.19140625 0.08203125 0.0390625 0.0390625
0 0.5078125 0.08984375 0.0390625 0.0390625
0 0.5078125 0.09375 0.0390625 0.0390625
0 0.92578125 0.1328125 0.0390625 0.0390625
0 0.20703125 0.13671875 0.0390625 0.0390625
0 0.88671875 0.1484375 0.0390625 0.0390625
0 0.8828125 0.15234375 0.0390625 0.0390625
0 0.88671875 0.15234375 0.0390625 0.0390625
0 0.83984375 0.1640625 0.0390625 0.0390625
0 0.79296875 0.1796875 0.0390625 0.0390625
0 0.21875 0.18359375 0.0390625 0.0390625
0 0.6953125 0.20703125 0.0390625 0.0390625
0 0.69921875 0.20703125 0.0390625 0.0390625
0 0.6328125 0.2265625 0.0390625 0.0390625
0 0.46875 0.28125 0.0390625 0.0390625
0 0.109375 0.34765625 0.0390625 0.0390625
0 0.0625 0.359375 0.0390625 0.0390625
0 0.06640625 0.359375 0.0390625 0.0390625
0 0.01171875 0.37890625 0.0390625 0.0390625
0 0.9609375 0.37890625 0.0390625 0.0390625
0 0.96484375 0.37890625 0.0390625 0.0390625
0 0.38671875 0.44921875 0.0390625 0.0390625
0 0.32421875 0.50390625 0.0390625 0.0390625
0 0.3359375 0.5546875 0.0390625 0.0390625
0 0.328125 0.55859375 0.0390625 0.0390625
0 0.33203125 0.55859375 0.0390625 0.0390625
0 0.70703125 0.57421875 0.0390625 0.0390625
0 0.33984375 0.6015625 0.0390625 0.0390625
0 0.34375 0.6015625 0.0390625 0.0390625
0 0.359375 0.65234375 0.0390625 0.0390625
0 0.37109375 0.69140625 0.0390625 0.0390625
0 0.37109375 0.6953125 0.0390625 0.0390625
0 0.0859375 0.73046875 0.0390625 0.0390625
0 0.38671875 0.74609375 0.0390625 0.0390625
0 0.40234375 0.78515625 0.0390625 0.0390625
0 0.40234375 0.7890625 0.0390625 0.0390625
0 0.41796875 0.83984375 0.0390625 0.0390625
0 0.41796875 0.84375 0.0390625 0.0390625
0 0.43359375 0.90625 0.0390625 0.0390625
0 0.4453125 0.9453125 0.0390625 0.0390625
0 0.45703125 0.9921875 0.0390625 0.0390625
0 0.4609375 0.9921875 0.0390625 0.0390625
