0 0.05078125 0.0 0.0390625 0.0390625
0 0.03515625 0.01953125 0.0390625 0.0390625
0 0.22265625 0.0546875 0.0390625 0.0390625
0 0.2265625 0.0546875 0.0390625 0.0390625
0 0.22265625 0.05859375 0.0390625 0.0390625
0 0.2265625 0.05859375 0.0390625 0.0390625
0 0.17578125 0.0703125 0.0390625 0.0390625
0 0.12890625 0.08203125 0.0390625 0.0390625
0 0.1328125 0.08203125 0.0390625 0.0390625
0 0.09375 0.08984375 0.0390625 0.0390625
0 0.09375 0.09375 0.0390625 0.0390625
0 0.03515625 0.109375 0.0390625 0.0390625
0 0.015625 0.3359375 0.0390625 0.0390625
0 0.9609375 0.453125 0.0390625 0.0390625
0 0.890625 0.51171875 0.0390625 0.0390625
0 0.41015625 0.5390625 0.0390625 0.0390625
0 0.4140625 0.5390625 0.0390625 0.0390625
0 0.41015625 0.54296875 0.0390625 0.0390625
0 0.4140625 0.54296875 0.0390625 0.0390625
0 0.3203125 0.65234375 0.0390625 0.0390625
0 0.32421875 0.65234375 0.0390625 0.0390625
0 0.3203125 0.65625 0.0390625 0.0390625
0 0.32421875 0.65625 0.0390625 0.0390625
0 0.86328125 0.6640625 0.0390625 0.0390625
0 0.26953125 0.66796875 0.0390625 0.0390625
0 0.86328125 0.66796875 0.0390625 0.0390625
0 0.2265625 0.67578125 0.0390625 0.0390625
0 0.23046875 0.67578125 0.0390625 0.0390625
0 0.2265625 0.6796875 0.0390625 0.0390625
0 0.23046875 0.6796875 0.0390625 0.0390625
0 0.1640625 0.69921875 0.0390625 0.0390625
0 0.16796875 0.69921875 0.0390625 0.0390625
0 0.1171875 0.7109375 0.0390625 0.0390625
0 0.06640625 0.72265625 0.0390625 0.0390625
0 0.64453125 0.734375 0.0390625 0.0390625
0 0.66015625 0.76953125 0.0390625 0.0390625
0 0.29296875 0.83984375 0.0390625 0.0390625
0 0.29296875 0.84375 0.0390625 0.0390625
0 0.109375 0.8984375 0.0390625 0.0390625
0 0.11328125 0.8984375 0.0390625 0.0390625
0 0.109375 0.90234375 0.0390625 0.0390625
0 0.11328125 0.90234375 0.0390625 0.0390625
