0 0.54296875 0.05859375 0.0390625 0.0390625
0 0.54296875 0.078125 0.0390625 0.0390625
0 0.546875 0.078125 0.0390625 0.0390625
0 0.96875 0.12890625 0.0390625 0.0390625
0 0.97265625 0.12890625 0.0390625 0.0390625
0 0.96875 0.1328125 0.0390625 0.0390625
0 0.97265625 0.1328125 0.0390625 0.0390625
0 0.921875 0.14453125 0.0390625 0.0390625
0 0.86328125 0.1640625 0.0390625 0.0390625
0 0.8671875 0.1640625 0.0390625 0.0390625
0 0.609375 0.17578125 0.0390625 0.0390625
0 0.609375 0.1796875 0.0390625 0.0390625
0 0.8046875 0.18359375 0.0390625 0.0390625
0 0.75390625 0.1953125 0.0390625 0.0390625
0 0.75390625 0.19921875 0.0390625 0.0390625
0 0.70703125 0.21484375 0.0390625 0.0390625
0 0.59375 0.2890625 0.0390625 0.0390625
0 0.99609375 0.34375 0.0390625 0.0390625
0 0.94140625 0.3515625 0.0390625 0.0390625
0 0.97265625 0.3515625 0.0390625 0.0390625
0 0.94140625 0.35546875 0.0390625 0.0390625
0 0.62890625 0.359375 0.0390625 0.0390625
0 0.90625 0.37109375 0.0390625 0.0390625
0 0.625 0.38671875 0.0390625 0.0390625
0 0.62890625 0.38671875 0.0390625 0.0390625
0 0.8125 0.40234375 0.0390625 0.0390625
0 0.62890625 0.4140625 0.0390625 0.0390625
0 0.6328125 0.4140625 0.0390625 0.0390625
0 0.63671875 0.4375 0.0390625 0.0390625
0 0.66015625 0.48046875 0.0390625 0.0390625
0 0.66015625 0.484375 0.0390625 0.0390625
0 0.77734375 0.5078125 0.0390625 0.0390625
0 0.2109375 0.53515625 0.0390625 0.0390625
0 0.13671875 0.55859375 0.0390625 0.0390625
0 0.140625 0.55859375 0.0390625 0.0390625
0 0.72265625 0.578125 0.0390625 0.0390625
0 0.7265625 0.578125 0.0390625 0.0390625
0 0.3203125 0.58203125 0.0390625 0.0390625
0 0.3203125 0.5859375 0.0390625 0.0390625
0 0.015625 0.63671875 0.0390625 0.0390625
0 0.33203125 0.63671875 0.0390625 0.0390625
0 0.03125 0.68359375 0.0390625 0.0390625
0 0.0078125 0.6875 0.0390625 0.0390625
0 0.01171875 0.6875 0.0390625 0.0390625
0 0.0078125 0.69140625 0.0390625 0.0390625
0 0.01171875 0.69140625 0.0390625 0.0390625
0 0.3515625 0.6953125 0.0390625 0.0390625
0 0.3671875 0.75 0.0390625 0.0390625
0 0.3671875 0.75390625 0.0390625 0.0390625
0 0.38671875 0.83203125 0.0390625 0.0390625
0 0.390625 0.83203125 0.0390625 0.0390625
0 0.38671875 0.8359375 0.0390625 0.0390625
0 0.390625 0.8359375 0.0390625 0.0390625
0 0.82421875 0.875 0.0390625 0.0390625
0 0.75390625 0.8984375 0.0390625 0.0390625
0 0.75390625 0.90234375 0.0390625 0.0390625
0 0.69921875 0.91015625 0.0390625 0.0390625
0 0.640625 0.93359375 0.0390625 0.0390625
0 0.89453125 0.96875 0.0390625 0.0390625
0 0.8984375 0.96875 0.0390625 0.0390625
