0 0.63671875 0.0 0.0390625 0.0390625
0 0.640625 0.0 0.0390625 0.0390625
0 0.96484375 0.0078125 0.0390625 0.0390625
0 0.0078125 0.01171875 0.0390625 0.0390625
0 0.01171875 0.01171875 0.0390625 0.0390625
0 0.3203125 0.0390625 0.0390625 0.0390625
0 0.26953125 0.05078125 0.0390625 0.0390625
0 0.01953125 0.05859375 0.0390625 0.0390625
0 0.328125 0.0703125 0.0390625 0.0390625
0 0.328125 0.07421875 0.0390625 0.0390625
0 0.1875 0.11328125 0.0390625 0.0390625
0 0.1875 0.1171875 0.0390625 0.0390625
0 0.015625 0.1328125 0.0390625 0.0390625
0 0.6484375 0.1640625 0.0390625 0.0390625
0 0.6484375 0.16796875 0.0390625 0.0390625
0 0.35546875 0.19921875 0.0390625 0.0390625
0 0.53515625 0.19921875 0.0390625 0.0390625
0 0.53515625 0.203125 0.0390625 0.0390625
0 0.47265625 0.21484375 0.0390625 0.0390625
0 0.4765625 0.21484375 0.0390625 0.0390625
0 0.94140625 0.21875 0.0390625 0.0390625
0 0.9453125 0.21875 0.0390625 0.0390625
0 0.94140625 0.22265625 0.0390625 0.0390625
0 0.9453125 0.22265625 0.0390625 0.0390625
0 0.41796875 0.23046875 0.0390625 0.0390625
0 0.421875 0.23046875 0.0390625 0.0390625
0 0.375 0.24609375 0.0390625 0.0390625
0 0.375 0.25 0.0390625 0.0390625
0 0.7265625 0.25 0.0390625 0.0390625
0 0.32421875 0.265625 0.0390625 0.0390625
0 0.2734375 0.27734375 0.0390625 0.0390625
0 0.27734375 0.27734375 0.0390625 0.0390625
0 0.15234375 0.28125 0.0390625 0.0390625
0 0.7421875 0.296875 0.0390625 0.0390625
0 0.15234375 0.31640625 0.0390625 0.0390625
0 0.10546875 0.328125 0.0390625 0.0390625
0 0.05078125 0.34765625 0.0390625 0.0390625
0 0.76171875 0.37890625 0.0390625 0.0390625
0 0.875 0.67578125 0.0390625 0.0390625
0 0.87890625 0.67578125 0.0390625 0.0390625
0 0.85546875 0.6875 0.0390625 0.0390625
0 0.80859375 0.75390625 0.0390625 0.0390625
0 0.16796875 0.77734375 0.0390625 0.0390625
0 0.125 0.78125 0.0390625 0.0390625
0 0.12890625 0.78125 0.0390625 0.0390625
0 0.109375 0.7890625 0.0390625 0.0390625
0 0.0859375 0.79296875 0.0390625 0.0390625
0 0.08984375 0.79296875 0.0390625 0.0390625
0 0.5703125 0.828125 0.0390625 0.0390625
0 0.5703125 0.83203125 0.0390625 0.0390625
0 0.50390625 0.84765625 0.0390625 0.0390625
0 0.4609375 0.859375 0.0390625 0.0390625
0 0.375 0.89453125 0.0390625 0.0390625
0 0.19921875 0.953125 0.0390625 0.0390625
0 0.1484375 0.96484375 0.0390625 0.0390625
0 0.15234375 0.96484375 0.0390625 0.0390625
0 0.10546875 0.98046875 0.0390625 0.0390625
0 0.06640625 0.9921875 0.0390625 0.0390625
