0 0.44140625 0.140625 0.0390625 0.0390625
0 0.80078125 0.140625 0.0390625 0.0390625
0 0.8046875 0.140625 0.0390625 0.0390625
0 0.44140625 0.14453125 0.0390625 0.0390625
0 0.80078125 0.14453125 0.0390625 0.0390625
0 0.8046875 0.14453125 0.0390625 0.0390625
0 0.66796875 0.1484375 0.0390625 0.0390625
0 0.66796875 0.15234375 0.0390625 0.0390625
0 0.45703125 0.1875 0.0390625 0.0390625
0 0.46875 0.23046875 0.0390625 0.0390625
0 0.50390625 0.359375 0.0390625 0.0390625
0 0.859375 0.359375 0.0390625 0.0390625
0 0.86328125 0.359375 0.0390625 0.0390625
0 0.51953125 0.40625 0.0390625 0.0390625
0 0.51953125 0.41015625 0.0390625 0.0390625
0 0.59375 0.55859375 0.0390625 0.0390625
0 0.59765625 0.55859375 0.0390625 0.0390625
0 0.6328125 0.578125 0.0390625 0.0390625
0 0.09375 0.60546875 0.0390625 0.0390625
0 0.09375 0.609375 0.0390625 0.0390625
0 0.578125 0.609375 0.0390625 0.0390625
0 0.14453125 0.69140625 0.0390625 0.0390625
0 0.09765625 0.765625 0.0390625 0.0390625
0 0.1015625 0.765625 0.0390625 0.0390625
0 0.0234375 0.8125 0.0390625 0.0390625
0 0.12890625 0.84375 0.0390625 0.0390625
0 0.03515625 0.85546875 0.0390625 0.0390625
0 0.046875 0.8984375 0.0390625 0.0390625
0 0.1484375 0.9296875 0.0390625 0.0390625
0 0.0625 0.94140625 0.0390625 0.0390625
0 0.07421875 0.98046875 0.0390625 0.0390625
0 0.07421875 0.984375 0.0390625 0.0390625
0 0.16796875 0.9921875 0.0390625 0.0390625
