0 0.68359375 0.0 0.0390625 0.0390625
0 0.6875 0.0 0.0390625 0.0390625
0 0.68359375 0.00390625 0.0390625 0.0390625
0 0.6875 0.00390625 0.0390625 0.0390625
0 0.78125 0.0078125 0.0390625 0.0390625
0 0.4765625 0.01953125 0.0390625 0.0390625
0 0.796875 0.0546875 0.0390625 0.0390625
0 0.734375 0.0703125 0.0390625 0.0390625
0 0.37109375 0.09765625 0.0390625 0.0390625
0 0.78515625 0.12109375 0.0390625 0.0390625
0 0.8203125 0.1328125 0.0390625 0.0390625
0 0.3828125 0.13671875 0.0390625 0.0390625
0 0.84375 0.20703125 0.0390625 0.0390625
0 0.7578125 0.24609375 0.0390625 0.0390625
0 0.87890625 0.328125 0.0390625 0.0390625
0 0.86328125 0.39453125 0.0390625 0.0390625
0 0.3515625 0.421875 0.0390625 0.0390625
0 0.35546875 0.421875 0.0390625 0.0390625
0 0.3515625 0.42578125 0.0390625 0.0390625
0 0.35546875 0.42578125 0.0390625 0.0390625
0 0.82421875 0.4765625 0.0390625 0.0390625
0 0.86328125 0.49609375 0.0390625 0.0390625
0 0.89453125 0.6171875 0.0390625 0.0390625
0 0.8984375 0.6171875 0.0390625 0.0390625
0 0.8125 0.77734375 0.0390625 0.0390625
0 0.578125 0.83984375 0.0390625 0.0390625
0 0.578125 0.84375 0.0390625 0.0390625
0 0.8515625 0.91015625 0.0390625 0.0390625
0 0.37109375 0.9296875 0.0390625 0.0390625
0 0.609375 0.9609375 0.0390625 0.0390625
0 0.66796875 0.984375 0.0390625 0.0390625
0 0.66796875 0.98828125 0.0390625 0.0390625
