0 0.296875 0.0078125 0.0390625 0.0390625
0 0.96484375 0.1484375 0.0390625 0.0390625
0 0.96484375 0.15234375 0.0390625 0.0390625
0 0.91015625 0.16015625 0.0390625 0.0390625
0 0.9140625 0.16015625 0.0390625 0.0390625
0 0.91015625 0.1640625 0.0390625 0.0390625
0 0.9140625 0.1640625 0.0390625 0.0390625
0 0.859375 0.17578125 0.0390625 0.0390625
0 0.859375 0.1796875 0.0390625 0.0390625
0 0.94921875 0.1875 0.0390625 0.0390625
0 0.5625 0.2890625 0.0390625 0.0390625
0 0.265625 0.359375 0.0390625 0.0390625
0 0.265625 0.36328125 0.0390625 0.0390625
0 0.43359375 0.36328125 0.0390625 0.0390625
0 0.9921875 0.3671875 0.0390625 0.0390625
0 0.80078125 0.37109375 0.0390625 0.0390625
0 0.2109375 0.375 0.0390625 0.0390625
0 0.94921875 0.37890625 0.0390625 0.0390625
0 0.953125 0.37890625 0.0390625 0.0390625
0 0.16796875 0.390625 0.0390625 0.0390625
0 0.8984375 0.39453125 0.0390625 0.0390625
0 0.11328125 0.40625 0.0390625 0.0390625
0 0.0625 0.41796875 0.0390625 0.0390625
0 0.0625 0.421875 0.0390625 0.0390625
0 0.16015625 0.421875 0.0390625 0.0390625
0 0.0234375 0.4296875 0.0390625 0.0390625
0 0.78515625 0.4296875 0.0390625 0.0390625
0 0.7890625 0.4296875 0.0390625 0.0390625
0 0.74609375 0.4375 0.0390625 0.0390625
0 0.5625 0.44140625 0.0390625 0.0390625
0 0.56640625 0.44140625 0.0390625 0.0390625
0 0.5625 0.4453125 0.0390625 0.0390625
0 0.56640625 0.4453125 0.0390625 0.0390625
0 0.55859375 0.44921875 0.0390625 0.0390625
0 0.0546875 0.60546875 0.0390625 0.0390625
0 0.0546875 0.609375 0.0390625 0.0390625
0 0.94921875 0.91015625 0.0390625 0.0390625
