0 0.4765625 0.0078125 0.0390625 0.0390625
0 0.44921875 0.015625 0.0390625 0.0390625
0 0.453125 0.015625 0.0390625 0.0390625
0 0.4296875 0.0625 0.0390625 0.0390625
0 0.80078125 0.10546875 0.0390625 0.0390625
0 0.48046875 0.11328125 0.0390625 0.0390625
0 0.796875 0.1328125 0.0390625 0.0390625
0 0.4296875 0.1484375 0.0390625 0.0390625
0 0.5 0.171875 0.0390625 0.0390625
0 0.5 0.17578125 0.0390625 0.0390625
0 0.46875 0.18359375 0.0390625 0.0390625
0 0.82421875 0.18359375 0.0390625 0.0390625
0 0.44921875 0.21484375 0.0390625 0.0390625
0 0.83203125 0.23046875 0.0390625 0.0390625
0 0.5234375 0.23828125 0.0390625 0.0390625
0 0.83984375 0.25390625 0.0390625 0.0390625
0 0.53515625 0.2890625 0.0390625 0.0390625
0 0.53515625 0.29296875 0.0390625 0.0390625
0 0.82421875 0.3046875 0.0390625 0.0390625
0 0.828125 0.3046875 0.0390625 0.0390625
0 0.9296875 0.3046875 0.0390625 0.0390625
0 0.82421875 0.30859375 0.0390625 0.0390625
0 0.828125 0.30859375 0.0390625 0.0390625
0 0.578125 0.3203125 0.0390625 0.0390625
0 0.55078125 0.34765625 0.0390625 0.0390625
0 0.55078125 0.3515625 0.0390625 0.0390625
0 0.1328125 0.35546875 0.0390625 0.0390625
0 0.109375 0.359375 0.0390625 0.0390625
0 0.88671875 0.37109375 0.0390625 0.0390625
0 0.59375 0.375 0.0390625 0.0390625
0 0.5625 0.40234375 0.0390625 0.0390625
0 0.60546875 0.41796875 0.0390625 0.0390625
0 0.1875 0.43359375 0.0390625 0.0390625
0 0.19140625 0.43359375 0.0390625 0.0390625
0 0.265625 0.44140625 0.0390625 0.0390625
0 0.5859375 0.4453125 0.0390625 0.0390625
0 0.1953125 0.44921875 0.0390625 0.0390625
0 0.9921875 0.44921875 0.0390625 0.0390625
0 0.875 0.46484375 0.0390625 0.0390625
0 0.625 0.4765625 0.0390625 0.0390625
0 0.0078125 0.484375 0.0390625 0.0390625
0 0.90234375 0.484375 0.0390625 0.0390625
0 0.90625 0.484375 0.0390625 0.0390625
0 0.33984375 0.48828125 0.0390625 0.0390625
0 0.59765625 0.48828125 0.0390625 0.0390625
0 0.33984375 0.4921875 0.0390625 0.0390625
0 0.59765625 0.4921875 0.0390625 0.0390625
0 0.21875 0.5078125 0.0390625 0.0390625
0 0.34375 0.52734375 0.0390625 0.0390625
0 0.51171875 0.52734375 0.0390625 0.0390625
0 0.34375 0.53125 0.0390625 0.0390625
0 0.22265625 0.53515625 0.0390625 0.0390625
0 0.2265625 0.53515625 0.0390625 0.0390625
0 0.61328125 0.546875 0.0390625 0.0390625
0 0.3828125 0.55859375 0.0390625 0.0390625
0 0.234375 0.5625 0.0390625 0.0390625
0 0.3828125 0.5625 0.0390625 0.0390625
0 0.34765625 0.57421875 0.0390625 0.0390625
0 0.421875 0.58984375 0.0390625 0.0390625
0 0.42578125 0.58984375 0.0390625 0.0390625
0 0.66015625 0.59375 0.0390625 0.0390625
0 0.20703125 0.6171875 0.0390625 0.0390625
0 0.20703125 0.62109375 0.0390625 0.0390625
0 0.16015625 0.63671875 0.0390625 0.0390625
0 0.671875 0.640625 0.0390625 0.0390625
0 0.671875 0.64453125 0.0390625 0.0390625
0 0.1171875 0.65234375 0.0390625 0.0390625
0 0.1171875 0.65625 0.0390625 0.0390625
0 0.65234375 0.6953125 0.0390625 0.0390625
0 0.609375 0.7578125 0.0390625 0.0390625
0 0.10546875 0.76953125 0.0390625 0.0390625
0 0.68359375 0.7890625 0.0390625 0.0390625
0 0.6875 0.7890625 0.0390625 0.0390625
0 0.71875 0.91796875 0.0390625 0.0390625
0 0.65625 0.921875 0.0390625 0.0390625
0 0.65625 0.92578125 0.0390625 0.0390625
0 0.09375 0.9921875 0.0390625 0.0390625
0 0.09765625 0.9921875 0.0390625 0.0390625
0 0.125 0.9921875 0.0390625 0.0390625
0 0.125 0.99609375 0.0390625 0.0390625
