0 0.66015625 0.16796875 0.0390625 0.0390625
0 0.22265625 0.28125 0.0390625 0.0390625
0 0.2265625 0.28125 0.0390625 0.0390625
0 0.22265625 0.28515625 0.0390625 0.0390625
0 0.2265625 0.28515625 0.0390625 0.0390625
0 0.67578125 0.34765625 0.0390625 0.0390625
0 0.625 0.36328125 0.0390625 0.0390625
0 0.625 0.3671875 0.0390625 0.0390625
0 0.21484375 0.3828125 0.0390625 0.0390625
0 0.35546875 0.46875 0.0390625 0.0390625
0 0.625 0.59765625 0.0390625 0.0390625
0 0.62890625 0.59765625 0.0390625 0.0390625
0 0.578125 0.61328125 0.0390625 0.0390625
0 0.58203125 0.61328125 0.0390625 0.0390625
0 0.76953125 0.6328125 0.0390625 0.0390625
0 0.515625 0.63671875 0.0390625 0.0390625
0 0.51953125 0.63671875 0.0390625 0.0390625
0 0.4765625 0.6484375 0.0390625 0.0390625
0 0.4296875 0.66796875 0.0390625 0.0390625
0 0.31640625 0.703125 0.0390625 0.0390625
0 0.26171875 0.72265625 0.0390625 0.0390625
0 0.078125 0.7890625 0.0390625 0.0390625
0 0.03515625 0.80078125 0.0390625 0.0390625
0 0.0390625 0.80078125 0.0390625 0.0390625
0 0.6328125 0.92578125 0.0390625 0.0390625
0 0.63671875 0.92578125 0.0390625 0.0390625
0 0.6328125 0.9296875 0.0390625 0.0390625
0 0.63671875 0.9296875 0.0390625 0.0390625
0 0.53515625 0.96484375 0.0390625 0.0390625
0 0.75 0.98828125 0.0390625 0.0390625
