0 0.1328125 0.0390625 0.0390625 0.0390625
0 0.13671875 0.0390625 0.0390625 0.0390625
0 0.23828125 0.07421875 0.0390625 0.0390625
0 0.16015625 0.125 0.0390625 0.0390625
0 0.16015625 0.12890625 0.0390625 0.0390625
0 0.16796875 0.171875 0.0390625 0.0390625
0 0.171875 0.171875 0.0390625 0.0390625
0 0.26953125 0.18359375 0.0390625 0.0390625
0 0.26953125 0.1875 0.0390625 0.0390625
0 0.2109375 0.30859375 0.0390625 0.0390625
0 0.03515625 0.3203125 0.0390625 0.0390625
0 0.140625 0.34765625 0.0390625 0.0390625
0 0.5234375 0.47265625 0.0390625 0.0390625
0 0.2890625 0.48046875 0.0390625 0.0390625
0 0.61328125 0.875 0.0390625 0.0390625
0 0.890625 0.875 0.0390625 0.0390625
0 0.61328125 0.87890625 0.0390625 0.0390625
0 0.94140625 0.96875 0.0390625 0.0390625
