0 0.0625 0.039603960396039604 0.0390625 0.04950495049504951
0 0.015625 0.054455445544554455 0.0390625 0.04950495049504951
0 0.01953125 0.054455445544554455 0.0390625 0.04950495049504951
0 0.015625 0.0594059405940594 0.0390625 0.04950495049504951
0 0.01953125 0.0594059405940594 0.0390625 0.04950495049504951
0 0.59765625 0.07425742574257425 0.0390625 0.04950495049504951
0 0.4609375 0.12376237623762376 0.0390625 0.04950495049504951
0 0.48046875 0.1782178217821782 0.0390625 0.04950495049504951
0 0.31640625 0.18316831683168316 0.0390625 0.04950495049504951
0 0.41796875 0.18316831683168316 0.0390625 0.04950495049504951
0 0.35546875 0.2079207920792079 0.0390625 0.04950495049504951
0 0.296875 0.22772277227722773 0.0390625 0.04950495049504951
0 0.296875 0.23267326732673269 0.0390625 0.04950495049504951
0 0.17578125 0.2376237623762376 0.0390625 0.04950495049504951
0 0.23828125 0.24752475247524752 0.0390625 0.04950495049504951
0 0.23828125 0.2524752475247525 0.0390625 0.04950495049504951
0 0.19140625 0.2722772277227723 0.0390625 0.04950495049504951
0 0.109375 0.297029702970297 0.0390625 0.04950495049504951
0 0.109375 0.30198019801980197 0.0390625 0.04950495049504951
0 0.5859375 0.3069306930693069 0.0390625 0.04950495049504951
0 0.55078125 0.37623762376237624 0.0390625 0.04950495049504951
0 0.60546875 0.3811881188118812 0.0390625 0.04950495049504951
0 0.609375 0.3811881188118812 0.0390625 0.04950495049504951
0 0.58984375 0.5495049504950495 0.0390625 0.04950495049504951
0 0.62109375 0.6831683168316832 0.0390625 0.04950495049504951
0 0.30859375 0.7227722772277227 0.0390625 0.04950495049504951
0 0.6328125 0.7326732673267327 0.0390625 0.04950495049504951
0 0.65234375 0.8118811881188119 0.0390625 0.04950495049504951
0 0.65625 0.8118811881188119 0.0390625 0.04950495049504951
0 0.76171875 0.8514851485148515 0.0390625 0.04950495049504951
0 0.15234375 0.8811881188118812 0.0390625 0.04950495049504951
0 0.671875 0.8811881188118812 0.0390625 0.04950495049504951
0 0.77734375 0.9257425742574258 0.0390625 0.04950495049504951
0 0.68359375 0.9405940594059405 0.0390625 0.04950495049504951
