0 0.89453125 0.0 0.0390625 0.04950495049504951
0 0.87109375 0.06930693069306931 0.0390625 0.04950495049504951
0 0.83984375 0.07920792079207921 0.0390625 0.04950495049504951
0 0.8359375 0.08415841584158416 0.0390625 0.04950495049504951
0 0.83984375 0.08415841584158416 0.0390625 0.04950495049504951
0 0.96484375 0.09900990099009901 0.0390625 0.04950495049504951
0 0.3671875 0.3564356435643564 0.0390625 0.04950495049504951
0 0.28125 0.400990099009901 0.0390625 0.04950495049504951
0 0.28515625 0.400990099009901 0.0390625 0.04950495049504951
0 0.18359375 0.4306930693069307 0.0390625 0.04950495049504951
0 0.1875 0.4306930693069307 0.0390625 0.04950495049504951
0 0.37109375 0.43564356435643564 0.0390625 0.04950495049504951
0 0.33984375 0.44554455445544555 0.0390625 0.04950495049504951
0 0.140625 0.45544554455445546 0.0390625 0.04950495049504951
0 0.14453125 0.45544554455445546 0.0390625 0.04950495049504951
0 0.31640625 0.45544554455445546 0.0390625 0.04950495049504951
0 0.31640625 0.4603960396039604 0.0390625 0.04950495049504951
0 0.09765625 0.47029702970297027 0.0390625 0.04950495049504951
0 0.09765625 0.4752475247524752 0.0390625 0.04950495049504951
0 0.1953125 0.5 0.0390625 0.04950495049504951
0 0.1953125 0.504950495049505 0.0390625 0.04950495049504951
0 0.14453125 0.5297029702970297 0.0390625 0.04950495049504951
0 0.12109375 0.5396039603960396 0.0390625 0.04950495049504951
0 0.046875 0.5594059405940595 0.0390625 0.04950495049504951
0 0.05078125 0.5594059405940595 0.0390625 0.04950495049504951
0 0.046875 0.5643564356435643 0.0390625 0.04950495049504951
0 0.05078125 0.5643564356435643 0.0390625 0.04950495049504951
0 0.078125 0.5643564356435643 0.0390625 0.04950495049504951
0 0.2734375 0.6089108910891089 0.0390625 0.04950495049504951
0 0.2265625 0.6336633663366337 0.0390625 0.04950495049504951
0 0.2265625 0.6386138613861386 0.0390625 0.04950495049504951
0 0.171875 0.6534653465346535 0.0390625 0.04950495049504951
0 0.1484375 0.6584158415841584 0.0390625 0.04950495049504951
0 0.15234375 0.6584158415841584 0.0390625 0.04950495049504951
0 0.12890625 0.6633663366336634 0.0390625 0.04950495049504951
0 0.1484375 0.6633663366336634 0.0390625 0.04950495049504951
0 0.15234375 0.6633663366336634 0.0390625 0.04950495049504951
0 0.12890625 0.6683168316831684 0.0390625 0.04950495049504951
0 0.09765625 0.6782178217821783 0.0390625 0.04950495049504951
