0 0.84765625 0.034653465346534656 0.0390625 0.04950495049504951
0 0.8515625 0.034653465346534656 0.0390625 0.04950495049504951
0 0.15234375 0.039603960396039604 0.0390625 0.04950495049504951
0 0.84765625 0.039603960396039604 0.0390625 0.04950495049504951
0 0.8515625 0.039603960396039604 0.0390625 0.04950495049504951
0 0.15234375 0.04455445544554455 0.0390625 0.04950495049504951
0 0.86328125 0.0891089108910891 0.0390625 0.04950495049504951
0 0.81640625 0.09405940594059406 0.0390625 0.04950495049504951
0 0.81640625 0.09900990099009901 0.0390625 0.04950495049504951
0 0.1640625 0.10396039603960396 0.0390625 0.04950495049504951
0 0.79296875 0.10396039603960396 0.0390625 0.04950495049504951
0 0.5546875 0.1782178217821782 0.0390625 0.04950495049504951
0 0.7265625 0.2524752475247525 0.0390625 0.04950495049504951
0 0.73046875 0.25742574257425743 0.0390625 0.04950495049504951
0 0.734375 0.25742574257425743 0.0390625 0.04950495049504951
0 0.359375 0.3316831683168317 0.0390625 0.04950495049504951
0 0.32421875 0.3465346534653465 0.0390625 0.04950495049504951
0 0.56640625 0.4752475247524752 0.0390625 0.04950495049504951
0 0.79296875 0.48514851485148514 0.0390625 0.04950495049504951
0 0.9453125 0.5099009900990099 0.0390625 0.04950495049504951
0 0.23828125 0.5445544554455446 0.0390625 0.04950495049504951
0 0.37890625 0.5544554455445545 0.0390625 0.04950495049504951
0 0.421875 0.5841584158415841 0.0390625 0.04950495049504951
0 0.61328125 0.594059405940594 0.0390625 0.04950495049504951
0 0.6171875 0.594059405940594 0.0390625 0.04950495049504951
0 0.58984375 0.6089108910891089 0.0390625 0.04950495049504951
0 0.59375 0.6089108910891089 0.0390625 0.04950495049504951
0 0.15625 0.6138613861386139 0.0390625 0.04950495049504951
0 0.53515625 0.6287128712871287 0.0390625 0.04950495049504951
