0 0.51171875 0.0049504950495049506 0.0390625 0.04950495049504951
0 0.96875 0.07920792079207921 0.0390625 0.04950495049504951
0 0.921875 0.09405940594059406 0.0390625 0.04950495049504951
0 0.87890625 0.11386138613861387 0.0390625 0.04950495049504951
0 0.9609375 0.12376237623762376 0.0390625 0.04950495049504951
0 0.828125 0.12871287128712872 0.0390625 0.04950495049504951
0 0.828125 0.13366336633663367 0.0390625 0.04950495049504951
0 0.78125 0.14356435643564355 0.0390625 0.04950495049504951
0 0.78125 0.1485148514851485 0.0390625 0.04950495049504951
0 0.73828125 0.16336633663366337 0.0390625 0.04950495049504951
0 0.671875 0.18316831683168316 0.0390625 0.04950495049504951
0 0.78515625 0.21782178217821782 0.0390625 0.04950495049504951
0 0.90234375 0.3217821782178218 0.0390625 0.04950495049504951
0 0.90234375 0.32673267326732675 0.0390625 0.04950495049504951
0 0.96875 0.33663366336633666 0.0390625 0.04950495049504951
0 0.97265625 0.33663366336633666 0.0390625 0.04950495049504951
0 0.80859375 0.3564356435643564 0.0390625 0.04950495049504951
0 0.8125 0.3564356435643564 0.0390625 0.04950495049504951
0 0.703125 0.39603960396039606 0.0390625 0.04950495049504951
0 0.30078125 0.4306930693069307 0.0390625 0.04950495049504951
0 0.296875 0.4405940594059406 0.0390625 0.04950495049504951
0 0.2421875 0.4504950495049505 0.0390625 0.04950495049504951
0 0.24609375 0.4504950495049505 0.0390625 0.04950495049504951
0 0.57421875 0.4504950495049505 0.0390625 0.04950495049504951
0 0.57421875 0.45544554455445546 0.0390625 0.04950495049504951
0 0.2421875 0.4603960396039604 0.0390625 0.04950495049504951
0 0.73046875 0.4603960396039604 0.0390625 0.04950495049504951
0 0.69140625 0.4752475247524752 0.0390625 0.04950495049504951
0 0.07421875 0.49504950495049505 0.0390625 0.04950495049504951
0 0.4140625 0.504950495049505 0.0390625 0.04950495049504951
0 0.5546875 0.5247524752475248 0.0390625 0.04950495049504951
0 0.4375 0.5297029702970297 0.0390625 0.04950495049504951
0 0.4375 0.5346534653465347 0.0390625 0.04950495049504951
0 0.5078125 0.5445544554455446 0.0390625 0.04950495049504951
0 0.46875 0.5594059405940595 0.0390625 0.04950495049504951
0 0.4296875 0.5792079207920792 0.0390625 0.04950495049504951
0 0.37890625 0.594059405940594 0.0390625 0.04950495049504951
0 0.328125 0.6138613861386139 0.0390625 0.04950495049504951
0 0.33203125 0.6138613861386139 0.0390625 0.04950495049504951
0 0.328125 0.6188118811881188 0.0390625 0.04950495049504951
0 0.33203125 0.6188118811881188 0.0390625 0.04950495049504951
0 0.01171875 0.6584158415841584 0.0390625 0.04950495049504951
0 0.20703125 0.7524752475247525 0.0390625 0.04950495049504951
0 0.21484375 0.8168316831683168 0.0390625 0.04950495049504951
0 0.21484375 0.9801980198019802 0.0390625 0.04950495049504951
