0 0.76171875 0.034653465346534656 0.0390625 0.04950495049504951
0 0.765625 0.034653465346534656 0.0390625 0.04950495049504951
0 0.734375 0.039603960396039604 0.0390625 0.04950495049504951
0 0.734375 0.04455445544554455 0.0390625 0.04950495049504951
0 0.70703125 0.04950495049504951 0.0390625 0.04950495049504951
0 0.70703125 0.054455445544554455 0.0390625 0.04950495049504951
0 0.48046875 0.06435643564356436 0.0390625 0.04950495049504951
0 0.48828125 0.11386138613861387 0.0390625 0.04950495049504951
0 0.48828125 0.1188118811881188 0.0390625 0.04950495049504951
0 0.50390625 0.16336633663366337 0.0390625 0.04950495049504951
0 0.01953125 0.32673267326732675 0.0390625 0.04950495049504951
0 0.9140625 0.4801980198019802 0.0390625 0.04950495049504951
0 0.9140625 0.48514851485148514 0.0390625 0.04950495049504951
0 0.875 0.49504950495049505 0.0390625 0.04950495049504951
0 0.875 0.5 0.0390625 0.04950495049504951
0 0.95703125 0.5 0.0390625 0.04950495049504951
0 0.95703125 0.504950495049505 0.0390625 0.04950495049504951
0 0.8203125 0.5198019801980198 0.0390625 0.04950495049504951
0 0.5390625 0.5247524752475248 0.0390625 0.04950495049504951
0 0.83203125 0.5544554455445545 0.0390625 0.04950495049504951
0 0.73828125 0.6237623762376238 0.0390625 0.04950495049504951
0 0.7421875 0.6237623762376238 0.0390625 0.04950495049504951
0 0.5 0.6534653465346535 0.0390625 0.04950495049504951
0 0.4609375 0.6584158415841584 0.0390625 0.04950495049504951
0 0.4609375 0.6633663366336634 0.0390625 0.04950495049504951
0 0.41796875 0.6683168316831684 0.0390625 0.04950495049504951
0 0.3515625 0.6881188118811881 0.0390625 0.04950495049504951
0 0.3515625 0.693069306930693 0.0390625 0.04950495049504951
0 0.3125 0.7029702970297029 0.0390625 0.04950495049504951
0 0.26953125 0.7178217821782178 0.0390625 0.04950495049504951
0 0.2265625 0.7326732673267327 0.0390625 0.04950495049504951
0 0.76953125 0.8366336633663366 0.0390625 0.04950495049504951
0 0.15625 0.8415841584158416 0.0390625 0.04950495049504951
0 0.703125 0.8613861386138614 0.0390625 0.04950495049504951
0 0.66015625 0.8811881188118812 0.0390625 0.04950495049504951
0 0.66015625 0.8861386138613861 0.0390625 0.04950495049504951
0 0.609375 0.8960396039603961 0.0390625 0.04950495049504951
