0 0.08203125 0.024752475247524754 0.0390625 0.04950495049504951
0 0.08203125 0.0297029702970297 0.0390625 0.04950495049504951
0 0.1796875 0.04950495049504951 0.0390625 0.04950495049504951
0 0.8125 0.33663366336633666 0.0390625 0.04950495049504951
0 0.7734375 0.3564356435643564 0.0390625 0.04950495049504951
0 0.84375 0.6435643564356436 0.0390625 0.04950495049504951
0 0.8828125 0.8316831683168316 0.0390625 0.04950495049504951
0 0.0859375 0.8514851485148515 0.0390625 0.04950495049504951
0 0.08984375 0.8514851485148515 0.0390625 0.04950495049504951
0 0.0859375 0.8564356435643564 0.0390625 0.04950495049504951
0 0.08984375 0.8564356435643564 0.0390625 0.04950495049504951
0 0.0390625 0.8663366336633663 0.0390625 0.04950495049504951
0 0.0390625 0.8712871287128713 0.0390625 0.04950495049504951
0 0.05078125 0.8910891089108911 0.0390625 0.04950495049504951
0 0.8984375 0.8960396039603961 0.0390625 0.04950495049504951
0 0.0625 0.9158415841584159 0.0390625 0.04950495049504951
0 0.06640625 0.9158415841584159 0.0390625 0.04950495049504951
0 0.91015625 0.9554455445544554 0.0390625 0.04950495049504951
0 0.9140625 0.9554455445544554 0.0390625 0.04950495049504951
