0 0.4921875 0.0297029702970297 0.0390625 0.04950495049504951
0 0.53125 0.054455445544554455 0.0390625 0.04950495049504951
0 0.54296875 0.1188118811881188 0.0390625 0.04950495049504951
0 0.5625 0.26732673267326734 0.0390625 0.04950495049504951
0 0.9453125 0.38613861386138615 0.0390625 0.04950495049504951
0 0.84375 0.43564356435643564 0.0390625 0.04950495049504951
0 0.578125 0.5396039603960396 0.0390625 0.04950495049504951
0 0.203125 0.7722772277227723 0.0390625 0.04950495049504951
0 0.234375 0.8762376237623762 0.0390625 0.04950495049504951
0 0.23828125 0.8762376237623762 0.0390625 0.04950495049504951
0 0.9609375 0.9306930693069307 0.0390625 0.04950495049504951
