0 0.06640625 0.0049504950495049506 0.0390625 0.04950495049504951
0 0.16015625 0.17326732673267325 0.0390625 0.04950495049504951
0 0.46875 0.18316831683168316 0.0390625 0.04950495049504951
0 0.47265625 0.18316831683168316 0.0390625 0.04950495049504951
0 0.125 0.19306930693069307 0.0390625 0.04950495049504951
0 0.7890625 0.21287128712871287 0.0390625 0.04950495049504951
0 0.79296875 0.21287128712871287 0.0390625 0.04950495049504951
0 0.046875 0.21782178217821782 0.0390625 0.04950495049504951
0 0.203125 0.21782178217821782 0.0390625 0.04950495049504951
0 0.203125 0.22277227722772278 0.0390625 0.04950495049504951
0 0.48046875 0.22772277227722773 0.0390625 0.04950495049504951
0 0.13671875 0.24752475247524752 0.0390625 0.04950495049504951
0 0.1171875 0.25742574257425743 0.0390625 0.04950495049504951
0 0.12109375 0.25742574257425743 0.0390625 0.04950495049504951
0 0.09375 0.2623762376237624 0.0390625 0.04950495049504951
0 0.09765625 0.2623762376237624 0.0390625 0.04950495049504951
0 0.484375 0.2623762376237624 0.0390625 0.04950495049504951
0 0.48828125 0.2623762376237624 0.0390625 0.04950495049504951
0 0.09375 0.26732673267326734 0.0390625 0.04950495049504951
0 0.09765625 0.26732673267326734 0.0390625 0.04950495049504951
0 0.07421875 0.27722772277227725 0.0390625 0.04950495049504951
0 0.02734375 0.30198019801980197 0.0390625 0.04950495049504951
0 0.23046875 0.3465346534653465 0.0390625 0.04950495049504951
0 0.828125 0.3465346534653465 0.0390625 0.04950495049504951
0 0.48046875 0.3712871287128713 0.0390625 0.04950495049504951
0 0.484375 0.3712871287128713 0.0390625 0.04950495049504951
0 0.16015625 0.37623762376237624 0.0390625 0.04950495049504951
0 0.07421875 0.40594059405940597 0.0390625 0.04950495049504951
0 0.07421875 0.41089108910891087 0.0390625 0.04950495049504951
0 0.8046875 0.4158415841584158 0.0390625 0.04950495049504951
0 0.84765625 0.4504950495049505 0.0390625 0.04950495049504951
0 0.8515625 0.4504950495049505 0.0390625 0.04950495049504951
0 0.7890625 0.4801980198019802 0.0390625 0.04950495049504951
0 0.79296875 0.4801980198019802 0.0390625 0.04950495049504951
0 0.7890625 0.48514851485148514 0.0390625 0.04950495049504951
0 0.79296875 0.48514851485148514 0.0390625 0.04950495049504951
0 0.5546875 0.5396039603960396 0.0390625 0.04950495049504951
0 0.8984375 0.5396039603960396 0.0390625 0.04950495049504951
0 0.5546875 0.5445544554455446 0.0390625 0.04950495049504951
0 0.89453125 0.6584158415841584 0.0390625 0.04950495049504951
0 0.9375 0.693069306930693 0.0390625 0.04950495049504951
0 0.94921875 0.7475247524752475 0.0390625 0.04950495049504951
0 0.8828125 0.7623762376237624 0.0390625 0.04950495049504951
0 0.88671875 0.7623762376237624 0.0390625 0.04950495049504951
0 0.9609375 0.806930693069307 0.0390625 0.04950495049504951
0 0.96484375 0.806930693069307 0.0390625 0.04950495049504951
0 0.9375 0.8514851485148515 0.0390625 0.04950495049504951
0 0.97265625 0.9752475247524752 0.0390625 0.04950495049504951
0 0.9765625 0.9752475247524752 0.0390625 0.04950495049504951
