0 0.62109375 0.09900990099009901 0.0390625 0.04950495049504951
0 0.625 0.09900990099009901 0.0390625 0.04950495049504951
0 0.62109375 0.10396039603960396 0.0390625 0.04950495049504951
0 0.625 0.10396039603960396 0.0390625 0.04950495049504951
0 0.171875 0.3910891089108911 0.0390625 0.04950495049504951
0 0.15234375 0.400990099009901 0.0390625 0.04950495049504951
0 0.69140625 0.4306930693069307 0.0390625 0.04950495049504951
0 0.03125 0.4405940594059406 0.0390625 0.04950495049504951
0 0.71875 0.5297029702970297 0.0390625 0.04950495049504951
0 0.72265625 0.5297029702970297 0.0390625 0.04950495049504951
0 0.6953125 0.5445544554455446 0.0390625 0.04950495049504951
0 0.60546875 0.5693069306930693 0.0390625 0.04950495049504951
0 0.3359375 0.5742574257425742 0.0390625 0.04950495049504951
0 0.3359375 0.5792079207920792 0.0390625 0.04950495049504951
0 0.7265625 0.6237623762376238 0.0390625 0.04950495049504951
0 0.68359375 0.6386138613861386 0.0390625 0.04950495049504951
0 0.6875 0.6386138613861386 0.0390625 0.04950495049504951
0 0.12109375 0.6584158415841584 0.0390625 0.04950495049504951
0 0.41796875 0.6584158415841584 0.0390625 0.04950495049504951
0 0.609375 0.6732673267326733 0.0390625 0.04950495049504951
0 0.61328125 0.6732673267326733 0.0390625 0.04950495049504951
0 0.55859375 0.693069306930693 0.0390625 0.04950495049504951
0 0.6953125 0.7079207920792079 0.0390625 0.04950495049504951
0 0.69921875 0.7079207920792079 0.0390625 0.04950495049504951
0 0.12109375 0.7673267326732673 0.0390625 0.04950495049504951
0 0.12109375 0.7722772277227723 0.0390625 0.04950495049504951
