0 0.94921875 0.0 0.0390625 0.04950495049504951
0 0.640625 0.0049504950495049506 0.0390625 0.04950495049504951
0 0.6484375 0.024752475247524754 0.0390625 0.04950495049504951
0 0.6484375 0.0297029702970297 0.0390625 0.04950495049504951
0 0.6015625 0.034653465346534656 0.0390625 0.04950495049504951
0 0.58203125 0.04950495049504951 0.0390625 0.04950495049504951
0 0.65234375 0.054455445544554455 0.0390625 0.04950495049504951
0 0.65625 0.054455445544554455 0.0390625 0.04950495049504951
0 0.609375 0.07920792079207921 0.0390625 0.04950495049504951
0 0.6484375 0.07920792079207921 0.0390625 0.04950495049504951
0 0.65234375 0.07920792079207921 0.0390625 0.04950495049504951
0 0.6484375 0.08415841584158416 0.0390625 0.04950495049504951
0 0.65234375 0.08415841584158416 0.0390625 0.04950495049504951
0 0.66015625 0.10891089108910891 0.0390625 0.04950495049504951
0 0.640625 0.1782178217821782 0.0390625 0.04950495049504951
0 0.6171875 0.18316831683168316 0.0390625 0.04950495049504951
0 0.62109375 0.18316831683168316 0.0390625 0.04950495049504951
0 0.59375 0.18811881188118812 0.0390625 0.04950495049504951
0 0.59765625 0.18811881188118812 0.0390625 0.04950495049504951
0 0.6171875 0.18811881188118812 0.0390625 0.04950495049504951
0 0.62109375 0.18811881188118812 0.0390625 0.04950495049504951
0 0.55859375 0.20297029702970298 0.0390625 0.04950495049504951
0 0.55859375 0.2079207920792079 0.0390625 0.04950495049504951
0 0.29296875 0.5544554455445545 0.0390625 0.04950495049504951
0 0.77734375 0.6633663366336634 0.0390625 0.04950495049504951
0 0.79296875 0.8366336633663366 0.0390625 0.04950495049504951
