0 0.51953125 0.06435643564356436 0.0390625 0.04950495049504951
0 0.4921875 0.06930693069306931 0.0390625 0.04950495049504951
0 0.49609375 0.06930693069306931 0.0390625 0.04950495049504951
0 0.453125 0.0891089108910891 0.0390625 0.04950495049504951
0 0.4296875 0.09900990099009901 0.0390625 0.04950495049504951
0 0.51953125 0.18811881188118812 0.0390625 0.04950495049504951
0 0.4609375 0.21287128712871287 0.0390625 0.04950495049504951
0 0.46875 0.2623762376237624 0.0390625 0.04950495049504951
0 0.4921875 0.2623762376237624 0.0390625 0.04950495049504951
0 0.49609375 0.2623762376237624 0.0390625 0.04950495049504951
0 0.60546875 0.33663366336633666 0.0390625 0.04950495049504951
0 0.60546875 0.3415841584158416 0.0390625 0.04950495049504951
0 0.125 0.3613861386138614 0.0390625 0.04950495049504951
0 0.1484375 0.6089108910891089 0.0390625 0.04950495049504951
0 0.140625 0.7079207920792079 0.0390625 0.04950495049504951
0 0.140625 0.7128712871287128 0.0390625 0.04950495049504951
0 0.20703125 0.7326732673267327 0.0390625 0.04950495049504951
0 0.20703125 0.7376237623762376 0.0390625 0.04950495049504951
0 0.15234375 0.7772277227722773 0.0390625 0.04950495049504951
0 0.64453125 0.8663366336633663 0.0390625 0.04950495049504951
0 0.18359375 0.8960396039603961 0.0390625 0.04950495049504951
0 0.27734375 0.8960396039603961 0.0390625 0.04950495049504951
0 0.26171875 0.9603960396039604 0.0390625 0.04950495049504951
0 0.26171875 0.9653465346534653 0.0390625 0.04950495049504951
