0 0.41015625 0.01485148514851485 0.0390625 0.04950495049504951
0 0.6328125 0.0297029702970297 0.0390625 0.04950495049504951
0 0.421875 0.08415841584158416 0.0390625 0.04950495049504951
0 0.515625 0.33663366336633666 0.0390625 0.04950495049504951
0 0.4921875 0.3465346534653465 0.0390625 0.04950495049504951
0 0.84765625 0.36633663366336633 0.0390625 0.04950495049504951
0 0.8515625 0.36633663366336633 0.0390625 0.04950495049504951
0 0.83203125 0.3811881188118812 0.0390625 0.04950495049504951
0 0.7265625 0.42574257425742573 0.0390625 0.04950495049504951
0 0.70703125 0.4405940594059406 0.0390625 0.04950495049504951
0 0.59765625 0.5297029702970297 0.0390625 0.04950495049504951
0 0.59765625 0.5346534653465347 0.0390625 0.04950495049504951
0 0.58203125 0.8217821782178217 0.0390625 0.04950495049504951
