0 0.50390625 0.01953125 0.0390625 0.0390625
0 0.5078125 0.01953125 0.0390625 0.0390625
0 0.3515625 0.1171875 0.0390625 0.0390625
0 0.35546875 0.1171875 0.0390625 0.0390625
0 0.21875 0.3984375 0.0390625 0.0390625
0 0.21875 0.40234375 0.0390625 0.0390625
0 0.640625 0.4375 0.0390625 0.0390625
0 0.64453125 0.4375 0.0390625 0.0390625
0 0.640625 0.44140625 0.0390625 0.0390625
0 0.64453125 0.44140625 0.0390625 0.0390625
0 0.90625 0.4453125 0.0390625 0.0390625
0 0.90625 0.44921875 0.0390625 0.0390625
0 0.80859375 0.453125 0.0390625 0.0390625
0 0.8125 0.453125 0.0390625 0.0390625
0 0.91015625 0.51171875 0.0390625 0.0390625
0 0.9140625 0.51171875 0.0390625 0.0390625
0 0.3984375 0.53515625 0.0390625 0.0390625
0 0.40234375 0.53515625 0.0390625 0.0390625
0 0.3984375 0.5390625 0.0390625 0.0390625
0 0.40234375 0.5390625 0.0390625 0.0390625
0 0.79296875 0.5546875 0.0390625 0.0390625
0 0.81640625 0.5546875 0.0390625 0.0390625
0 0.79296875 0.55859375 0.0390625 0.0390625
0 0.6328125 0.60546875 0.0390625 0.0390625
0 0.66796875 0.8984375 0.0390625 0.0390625
0 0.66796875 0.90234375 0.0390625 0.0390625
0 0.265625 0.984375 0.0390625 0.0390625
