0 0.3179916317991632 0.0546875 0.04184100418410042 0.0390625
0 0.46443514644351463 0.0546875 0.04184100418410042 0.0390625
0 0.3179916317991632 0.05859375 0.04184100418410042 0.0390625
0 0.46443514644351463 0.05859375 0.04184100418410042 0.0390625
0 0.9121338912133892 0.06640625 0.04184100418410042 0.0390625
0 0.9163179916317992 0.06640625 0.04184100418410042 0.0390625
0 0.5355648535564853 0.12109375 0.04184100418410042 0.0390625
0 0.5355648535564853 0.125 0.04184100418410042 0.0390625
0 0.7071129707112971 0.12890625 0.04184100418410042 0.0390625
0 0.5397489539748954 0.14453125 0.04184100418410042 0.0390625
0 0.702928870292887 0.1484375 0.04184100418410042 0.0390625
0 0.5355648535564853 0.16796875 0.04184100418410042 0.0390625
0 0.702928870292887 0.16796875 0.04184100418410042 0.0390625
0 0.7071129707112971 0.16796875 0.04184100418410042 0.0390625
0 0.702928870292887 0.19140625 0.04184100418410042 0.0390625
0 0.702928870292887 0.1953125 0.04184100418410042 0.0390625
0 0.5941422594142259 0.20703125 0.04184100418410042 0.0390625
0 0.5941422594142259 0.2109375 0.04184100418410042 0.0390625
0 0.7112970711297071 0.21875 0.04184100418410042 0.0390625
0 0.702928870292887 0.2421875 0.04184100418410042 0.0390625
0 0.7071129707112971 0.2421875 0.04184100418410042 0.0390625
0 0.5899581589958159 0.25390625 0.04184100418410042 0.0390625
0 0.702928870292887 0.2578125 0.04184100418410042 0.0390625
0 0.8284518828451883 0.55078125 0.04184100418410042 0.0390625
0 0.8284518828451883 0.5546875 0.04184100418410042 0.0390625
0 0.8744769874476988 0.5546875 0.04184100418410042 0.0390625
0 0.895397489539749 0.5546875 0.04184100418410042 0.0390625
0 0.8744769874476988 0.55859375 0.04184100418410042 0.0390625
0 0.16736401673640167 0.58203125 0.04184100418410042 0.0390625
0 0.9748953974895398 0.58203125 0.04184100418410042 0.0390625
0 0.9790794979079498 0.58203125 0.04184100418410042 0.0390625
0 0.16736401673640167 0.5859375 0.04184100418410042 0.0390625
0 0.9748953974895398 0.5859375 0.04184100418410042 0.0390625
0 0.9790794979079498 0.5859375 0.04184100418410042 0.0390625
0 0.9748953974895398 0.61328125 0.04184100418410042 0.0390625
0 0.3263598326359833 0.6171875 0.04184100418410042 0.0390625
0 0.32217573221757323 0.63671875 0.04184100418410042 0.0390625
0 0.3263598326359833 0.63671875 0.04184100418410042 0.0390625
0 0.9790794979079498 0.63671875 0.04184100418410042 0.0390625
0 0.3263598326359833 0.66015625 0.04184100418410042 0.0390625
0 0.3263598326359833 0.6640625 0.04184100418410042 0.0390625
0 0.9790794979079498 0.67578125 0.04184100418410042 0.0390625
0 0.9790794979079498 0.6796875 0.04184100418410042 0.0390625
0 0.3263598326359833 0.68359375 0.04184100418410042 0.0390625
0 0.9748953974895398 0.72265625 0.04184100418410042 0.0390625
0 0.9790794979079498 0.7421875 0.04184100418410042 0.0390625
0 0.9790794979079498 0.765625 0.04184100418410042 0.0390625
0 0.9372384937238494 0.796875 0.04184100418410042 0.0390625
0 0.9372384937238494 0.80078125 0.04184100418410042 0.0390625
0 0.8410041841004184 0.8046875 0.04184100418410042 0.0390625
0 0.8451882845188284 0.8046875 0.04184100418410042 0.0390625
0 0.23430962343096234 0.82421875 0.04184100418410042 0.0390625
0 0.2384937238493724 0.82421875 0.04184100418410042 0.0390625
0 0.8200836820083682 0.85546875 0.04184100418410042 0.0390625
0 0.8242677824267782 0.85546875 0.04184100418410042 0.0390625
0 0.7949790794979079 0.86328125 0.04184100418410042 0.0390625
0 0.799163179916318 0.86328125 0.04184100418410042 0.0390625
