0 0.03125 0.01171875 0.0390625 0.0390625
0 0.03125 0.015625 0.0390625 0.0390625
0 0.41796875 0.10546875 0.0390625 0.0390625
0 0.1171875 0.40625 0.0390625 0.0390625
0 0.12109375 0.40625 0.0390625 0.0390625
0 0.16796875 0.44140625 0.0390625 0.0390625
0 0.16796875 0.578125 0.0390625 0.0390625
0 0.171875 0.578125 0.0390625 0.0390625
0 0.0546875 0.64453125 0.0390625 0.0390625
0 0.26171875 0.9140625 0.0390625 0.0390625
0 0.265625 0.9140625 0.0390625 0.0390625
0 0.15234375 0.953125 0.0390625 0.0390625
0 0.15625 0.953125 0.0390625 0.0390625
