0 0.546875 0.03125 0.0390625 0.0390625
0 0.546875 0.0703125 0.0390625 0.0390625
0 0.55078125 0.0703125 0.0390625 0.0390625
0 0.5078125 0.21875 0.0390625 0.0390625
0 0.5078125 0.22265625 0.0390625 0.0390625
0 0.48046875 0.2421875 0.0390625 0.0390625
0 0.484375 0.2421875 0.0390625 0.0390625
0 0.484375 0.3046875 0.0390625 0.0390625
0 0.48828125 0.3046875 0.0390625 0.0390625
0 0.47265625 0.3359375 0.0390625 0.0390625
0 0.47265625 0.33984375 0.0390625 0.0390625
0 0.625 0.33984375 0.0390625 0.0390625
0 0.625 0.34375 0.0390625 0.0390625
0 0.46875 0.35546875 0.0390625 0.0390625
0 0.5 0.35546875 0.0390625 0.0390625
0 0.50390625 0.35546875 0.0390625 0.0390625
0 0.5 0.359375 0.0390625 0.0390625
0 0.50390625 0.359375 0.0390625 0.0390625
0 0.48828125 0.37890625 0.0390625 0.0390625
0 0.4921875 0.37890625 0.0390625 0.0390625
0 0.48828125 0.3828125 0.0390625 0.0390625
0 0.4921875 0.3828125 0.0390625 0.0390625
0 0.453125 0.38671875 0.0390625 0.0390625
0 0.45703125 0.38671875 0.0390625 0.0390625
0 0.47265625 0.38671875 0.0390625 0.0390625
0 0.453125 0.390625 0.0390625 0.0390625
0 0.45703125 0.390625 0.0390625 0.0390625
0 0.47265625 0.390625 0.0390625 0.0390625
0 0.4609375 0.421875 0.0390625 0.0390625
0 0.48828125 0.421875 0.0390625 0.0390625
0 0.4921875 0.421875 0.0390625 0.0390625
0 0.48828125 0.42578125 0.0390625 0.0390625
0 0.4921875 0.42578125 0.0390625 0.0390625
0 0.4453125 0.4296875 0.0390625 0.0390625
0 0.94921875 0.74609375 0.0390625 0.0390625
0 0.953125 0.74609375 0.0390625 0.0390625
0 0.94921875 0.75 0.0390625 0.0390625
0 0.953125 0.75 0.0390625 0.0390625
