0 0.671875 0.34765625 0.0390625 0.0390625
0 0.71484375 0.359375 0.0390625 0.0390625
0 0.7578125 0.3671875 0.0390625 0.0390625
0 0.73046875 0.37109375 0.0390625 0.0390625
0 0.734375 0.37109375 0.0390625 0.0390625
0 0.7578125 0.37109375 0.0390625 0.0390625
0 0.77734375 0.375 0.0390625 0.0390625
0 0.953125 0.43359375 0.0390625 0.0390625
0 0.953125 0.4375 0.0390625 0.0390625
0 0.90625 0.64453125 0.0390625 0.0390625
0 0.90625 0.6484375 0.0390625 0.0390625
0 0.8984375 0.6796875 0.0390625 0.0390625
0 0.8203125 0.75 0.0390625 0.0390625
0 0.82421875 0.75 0.0390625 0.0390625
0 0.82421875 0.7734375 0.0390625 0.0390625
