0 0.7866108786610879 0.2890625 0.04184100418410042 0.0390625
0 0.7907949790794979 0.2890625 0.04184100418410042 0.0390625
0 0.8117154811715481 0.29296875 0.04184100418410042 0.0390625
0 0.8368200836820083 0.29296875 0.04184100418410042 0.0390625
0 0.8117154811715481 0.296875 0.04184100418410042 0.0390625
0 0.7447698744769874 0.4375 0.04184100418410042 0.0390625
0 0.7782426778242678 0.44140625 0.04184100418410042 0.0390625
0 0.8284518828451883 0.45703125 0.04184100418410042 0.0390625
0 0.8326359832635983 0.45703125 0.04184100418410042 0.0390625
0 0.38493723849372385 0.4609375 0.04184100418410042 0.0390625
0 0.38493723849372385 0.46484375 0.04184100418410042 0.0390625
0 0.8744769874476988 0.46875 0.04184100418410042 0.0390625
0 0.8786610878661087 0.46875 0.04184100418410042 0.0390625
0 0.0 0.47265625 0.04184100418410042 0.0390625
0 0.0 0.4765625 0.04184100418410042 0.0390625
0 0.12552301255230125 0.4765625 0.04184100418410042 0.0390625
0 0.1506276150627615 0.484375 0.04184100418410042 0.0390625
0 0.9288702928870293 0.484375 0.04184100418410042 0.0390625
0 0.6276150627615062 0.6875 0.04184100418410042 0.0390625
0 0.6317991631799164 0.6875 0.04184100418410042 0.0390625
0 0.6192468619246861 0.75 0.04184100418410042 0.0390625
0 0.5983263598326359 0.83203125 0.04184100418410042 0.0390625
0 0.602510460251046 0.83203125 0.04184100418410042 0.0390625
0 0.5899581589958159 0.875 0.04184100418410042 0.0390625
0 0.5899581589958159 0.87890625 0.04184100418410042 0.0390625
0 0.5857740585774058 0.91796875 0.04184100418410042 0.0390625
0 0.6903765690376569 0.91796875 0.04184100418410042 0.0390625
0 0.694560669456067 0.91796875 0.04184100418410042 0.0390625
0 0.5857740585774058 0.921875 0.04184100418410042 0.0390625
0 0.7322175732217573 0.921875 0.04184100418410042 0.0390625
0 0.7364016736401674 0.921875 0.04184100418410042 0.0390625
0 0.5732217573221757 0.9375 0.04184100418410042 0.0390625
0 0.5774058577405857 0.9375 0.04184100418410042 0.0390625
0 0.8535564853556485 0.94140625 0.04184100418410042 0.0390625
0 0.8744769874476988 0.94140625 0.04184100418410042 0.0390625
0 0.8744769874476988 0.9453125 0.04184100418410042 0.0390625
0 0.895397489539749 0.9453125 0.04184100418410042 0.0390625
0 0.899581589958159 0.9453125 0.04184100418410042 0.0390625
0 0.895397489539749 0.94921875 0.04184100418410042 0.0390625
0 0.899581589958159 0.94921875 0.04184100418410042 0.0390625
