0 0.7734375 0.06640625 0.0390625 0.0390625
0 0.77734375 0.06640625 0.0390625 0.0390625
0 0.7734375 0.0703125 0.0390625 0.0390625
0 0.77734375 0.0703125 0.0390625 0.0390625
0 0.59375 0.13671875 0.0390625 0.0390625
0 0.75 0.20703125 0.0390625 0.0390625
0 0.96875 0.234375 0.0390625 0.0390625
0 0.96875 0.23828125 0.0390625 0.0390625
0 0.73828125 0.484375 0.0390625 0.0390625
0 0.53125 0.6015625 0.0390625 0.0390625
0 0.9453125 0.63671875 0.0390625 0.0390625
0 0.94921875 0.63671875 0.0390625 0.0390625
0 0.9140625 0.640625 0.0390625 0.0390625
0 0.9140625 0.64453125 0.0390625 0.0390625
0 0.94140625 0.68359375 0.0390625 0.0390625
0 0.9375 0.71875 0.0390625 0.0390625
0 0.93359375 0.7578125 0.0390625 0.0390625
0 0.9296875 0.796875 0.0390625 0.0390625
0 0.73046875 0.8125 0.0390625 0.0390625
0 0.8984375 0.8203125 0.0390625 0.0390625
0 0.65234375 0.82421875 0.0390625 0.0390625
0 0.65625 0.82421875 0.0390625 0.0390625
0 0.69921875 0.84375 0.0390625 0.0390625
0 0.5 0.90234375 0.0390625 0.0390625
0 0.50390625 0.90234375 0.0390625 0.0390625
0 0.87109375 0.91015625 0.0390625 0.0390625
0 0.875 0.91015625 0.0390625 0.0390625
0 0.87109375 0.9140625 0.0390625 0.0390625
0 0.875 0.9140625 0.0390625 0.0390625
0 0.62890625 0.984375 0.0390625 0.0390625
0 0.6328125 0.984375 0.0390625 0.0390625
