0 0.803347280334728 0.0390625 0.04184100418410042 0.0390625
0 0.803347280334728 0.04296875 0.04184100418410042 0.0390625
0 0.8200836820083682 0.05078125 0.04184100418410042 0.0390625
0 0.8200836820083682 0.0546875 0.04184100418410042 0.0390625
0 0.6192468619246861 0.1171875 0.04184100418410042 0.0390625
0 0.6527196652719666 0.12109375 0.04184100418410042 0.0390625
0 0.6820083682008368 0.12890625 0.04184100418410042 0.0390625
0 0.6861924686192469 0.12890625 0.04184100418410042 0.0390625
0 0.6820083682008368 0.1328125 0.04184100418410042 0.0390625
0 0.6861924686192469 0.1328125 0.04184100418410042 0.0390625
0 0.7615062761506276 0.1484375 0.04184100418410042 0.0390625
0 0.7866108786610879 0.15625 0.04184100418410042 0.0390625
0 0.8075313807531381 0.15625 0.04184100418410042 0.0390625
0 0.8117154811715481 0.15625 0.04184100418410042 0.0390625
0 0.891213389121339 0.17578125 0.04184100418410042 0.0390625
0 0.895397489539749 0.17578125 0.04184100418410042 0.0390625
0 0.9163179916317992 0.1796875 0.04184100418410042 0.0390625
0 0.2594142259414226 0.21875 0.04184100418410042 0.0390625
0 0.26359832635983266 0.21875 0.04184100418410042 0.0390625
0 0.2594142259414226 0.22265625 0.04184100418410042 0.0390625
0 0.26359832635983266 0.22265625 0.04184100418410042 0.0390625
0 0.2510460251046025 0.24609375 0.04184100418410042 0.0390625
0 0.32217573221757323 0.28125 0.04184100418410042 0.0390625
0 0.3514644351464435 0.296875 0.04184100418410042 0.0390625
0 0.5481171548117155 0.375 0.04184100418410042 0.0390625
0 0.5983263598326359 0.375 0.04184100418410042 0.0390625
0 0.6234309623430963 0.375 0.04184100418410042 0.0390625
0 0.5313807531380753 0.37890625 0.04184100418410042 0.0390625
0 0.5481171548117155 0.37890625 0.04184100418410042 0.0390625
0 0.5732217573221757 0.37890625 0.04184100418410042 0.0390625
0 0.5774058577405857 0.37890625 0.04184100418410042 0.0390625
0 0.6234309623430963 0.37890625 0.04184100418410042 0.0390625
0 0.6443514644351465 0.37890625 0.04184100418410042 0.0390625
0 0.6485355648535565 0.37890625 0.04184100418410042 0.0390625
0 0.6652719665271967 0.37890625 0.04184100418410042 0.0390625
0 0.6903765690376569 0.38671875 0.04184100418410042 0.0390625
0 0.28870292887029286 0.40234375 0.04184100418410042 0.0390625
0 0.6694560669456067 0.50390625 0.04184100418410042 0.0390625
0 0.6736401673640168 0.50390625 0.04184100418410042 0.0390625
0 0.899581589958159 0.5078125 0.04184100418410042 0.0390625
0 0.899581589958159 0.51171875 0.04184100418410042 0.0390625
0 0.7238493723849372 0.51953125 0.04184100418410042 0.0390625
0 0.7824267782426778 0.53125 0.04184100418410042 0.0390625
0 0.7824267782426778 0.53515625 0.04184100418410042 0.0390625
0 0.8326359832635983 0.54296875 0.04184100418410042 0.0390625
0 0.012552301255230125 0.6015625 0.04184100418410042 0.0390625
0 0.39330543933054396 0.74609375 0.04184100418410042 0.0390625
0 0.39748953974895396 0.74609375 0.04184100418410042 0.0390625
0 0.39330543933054396 0.75 0.04184100418410042 0.0390625
0 0.39748953974895396 0.75 0.04184100418410042 0.0390625
0 0.3305439330543933 0.8515625 0.04184100418410042 0.0390625
0 0.33472803347280333 0.8515625 0.04184100418410042 0.0390625
0 0.891213389121339 0.921875 0.04184100418410042 0.0390625
0 0.895397489539749 0.921875 0.04184100418410042 0.0390625
0 0.891213389121339 0.92578125 0.04184100418410042 0.0390625
0 0.895397489539749 0.92578125 0.04184100418410042 0.0390625
