0 0.15234375 0.0078125 0.0390625 0.0390625
0 0.15234375 0.01171875 0.0390625 0.0390625
0 0.22265625 0.04296875 0.0390625 0.0390625
0 0.22265625 0.046875 0.0390625 0.0390625
0 0.69140625 0.16015625 0.0390625 0.0390625
0 0.6953125 0.16015625 0.0390625 0.0390625
0 0.5078125 0.171875 0.0390625 0.0390625
0 0.71875 0.17578125 0.0390625 0.0390625
0 0.69140625 0.19921875 0.0390625 0.0390625
0 0.6953125 0.19921875 0.0390625 0.0390625
0 0.40625 0.234375 0.0390625 0.0390625
0 0.40625 0.23828125 0.0390625 0.0390625
0 0.453125 0.23828125 0.0390625 0.0390625
0 0.7734375 0.2421875 0.0390625 0.0390625
0 0.9296875 0.390625 0.0390625 0.0390625
0 0.64453125 0.45703125 0.0390625 0.0390625
0 0.01953125 0.51171875 0.0390625 0.0390625
0 0.0234375 0.51171875 0.0390625 0.0390625
0 0.08984375 0.5234375 0.0390625 0.0390625
0 0.08984375 0.52734375 0.0390625 0.0390625
0 0.2578125 0.578125 0.0390625 0.0390625
0 0.63671875 0.640625 0.0390625 0.0390625
0 0.640625 0.640625 0.0390625 0.0390625
0 0.63671875 0.64453125 0.0390625 0.0390625
0 0.640625 0.64453125 0.0390625 0.0390625
0 0.328125 0.65625 0.0390625 0.0390625
0 0.6796875 0.6640625 0.0390625 0.0390625
0 0.13671875 0.66796875 0.0390625 0.0390625
0 0.13671875 0.671875 0.0390625 0.0390625
0 0.7109375 0.703125 0.0390625 0.0390625
0 0.7109375 0.70703125 0.0390625 0.0390625
0 0.21484375 0.73828125 0.0390625 0.0390625
0 0.21875 0.73828125 0.0390625 0.0390625
0 0.76171875 0.75 0.0390625 0.0390625
0 0.6484375 0.8125 0.0390625 0.0390625
0 0.65234375 0.84765625 0.0390625 0.0390625
0 0.59765625 0.87109375 0.0390625 0.0390625
0 0.6015625 0.87109375 0.0390625 0.0390625
0 0.59765625 0.875 0.0390625 0.0390625
0 0.6015625 0.875 0.0390625 0.0390625
0 0.5859375 0.9296875 0.0390625 0.0390625
0 0.5859375 0.93359375 0.0390625 0.0390625
0 0.98046875 0.9375 0.0390625 0.0390625
