0 0.79296875 0.3125 0.0390625 0.0390625
0 0.1328125 0.33984375 0.0390625 0.0390625
0 0.5234375 0.609375 0.0390625 0.0390625
0 0.5234375 0.61328125 0.0390625 0.0390625
0 0.6015625 0.6328125 0.0390625 0.0390625
0 0.6015625 0.63671875 0.0390625 0.0390625
0 0.4921875 0.671875 0.0390625 0.0390625
0 0.0859375 0.734375 0.0390625 0.0390625
0 0.77734375 0.796875 0.0390625 0.0390625
0 0.6875 0.8828125 0.0390625 0.0390625
0 0.6875 0.88671875 0.0390625 0.0390625
0 0.0625 0.89453125 0.0390625 0.0390625
0 0.64453125 0.8984375 0.0390625 0.0390625
0 0.64453125 0.90234375 0.0390625 0.0390625
0 0.6015625 0.984375 0.0390625 0.0390625
0 0.734375 0.9921875 0.0390625 0.0390625
0 0.73828125 0.9921875 0.0390625 0.0390625
0 0.734375 0.99609375 0.0390625 0.0390625
0 0.73828125 0.99609375 0.0390625 0.0390625
