0 0.35546875 0.01171875 0.0390625 0.0390625
0 0.35546875 0.015625 0.0390625 0.0390625
0 0.9375 0.0859375 0.0390625 0.0390625
0 0.94140625 0.0859375 0.0390625 0.0390625
0 0.9375 0.08984375 0.0390625 0.0390625
0 0.94140625 0.08984375 0.0390625 0.0390625
0 0.9296875 0.18359375 0.0390625 0.0390625
0 0.984375 0.25 0.0390625 0.0390625
0 0.984375 0.25390625 0.0390625 0.0390625
0 0.9765625 0.3046875 0.0390625 0.0390625
0 0.9765625 0.30859375 0.0390625 0.0390625
0 0.96875 0.34375 0.0390625 0.0390625
0 0.97265625 0.34375 0.0390625 0.0390625
0 0.1015625 0.44921875 0.0390625 0.0390625
