0 0.15234375 0.0 0.0390625 0.0390625
0 0.15625 0.0 0.0390625 0.0390625
0 0.171875 0.0 0.0390625 0.0390625
0 0.17578125 0.0 0.0390625 0.0390625
0 0.1953125 0.0 0.0390625 0.0390625
0 0.21875 0.0 0.0390625 0.0390625
0 0.23828125 0.0 0.0390625 0.0390625
0 0.21875 0.00390625 0.0390625 0.0390625
0 0.64453125 0.00390625 0.0390625 0.0390625
0 0.64453125 0.0078125 0.0390625 0.0390625
0 0.55078125 0.0390625 0.0390625 0.0390625
0 0.0 0.12109375 0.0390625 0.0390625
0 0.07421875 0.12890625 0.0390625 0.0390625
0 0.09375 0.12890625 0.0390625 0.0390625
0 0.09765625 0.12890625 0.0390625 0.0390625
0 0.11328125 0.12890625 0.0390625 0.0390625
0 0.03125 0.1328125 0.0390625 0.0390625
0 0.1328125 0.1328125 0.0390625 0.0390625
0 0.15234375 0.1328125 0.0390625 0.0390625
0 0.171875 0.1328125 0.0390625 0.0390625
0 0.17578125 0.1328125 0.0390625 0.0390625
0 0.19140625 0.1328125 0.0390625 0.0390625
0 0.1953125 0.1328125 0.0390625 0.0390625
0 0.21484375 0.1328125 0.0390625 0.0390625
0 0.234375 0.1328125 0.0390625 0.0390625
0 0.046875 0.13671875 0.0390625 0.0390625
0 0.05078125 0.13671875 0.0390625 0.0390625
0 0.171875 0.13671875 0.0390625 0.0390625
0 0.17578125 0.13671875 0.0390625 0.0390625
0 0.3203125 0.15625 0.0390625 0.0390625
0 0.05078125 0.453125 0.0390625 0.0390625
0 0.0546875 0.453125 0.0390625 0.0390625
0 0.09375 0.453125 0.0390625 0.0390625
0 0.11328125 0.453125 0.0390625 0.0390625
0 0.13671875 0.453125 0.0390625 0.0390625
0 0.17578125 0.453125 0.0390625 0.0390625
0 0.05078125 0.45703125 0.0390625 0.0390625
0 0.0546875 0.45703125 0.0390625 0.0390625
0 0.09375 0.45703125 0.0390625 0.0390625
0 0.13671875 0.45703125 0.0390625 0.0390625
0 0.15625 0.45703125 0.0390625 0.0390625
0 0.1953125 0.45703125 0.0390625 0.0390625
0 0.21484375 0.45703125 0.0390625 0.0390625
0 0.1953125 0.4609375 0.0390625 0.0390625
0 0.01171875 0.47265625 0.0390625 0.0390625
0 0.01171875 0.4765625 0.0390625 0.0390625
0 0.11328125 0.57421875 0.0390625 0.0390625
0 0.07421875 0.578125 0.0390625 0.0390625
0 0.1328125 0.578125 0.0390625 0.0390625
0 0.21484375 0.578125 0.0390625 0.0390625
0 0.05078125 0.58203125 0.0390625 0.0390625
0 0.07421875 0.58203125 0.0390625 0.0390625
0 0.08984375 0.58203125 0.0390625 0.0390625
0 0.15234375 0.58203125 0.0390625 0.0390625
0 0.15625 0.58203125 0.0390625 0.0390625
0 0.171875 0.58203125 0.0390625 0.0390625
0 0.17578125 0.58203125 0.0390625 0.0390625
0 0.19140625 0.58203125 0.0390625 0.0390625
0 0.1953125 0.58203125 0.0390625 0.0390625
0 0.05078125 0.5859375 0.0390625 0.0390625
0 0.484375 0.59375 0.0390625 0.0390625
0 0.48828125 0.59375 0.0390625 0.0390625
0 0.484375 0.59765625 0.0390625 0.0390625
0 0.48828125 0.59765625 0.0390625 0.0390625
0 0.05078125 0.6171875 0.0390625 0.0390625
0 0.1328125 0.62109375 0.0390625 0.0390625
0 0.15234375 0.62109375 0.0390625 0.0390625
0 0.21875 0.62109375 0.0390625 0.0390625
0 0.01171875 0.625 0.0390625 0.0390625
0 0.03515625 0.625 0.0390625 0.0390625
0 0.0703125 0.625 0.0390625 0.0390625
0 0.11328125 0.625 0.0390625 0.0390625
0 0.171875 0.625 0.0390625 0.0390625
0 0.17578125 0.625 0.0390625 0.0390625
0 0.1953125 0.625 0.0390625 0.0390625
0 0.09375 0.62890625 0.0390625 0.0390625
0 0.1953125 0.62890625 0.0390625 0.0390625
0 0.59375 0.72265625 0.0390625 0.0390625
0 0.15625 0.73046875 0.0390625 0.0390625
0 0.0078125 0.734375 0.0390625 0.0390625
0 0.03125 0.734375 0.0390625 0.0390625
0 0.03515625 0.734375 0.0390625 0.0390625
0 0.15625 0.734375 0.0390625 0.0390625
0 0.0078125 0.73828125 0.0390625 0.0390625
0 0.03125 0.73828125 0.0390625 0.0390625
0 0.03515625 0.73828125 0.0390625 0.0390625
0 0.0703125 0.73828125 0.0390625 0.0390625
0 0.11328125 0.73828125 0.0390625 0.0390625
0 0.20703125 0.73828125 0.0390625 0.0390625
0 0.2109375 0.73828125 0.0390625 0.0390625
0 0.05078125 0.7421875 0.0390625 0.0390625
0 0.0546875 0.7421875 0.0390625 0.0390625
0 0.11328125 0.7421875 0.0390625 0.0390625
0 0.1328125 0.7421875 0.0390625 0.0390625
0 0.20703125 0.7421875 0.0390625 0.0390625
0 0.2109375 0.7421875 0.0390625 0.0390625
0 0.53515625 0.7734375 0.0390625 0.0390625
0 0.84375 0.78125 0.0390625 0.0390625
0 0.84765625 0.78125 0.0390625 0.0390625
