0 0.859375 0.03125 0.0390625 0.0390625
0 0.1953125 0.0546875 0.0390625 0.0390625
0 0.66015625 0.09765625 0.0390625 0.0390625
0 0.22265625 0.11328125 0.0390625 0.0390625
0 0.5 0.140625 0.0390625 0.0390625
0 0.50390625 0.140625 0.0390625 0.0390625
0 0.5 0.14453125 0.0390625 0.0390625
0 0.50390625 0.14453125 0.0390625 0.0390625
0 0.48046875 0.2109375 0.0390625 0.0390625
0 0.48046875 0.21484375 0.0390625 0.0390625
0 0.93359375 0.265625 0.0390625 0.0390625
0 0.9375 0.265625 0.0390625 0.0390625
0 0.93359375 0.26953125 0.0390625 0.0390625
0 0.9375 0.26953125 0.0390625 0.0390625
0 0.9375 0.31640625 0.0390625 0.0390625
0 0.94140625 0.31640625 0.0390625 0.0390625
0 0.9453125 0.35546875 0.0390625 0.0390625
0 0.94921875 0.390625 0.0390625 0.0390625
0 0.94921875 0.39453125 0.0390625 0.0390625
0 0.7421875 0.42578125 0.0390625 0.0390625
0 0.74609375 0.42578125 0.0390625 0.0390625
0 0.953125 0.4296875 0.0390625 0.0390625
0 0.91796875 0.4375 0.0390625 0.0390625
0 0.921875 0.4375 0.0390625 0.0390625
0 0.94921875 0.5390625 0.0390625 0.0390625
0 0.94921875 0.54296875 0.0390625 0.0390625
0 0.9609375 0.64453125 0.0390625 0.0390625
0 0.96484375 0.64453125 0.0390625 0.0390625
0 0.9609375 0.6484375 0.0390625 0.0390625
0 0.96484375 0.6484375 0.0390625 0.0390625
0 0.0859375 0.8046875 0.0390625 0.0390625
0 0.08984375 0.8046875 0.0390625 0.0390625
0 0.9765625 0.8359375 0.0390625 0.0390625
0 0.9765625 0.83984375 0.0390625 0.0390625
0 0.0 0.87890625 0.0390625 0.0390625
0 0.00390625 0.87890625 0.0390625 0.0390625
0 0.0546875 0.9296875 0.0390625 0.0390625
0 0.05859375 0.9296875 0.0390625 0.0390625
