0 0.94921875 0.02734375 0.0390625 0.0390625
0 0.953125 0.02734375 0.0390625 0.0390625
0 0.15625 0.25 0.0390625 0.0390625
0 0.1328125 0.33984375 0.0390625 0.0390625
0 0.33203125 0.4765625 0.0390625 0.0390625
0 0.5078125 0.5078125 0.0390625 0.0390625
0 0.51171875 0.5078125 0.0390625 0.0390625
0 0.76171875 0.5078125 0.0390625 0.0390625
0 0.33203125 0.52734375 0.0390625 0.0390625
0 0.33203125 0.53125 0.0390625 0.0390625
0 0.7734375 0.66015625 0.0390625 0.0390625
0 0.77734375 0.66015625 0.0390625 0.0390625
0 0.7734375 0.6640625 0.0390625 0.0390625
0 0.77734375 0.6640625 0.0390625 0.0390625
0 0.57421875 0.6796875 0.0390625 0.0390625
0 0.1953125 0.84765625 0.0390625 0.0390625
0 0.3984375 0.89453125 0.0390625 0.0390625
