0 0.9375 0.12890625 0.0390625 0.0390625
0 0.9375 0.1328125 0.0390625 0.0390625
0 0.7734375 0.24609375 0.0390625 0.0390625
0 0.77734375 0.24609375 0.0390625 0.0390625
0 0.31640625 0.4765625 0.0390625 0.0390625
0 0.53125 0.4921875 0.0390625 0.0390625
0 0.53125 0.49609375 0.0390625 0.0390625
0 0.3125 0.5 0.0390625 0.0390625
0 0.31640625 0.5 0.0390625 0.0390625
0 0.91015625 0.52734375 0.0390625 0.0390625
0 0.9140625 0.52734375 0.0390625 0.0390625
0 0.91015625 0.53125 0.0390625 0.0390625
0 0.9140625 0.53125 0.0390625 0.0390625
0 0.30859375 0.546875 0.0390625 0.0390625
0 0.578125 0.5703125 0.0390625 0.0390625
0 0.6015625 0.5703125 0.0390625 0.0390625
0 0.62109375 0.5703125 0.0390625 0.0390625
0 0.6015625 0.57421875 0.0390625 0.0390625
0 0.62109375 0.57421875 0.0390625 0.0390625
0 0.3984375 0.58984375 0.0390625 0.0390625
0 0.40234375 0.58984375 0.0390625 0.0390625
0 0.4765625 0.65234375 0.0390625 0.0390625
0 0.57421875 0.69140625 0.0390625 0.0390625
0 0.515625 0.8203125 0.0390625 0.0390625
0 0.51953125 0.8203125 0.0390625 0.0390625
0 0.4375 0.87890625 0.0390625 0.0390625
0 0.4375 0.8828125 0.0390625 0.0390625
