0 0.0 0.078125 0.0390625 0.0390625
0 0.44921875 0.09765625 0.0390625 0.0390625
0 0.44921875 0.1015625 0.0390625 0.0390625
0 0.63671875 0.11328125 0.0390625 0.0390625
0 0.3984375 0.16015625 0.0390625 0.0390625
0 0.0546875 0.18359375 0.0390625 0.0390625
0 0.0546875 0.1875 0.0390625 0.0390625
0 0.2265625 0.2734375 0.0390625 0.0390625
0 0.21484375 0.328125 0.0390625 0.0390625
0 0.0859375 0.3671875 0.0390625 0.0390625
0 0.0859375 0.37109375 0.0390625 0.0390625
0 0.0703125 0.44140625 0.0390625 0.0390625
0 0.0703125 0.4453125 0.0390625 0.0390625
0 0.15625 0.453125 0.0390625 0.0390625
0 0.8515625 0.8125 0.0390625 0.0390625
0 0.85546875 0.8125 0.0390625 0.0390625
0 0.00390625 0.81640625 0.0390625 0.0390625
0 0.0078125 0.81640625 0.0390625 0.0390625
0 0.8515625 0.81640625 0.0390625 0.0390625
0 0.85546875 0.81640625 0.0390625 0.0390625
