0 0.8870292887029289 0.05078125 0.04184100418410042 0.0390625
0 0.8870292887029289 0.0546875 0.04184100418410042 0.0390625
0 0.8493723849372385 0.09765625 0.04184100418410042 0.0390625
0 0.9916317991631799 0.13671875 0.04184100418410042 0.0390625
0 0.8117154811715481 0.14453125 0.04184100418410042 0.0390625
0 0.8158995815899581 0.14453125 0.04184100418410042 0.0390625
0 0.7698744769874477 0.1875 0.04184100418410042 0.0390625
0 0.7740585774058577 0.1875 0.04184100418410042 0.0390625
0 0.9497907949790795 0.1875 0.04184100418410042 0.0390625
0 0.9205020920502092 0.2265625 0.04184100418410042 0.0390625
0 0.9246861924686193 0.2265625 0.04184100418410042 0.0390625
0 0.9790794979079498 0.23046875 0.04184100418410042 0.0390625
0 0.9456066945606695 0.265625 0.04184100418410042 0.0390625
0 0.8786610878661087 0.26953125 0.04184100418410042 0.0390625
0 0.9456066945606695 0.26953125 0.04184100418410042 0.0390625
0 0.9121338912133892 0.30078125 0.04184100418410042 0.0390625
0 0.9121338912133892 0.3046875 0.04184100418410042 0.0390625
0 0.9874476987447699 0.33984375 0.04184100418410042 0.0390625
0 0.9916317991631799 0.33984375 0.04184100418410042 0.0390625
0 0.9874476987447699 0.36328125 0.04184100418410042 0.0390625
0 0.9916317991631799 0.36328125 0.04184100418410042 0.0390625
0 0.9539748953974896 0.37890625 0.04184100418410042 0.0390625
0 0.9916317991631799 0.38671875 0.04184100418410042 0.0390625
0 0.9497907949790795 0.40625 0.04184100418410042 0.0390625
0 0.9539748953974896 0.40625 0.04184100418410042 0.0390625
0 0.9916317991631799 0.40625 0.04184100418410042 0.0390625
0 0.99581589958159 0.40625 0.04184100418410042 0.0390625
0 0.7280334728033473 0.41015625 0.04184100418410042 0.0390625
0 0.7866108786610879 0.42578125 0.04184100418410042 0.0390625
0 0.9497907949790795 0.42578125 0.04184100418410042 0.0390625
0 0.9539748953974896 0.42578125 0.04184100418410042 0.0390625
0 0.9497907949790795 0.4296875 0.04184100418410042 0.0390625
0 0.9539748953974896 0.4296875 0.04184100418410042 0.0390625
0 0.9874476987447699 0.4296875 0.04184100418410042 0.0390625
0 0.9497907949790795 0.4453125 0.04184100418410042 0.0390625
0 0.9539748953974896 0.4453125 0.04184100418410042 0.0390625
0 0.9497907949790795 0.44921875 0.04184100418410042 0.0390625
0 0.9539748953974896 0.44921875 0.04184100418410042 0.0390625
0 0.9916317991631799 0.44921875 0.04184100418410042 0.0390625
0 0.6903765690376569 0.453125 0.04184100418410042 0.0390625
0 0.694560669456067 0.453125 0.04184100418410042 0.0390625
0 0.7615062761506276 0.453125 0.04184100418410042 0.0390625
0 0.9539748953974896 0.46875 0.04184100418410042 0.0390625
0 0.9874476987447699 0.46875 0.04184100418410042 0.0390625
0 0.9874476987447699 0.47265625 0.04184100418410042 0.0390625
0 0.9539748953974896 0.48828125 0.04184100418410042 0.0390625
0 0.9916317991631799 0.48828125 0.04184100418410042 0.0390625
0 0.6527196652719666 0.4921875 0.04184100418410042 0.0390625
0 0.7238493723849372 0.4921875 0.04184100418410042 0.0390625
0 0.7280334728033473 0.4921875 0.04184100418410042 0.0390625
0 0.9916317991631799 0.4921875 0.04184100418410042 0.0390625
0 0.6527196652719666 0.49609375 0.04184100418410042 0.0390625
0 0.8284518828451883 0.5 0.04184100418410042 0.0390625
0 0.8326359832635983 0.5 0.04184100418410042 0.0390625
0 0.9456066945606695 0.51171875 0.04184100418410042 0.0390625
0 0.9874476987447699 0.51171875 0.04184100418410042 0.0390625
0 0.9916317991631799 0.51171875 0.04184100418410042 0.0390625
0 0.8368200836820083 0.5234375 0.04184100418410042 0.0390625
0 0.9497907949790795 0.53125 0.04184100418410042 0.0390625
0 0.9539748953974896 0.53125 0.04184100418410042 0.0390625
0 0.6234309623430963 0.53515625 0.04184100418410042 0.0390625
0 0.9916317991631799 0.53515625 0.04184100418410042 0.0390625
0 0.799163179916318 0.546875 0.04184100418410042 0.0390625
0 0.8410041841004184 0.546875 0.04184100418410042 0.0390625
0 0.8410041841004184 0.55078125 0.04184100418410042 0.0390625
0 0.6861924686192469 0.55859375 0.04184100418410042 0.0390625
0 0.6903765690376569 0.55859375 0.04184100418410042 0.0390625
0 0.9916317991631799 0.55859375 0.04184100418410042 0.0390625
0 0.7907949790794979 0.5625 0.04184100418410042 0.0390625
0 0.7907949790794979 0.56640625 0.04184100418410042 0.0390625
0 0.8410041841004184 0.56640625 0.04184100418410042 0.0390625
0 0.5941422594142259 0.5703125 0.04184100418410042 0.0390625
0 0.5983263598326359 0.5703125 0.04184100418410042 0.0390625
0 0.5564853556485355 0.57421875 0.04184100418410042 0.0390625
0 0.5606694560669456 0.57421875 0.04184100418410042 0.0390625
0 0.5941422594142259 0.57421875 0.04184100418410042 0.0390625
0 0.5983263598326359 0.57421875 0.04184100418410042 0.0390625
0 0.9414225941422594 0.57421875 0.04184100418410042 0.0390625
0 0.5564853556485355 0.578125 0.04184100418410042 0.0390625
0 0.5606694560669456 0.578125 0.04184100418410042 0.0390625
0 0.9414225941422594 0.578125 0.04184100418410042 0.0390625
0 0.9874476987447699 0.578125 0.04184100418410042 0.0390625
0 0.6820083682008368 0.58203125 0.04184100418410042 0.0390625
0 0.9874476987447699 0.58203125 0.04184100418410042 0.0390625
0 0.8451882845188284 0.5859375 0.04184100418410042 0.0390625
0 0.799163179916318 0.58984375 0.04184100418410042 0.0390625
0 0.803347280334728 0.58984375 0.04184100418410042 0.0390625
0 0.8451882845188284 0.58984375 0.04184100418410042 0.0390625
0 0.9456066945606695 0.59375 0.04184100418410042 0.0390625
0 0.9456066945606695 0.59765625 0.04184100418410042 0.0390625
0 0.9874476987447699 0.59765625 0.04184100418410042 0.0390625
0 0.9916317991631799 0.59765625 0.04184100418410042 0.0390625
0 0.9874476987447699 0.6015625 0.04184100418410042 0.0390625
0 0.9916317991631799 0.6015625 0.04184100418410042 0.0390625
0 0.6778242677824268 0.60546875 0.04184100418410042 0.0390625
0 0.5732217573221757 0.609375 0.04184100418410042 0.0390625
0 0.799163179916318 0.609375 0.04184100418410042 0.0390625
0 0.5732217573221757 0.61328125 0.04184100418410042 0.0390625
0 0.8451882845188284 0.61328125 0.04184100418410042 0.0390625
0 0.9414225941422594 0.6171875 0.04184100418410042 0.0390625
0 0.9456066945606695 0.6171875 0.04184100418410042 0.0390625
0 0.9414225941422594 0.62109375 0.04184100418410042 0.0390625
0 0.9456066945606695 0.62109375 0.04184100418410042 0.0390625
0 0.9874476987447699 0.62109375 0.04184100418410042 0.0390625
0 0.6861924686192469 0.625 0.04184100418410042 0.0390625
0 0.9874476987447699 0.625 0.04184100418410042 0.0390625
0 0.6861924686192469 0.62890625 0.04184100418410042 0.0390625
0 0.8410041841004184 0.62890625 0.04184100418410042 0.0390625
0 0.799163179916318 0.6328125 0.04184100418410042 0.0390625
0 0.8410041841004184 0.6328125 0.04184100418410042 0.0390625
0 0.9497907949790795 0.640625 0.04184100418410042 0.0390625
0 0.9874476987447699 0.640625 0.04184100418410042 0.0390625
0 0.6778242677824268 0.6484375 0.04184100418410042 0.0390625
0 0.6820083682008368 0.6484375 0.04184100418410042 0.0390625
0 0.799163179916318 0.65234375 0.04184100418410042 0.0390625
0 0.8368200836820083 0.65234375 0.04184100418410042 0.0390625
0 0.8410041841004184 0.65234375 0.04184100418410042 0.0390625
0 0.5481171548117155 0.65625 0.04184100418410042 0.0390625
0 0.9497907949790795 0.66015625 0.04184100418410042 0.0390625
0 0.9916317991631799 0.66015625 0.04184100418410042 0.0390625
0 0.9916317991631799 0.6640625 0.04184100418410042 0.0390625
0 0.6820083682008368 0.66796875 0.04184100418410042 0.0390625
0 0.6861924686192469 0.66796875 0.04184100418410042 0.0390625
0 0.7949790794979079 0.671875 0.04184100418410042 0.0390625
0 0.7949790794979079 0.67578125 0.04184100418410042 0.0390625
0 0.8410041841004184 0.67578125 0.04184100418410042 0.0390625
0 0.9497907949790795 0.6796875 0.04184100418410042 0.0390625
0 0.9497907949790795 0.68359375 0.04184100418410042 0.0390625
0 0.9874476987447699 0.68359375 0.04184100418410042 0.0390625
0 0.6820083682008368 0.6875 0.04184100418410042 0.0390625
0 0.9874476987447699 0.6875 0.04184100418410042 0.0390625
0 0.6820083682008368 0.69140625 0.04184100418410042 0.0390625
0 0.5313807531380753 0.6953125 0.04184100418410042 0.0390625
0 0.7907949790794979 0.6953125 0.04184100418410042 0.0390625
0 0.5313807531380753 0.69921875 0.04184100418410042 0.0390625
0 0.7907949790794979 0.69921875 0.04184100418410042 0.0390625
0 0.8368200836820083 0.69921875 0.04184100418410042 0.0390625
0 0.9414225941422594 0.703125 0.04184100418410042 0.0390625
0 0.9456066945606695 0.703125 0.04184100418410042 0.0390625
0 0.6820083682008368 0.7109375 0.04184100418410042 0.0390625
0 0.6861924686192469 0.7109375 0.04184100418410042 0.0390625
0 0.6820083682008368 0.71484375 0.04184100418410042 0.0390625
0 0.6861924686192469 0.71484375 0.04184100418410042 0.0390625
0 0.7949790794979079 0.71875 0.04184100418410042 0.0390625
0 0.7949790794979079 0.72265625 0.04184100418410042 0.0390625
0 0.6820083682008368 0.734375 0.04184100418410042 0.0390625
0 0.6861924686192469 0.734375 0.04184100418410042 0.0390625
0 0.5062761506276151 0.7421875 0.04184100418410042 0.0390625
0 0.5104602510460251 0.7421875 0.04184100418410042 0.0390625
0 0.6778242677824268 0.75390625 0.04184100418410042 0.0390625
0 0.6820083682008368 0.75390625 0.04184100418410042 0.0390625
0 0.6778242677824268 0.7578125 0.04184100418410042 0.0390625
0 0.6820083682008368 0.7578125 0.04184100418410042 0.0390625
0 0.6736401673640168 0.77734375 0.04184100418410042 0.0390625
0 0.6778242677824268 0.77734375 0.04184100418410042 0.0390625
0 0.4895397489539749 0.78125 0.04184100418410042 0.0390625
0 0.49372384937238495 0.78125 0.04184100418410042 0.0390625
0 0.4895397489539749 0.78515625 0.04184100418410042 0.0390625
0 0.49372384937238495 0.78515625 0.04184100418410042 0.0390625
0 0.6736401673640168 0.796875 0.04184100418410042 0.0390625
0 0.6778242677824268 0.796875 0.04184100418410042 0.0390625
0 0.6736401673640168 0.80078125 0.04184100418410042 0.0390625
0 0.6778242677824268 0.80078125 0.04184100418410042 0.0390625
0 0.9916317991631799 0.8046875 0.04184100418410042 0.0390625
0 0.9665271966527197 0.80859375 0.04184100418410042 0.0390625
0 0.8786610878661087 0.8125 0.04184100418410042 0.0390625
0 0.9037656903765691 0.8125 0.04184100418410042 0.0390625
0 0.9246861924686193 0.8125 0.04184100418410042 0.0390625
0 0.9288702928870293 0.8125 0.04184100418410042 0.0390625
0 0.9456066945606695 0.8125 0.04184100418410042 0.0390625
0 0.9497907949790795 0.8125 0.04184100418410042 0.0390625
0 0.8535564853556485 0.81640625 0.04184100418410042 0.0390625
0 0.8577405857740585 0.81640625 0.04184100418410042 0.0390625
0 0.8786610878661087 0.81640625 0.04184100418410042 0.0390625
0 0.9037656903765691 0.81640625 0.04184100418410042 0.0390625
0 0.7866108786610879 0.8203125 0.04184100418410042 0.0390625
0 0.8117154811715481 0.8203125 0.04184100418410042 0.0390625
0 0.8368200836820083 0.8203125 0.04184100418410042 0.0390625
0 0.8535564853556485 0.8203125 0.04184100418410042 0.0390625
0 0.8577405857740585 0.8203125 0.04184100418410042 0.0390625
0 0.7656903765690377 0.828125 0.04184100418410042 0.0390625
0 0.7238493723849372 0.83203125 0.04184100418410042 0.0390625
0 0.7405857740585774 0.83203125 0.04184100418410042 0.0390625
0 0.7447698744769874 0.83203125 0.04184100418410042 0.0390625
0 0.6610878661087866 0.953125 0.04184100418410042 0.0390625
