0 0.88671875 0.01171875 0.0390625 0.0390625
0 0.94140625 0.0546875 0.0390625 0.0390625
0 0.71484375 0.234375 0.0390625 0.0390625
0 0.71875 0.234375 0.0390625 0.0390625
0 0.71484375 0.23828125 0.0390625 0.0390625
0 0.71875 0.23828125 0.0390625 0.0390625
0 0.32421875 0.2734375 0.0390625 0.0390625
0 0.328125 0.2734375 0.0390625 0.0390625
0 0.74609375 0.29296875 0.0390625 0.0390625
0 0.98046875 0.3203125 0.0390625 0.0390625
0 0.98046875 0.32421875 0.0390625 0.0390625
0 0.2890625 0.609375 0.0390625 0.0390625
0 0.83984375 0.70703125 0.0390625 0.0390625
0 0.83984375 0.7109375 0.0390625 0.0390625
0 0.37109375 0.81640625 0.0390625 0.0390625
0 0.8828125 0.9296875 0.0390625 0.0390625
0 0.88671875 0.9296875 0.0390625 0.0390625
