0 0.46875 0.08984375 0.0390625 0.0390625
0 0.984375 0.1171875 0.0390625 0.0390625
0 0.890625 0.19140625 0.0390625 0.0390625
0 0.89453125 0.19140625 0.0390625 0.0390625
0 0.890625 0.1953125 0.0390625 0.0390625
0 0.89453125 0.1953125 0.0390625 0.0390625
0 0.90625 0.21484375 0.0390625 0.0390625
0 0.52734375 0.25 0.0390625 0.0390625
0 0.89453125 0.28515625 0.0390625 0.0390625
0 0.8984375 0.28515625 0.0390625 0.0390625
0 0.58203125 0.3203125 0.0390625 0.0390625
0 0.58203125 0.32421875 0.0390625 0.0390625
0 0.36328125 0.5859375 0.0390625 0.0390625
0 0.99609375 0.66015625 0.0390625 0.0390625
0 0.4453125 0.84375 0.0390625 0.0390625
0 0.44921875 0.84375 0.0390625 0.0390625
0 0.77734375 0.859375 0.0390625 0.0390625
0 0.78125 0.859375 0.0390625 0.0390625
0 0.90625 0.92578125 0.0390625 0.0390625
0 0.4453125 0.9296875 0.0390625 0.0390625
0 0.90625 0.9296875 0.0390625 0.0390625
0 0.4609375 0.93359375 0.0390625 0.0390625
0 0.46484375 0.93359375 0.0390625 0.0390625
0 0.390625 0.9375 0.0390625 0.0390625
0 0.32421875 0.97265625 0.0390625 0.0390625
0 0.9296875 0.97265625 0.0390625 0.0390625
