0 0.265625 0.078125 0.0390625 0.0390625
0 0.265625 0.08203125 0.0390625 0.0390625
0 0.35546875 0.26953125 0.0390625 0.0390625
0 0.55078125 0.328125 0.0390625 0.0390625
0 0.76953125 0.34375 0.0390625 0.0390625
0 0.796875 0.3671875 0.0390625 0.0390625
0 0.55078125 0.375 0.0390625 0.0390625
0 0.8203125 0.4140625 0.0390625 0.0390625
0 0.30859375 0.41796875 0.0390625 0.0390625
0 0.52734375 0.578125 0.0390625 0.0390625
0 0.34375 0.6015625 0.0390625 0.0390625
0 0.59375 0.6875 0.0390625 0.0390625
0 0.59375 0.69140625 0.0390625 0.0390625
0 0.3828125 0.69921875 0.0390625 0.0390625
0 0.3828125 0.7578125 0.0390625 0.0390625
0 0.38671875 0.7578125 0.0390625 0.0390625
0 0.390625 0.83984375 0.0390625 0.0390625
0 0.0546875 0.84375 0.0390625 0.0390625
0 0.05859375 0.84375 0.0390625 0.0390625
0 0.0546875 0.84765625 0.0390625 0.0390625
0 0.05859375 0.84765625 0.0390625 0.0390625
0 0.16796875 0.90234375 0.0390625 0.0390625
0 0.33984375 0.953125 0.0390625 0.0390625
0 0.33984375 0.95703125 0.0390625 0.0390625
