0 0.04296875 0.2109375 0.0390625 0.0390625
0 0.046875 0.2578125 0.0390625 0.0390625
0 0.05078125 0.2578125 0.0390625 0.0390625
0 0.0390625 0.2890625 0.0390625 0.0390625
0 0.0390625 0.29296875 0.0390625 0.0390625
0 0.9375 0.30859375 0.0390625 0.0390625
0 0.9375 0.3125 0.0390625 0.0390625
0 0.328125 0.45703125 0.0390625 0.0390625
0 0.37109375 0.515625 0.0390625 0.0390625
0 0.046875 0.640625 0.0390625 0.0390625
0 0.8125 0.78515625 0.0390625 0.0390625
0 0.8125 0.7890625 0.0390625 0.0390625
0 0.6015625 0.8046875 0.0390625 0.0390625
0 0.26171875 0.8515625 0.0390625 0.0390625
