0 0.2217573221757322 0.05078125 0.04184100418410042 0.0390625
0 0.16317991631799164 0.05859375 0.04184100418410042 0.0390625
0 0.16736401673640167 0.05859375 0.04184100418410042 0.0390625
0 0.10460251046025104 0.0625 0.04184100418410042 0.0390625
0 0.49372384937238495 0.63671875 0.04184100418410042 0.0390625
0 0.49372384937238495 0.640625 0.04184100418410042 0.0390625
0 0.5606694560669456 0.6484375 0.04184100418410042 0.0390625
0 0.5648535564853556 0.6484375 0.04184100418410042 0.0390625
0 0.5606694560669456 0.65234375 0.04184100418410042 0.0390625
0 0.5648535564853556 0.65234375 0.04184100418410042 0.0390625
0 0.8158995815899581 0.84765625 0.04184100418410042 0.0390625
0 0.4435146443514644 0.87109375 0.04184100418410042 0.0390625
0 0.5230125523012552 0.91796875 0.04184100418410042 0.0390625
0 0.9414225941422594 0.93359375 0.04184100418410042 0.0390625
