0 0.3125 0.015625 0.0390625 0.0390625
0 0.62890625 0.08984375 0.0390625 0.0390625
0 0.26953125 0.125 0.0390625 0.0390625
0 0.6953125 0.32421875 0.0390625 0.0390625
0 0.69921875 0.32421875 0.0390625 0.0390625
0 0.69140625 0.36328125 0.0390625 0.0390625
0 0.67578125 0.40234375 0.0390625 0.0390625
0 0.703125 0.41015625 0.0390625 0.0390625
0 0.453125 0.58203125 0.0390625 0.0390625
0 0.75 0.6171875 0.0390625 0.0390625
0 0.0 0.66015625 0.0390625 0.0390625
0 0.4609375 0.7734375 0.0390625 0.0390625
0 0.43359375 0.77734375 0.0390625 0.0390625
0 0.4375 0.77734375 0.0390625 0.0390625
0 0.4609375 0.77734375 0.0390625 0.0390625
0 0.88671875 0.89453125 0.0390625 0.0390625
