0 0.60546875 0.0794979079497908 0.0390625 0.04184100418410042
0 0.3671875 0.08786610878661087 0.0390625 0.04184100418410042
0 0.41015625 0.13807531380753138 0.0390625 0.04184100418410042
0 0.4140625 0.13807531380753138 0.0390625 0.04184100418410042
0 0.59375 0.1589958158995816 0.0390625 0.04184100418410042
0 0.7109375 0.24686192468619247 0.0390625 0.04184100418410042
0 0.71484375 0.24686192468619247 0.0390625 0.04184100418410042
0 0.38671875 0.2719665271966527 0.0390625 0.04184100418410042
0 0.390625 0.2719665271966527 0.0390625 0.04184100418410042
0 0.5 0.3514644351464435 0.0390625 0.04184100418410042
0 0.71484375 0.37656903765690375 0.0390625 0.04184100418410042
0 0.71875 0.37656903765690375 0.0390625 0.04184100418410042
0 0.71484375 0.3807531380753138 0.0390625 0.04184100418410042
0 0.71875 0.3807531380753138 0.0390625 0.04184100418410042
0 0.53125 0.5690376569037657 0.0390625 0.04184100418410042
0 0.53515625 0.5690376569037657 0.0390625 0.04184100418410042
0 0.51953125 0.7364016736401674 0.0390625 0.04184100418410042
0 0.5234375 0.7364016736401674 0.0390625 0.04184100418410042
0 0.51953125 0.7405857740585774 0.0390625 0.04184100418410042
0 0.5234375 0.7405857740585774 0.0390625 0.04184100418410042
0 0.64453125 0.7698744769874477 0.0390625 0.04184100418410042
0 0.85546875 0.7949790794979079 0.0390625 0.04184100418410042
0 0.85546875 0.799163179916318 0.0390625 0.04184100418410042
0 0.60546875 0.9288702928870293 0.0390625 0.04184100418410042
