0 0.01953125 0.02092050209205021 0.0390625 0.04184100418410042
0 0.21875 0.058577405857740586 0.0390625 0.04184100418410042
0 0.609375 0.13389121338912133 0.0390625 0.04184100418410042
0 0.63671875 0.22594142259414227 0.0390625 0.04184100418410042
0 0.63671875 0.2301255230125523 0.0390625 0.04184100418410042
0 0.62109375 0.27615062761506276 0.0390625 0.04184100418410042
0 0.53515625 0.2803347280334728 0.0390625 0.04184100418410042
0 0.5390625 0.2803347280334728 0.0390625 0.04184100418410042
0 0.62109375 0.2803347280334728 0.0390625 0.04184100418410042
0 0.53515625 0.28451882845188287 0.0390625 0.04184100418410042
0 0.5390625 0.28451882845188287 0.0390625 0.04184100418410042
0 0.4296875 0.5313807531380753 0.0390625 0.04184100418410042
0 0.0390625 0.6150627615062761 0.0390625 0.04184100418410042
0 0.3046875 0.9748953974895398 0.0390625 0.04184100418410042
