0 0.4453125 0.0041841004184100415 0.0390625 0.04184100418410042
0 0.4375 0.06276150627615062 0.0390625 0.04184100418410042
0 0.44140625 0.06276150627615062 0.0390625 0.04184100418410042
0 0.4375 0.06694560669456066 0.0390625 0.04184100418410042
0 0.44140625 0.06694560669456066 0.0390625 0.04184100418410042
0 0.9296875 0.09205020920502092 0.0390625 0.04184100418410042
0 0.9296875 0.09623430962343096 0.0390625 0.04184100418410042
0 0.44140625 0.12552301255230125 0.0390625 0.04184100418410042
0 0.44140625 0.1297071129707113 0.0390625 0.04184100418410042
0 0.3828125 0.2594142259414226 0.0390625 0.04184100418410042
0 0.9296875 0.26359832635983266 0.0390625 0.04184100418410042
0 0.3125 0.29707112970711297 0.0390625 0.04184100418410042
0 0.86328125 0.301255230125523 0.0390625 0.04184100418410042
0 0.86328125 0.3054393305439331 0.0390625 0.04184100418410042
0 0.8671875 0.3305439330543933 0.0390625 0.04184100418410042
0 0.8671875 0.33472803347280333 0.0390625 0.04184100418410042
0 0.1171875 0.5146443514644351 0.0390625 0.04184100418410042
0 0.5390625 0.5188284518828452 0.0390625 0.04184100418410042
0 0.57421875 0.5188284518828452 0.0390625 0.04184100418410042
0 0.5390625 0.5230125523012552 0.0390625 0.04184100418410042
0 0.57421875 0.5230125523012552 0.0390625 0.04184100418410042
0 0.30859375 0.5815899581589958 0.0390625 0.04184100418410042
0 0.3125 0.5815899581589958 0.0390625 0.04184100418410042
0 0.3984375 0.5941422594142259 0.0390625 0.04184100418410042
0 0.171875 0.606694560669456 0.0390625 0.04184100418410042
0 0.17578125 0.606694560669456 0.0390625 0.04184100418410042
0 0.6015625 0.7112970711297071 0.0390625 0.04184100418410042
