0 0.3359375 0.03515625 0.0390625 0.0390625
0 0.13671875 0.08984375 0.0390625 0.0390625
0 0.16015625 0.08984375 0.0390625 0.0390625
0 0.18359375 0.09375 0.0390625 0.0390625
0 0.18359375 0.09765625 0.0390625 0.0390625
0 0.1171875 0.1796875 0.0390625 0.0390625
0 0.23828125 0.25390625 0.0390625 0.0390625
0 0.34765625 0.2578125 0.0390625 0.0390625
0 0.34765625 0.26171875 0.0390625 0.0390625
0 0.2890625 0.2734375 0.0390625 0.0390625
0 0.29296875 0.2734375 0.0390625 0.0390625
0 0.16015625 0.2890625 0.0390625 0.0390625
0 0.18359375 0.29296875 0.0390625 0.0390625
0 0.22265625 0.32421875 0.0390625 0.0390625
0 0.01171875 0.71484375 0.0390625 0.0390625
0 0.01171875 0.71875 0.0390625 0.0390625
0 0.02734375 0.76953125 0.0390625 0.0390625
0 0.02734375 0.7734375 0.0390625 0.0390625
0 0.0234375 0.8125 0.0390625 0.0390625
0 0.33203125 0.8671875 0.0390625 0.0390625
