0 0.11328125 0.08984375 0.0390625 0.0390625
0 0.1171875 0.08984375 0.0390625 0.0390625
0 0.921875 0.6875 0.0390625 0.0390625
0 0.92578125 0.6875 0.0390625 0.0390625
0 0.91015625 0.80859375 0.0390625 0.0390625
0 0.9140625 0.80859375 0.0390625 0.0390625
0 0.91015625 0.8359375 0.0390625 0.0390625
0 0.91015625 0.85546875 0.0390625 0.0390625
0 0.91015625 0.87890625 0.0390625 0.0390625
0 0.9140625 0.8984375 0.0390625 0.0390625
0 0.29296875 0.98046875 0.0390625 0.0390625
0 0.296875 0.98046875 0.0390625 0.0390625
