0 0.69140625 0.38671875 0.0390625 0.0390625
0 0.67578125 0.5546875 0.0390625 0.0390625
0 0.6796875 0.5546875 0.0390625 0.0390625
0 0.67578125 0.55859375 0.0390625 0.0390625
0 0.6796875 0.55859375 0.0390625 0.0390625
0 0.52734375 0.5703125 0.0390625 0.0390625
0 0.52734375 0.57421875 0.0390625 0.0390625
0 0.62890625 0.578125 0.0390625 0.0390625
0 0.6328125 0.578125 0.0390625 0.0390625
0 0.6796875 0.578125 0.0390625 0.0390625
0 0.68359375 0.578125 0.0390625 0.0390625
0 0.62890625 0.58203125 0.0390625 0.0390625
0 0.6328125 0.58203125 0.0390625 0.0390625
0 0.52734375 0.59375 0.0390625 0.0390625
0 0.63671875 0.6015625 0.0390625 0.0390625
0 0.640625 0.6015625 0.0390625 0.0390625
0 0.6328125 0.62109375 0.0390625 0.0390625
0 0.63671875 0.62109375 0.0390625 0.0390625
0 0.6796875 0.62109375 0.0390625 0.0390625
0 0.6328125 0.625 0.0390625 0.0390625
0 0.63671875 0.625 0.0390625 0.0390625
0 0.6796875 0.625 0.0390625 0.0390625
0 0.52734375 0.63671875 0.0390625 0.0390625
0 0.67578125 0.640625 0.0390625 0.0390625
0 0.67578125 0.64453125 0.0390625 0.0390625
0 0.52734375 0.66796875 0.0390625 0.0390625
0 0.53125 0.66796875 0.0390625 0.0390625
0 0.52734375 0.671875 0.0390625 0.0390625
0 0.53125 0.671875 0.0390625 0.0390625
0 0.63671875 0.6875 0.0390625 0.0390625
0 0.640625 0.6875 0.0390625 0.0390625
0 0.6796875 0.6875 0.0390625 0.0390625
0 0.6796875 0.69140625 0.0390625 0.0390625
0 0.53515625 0.71484375 0.0390625 0.0390625
0 0.6796875 0.73046875 0.0390625 0.0390625
0 0.67578125 0.75 0.0390625 0.0390625
0 0.6796875 0.75 0.0390625 0.0390625
0 0.67578125 0.75390625 0.0390625 0.0390625
0 0.6796875 0.75390625 0.0390625 0.0390625
0 0.63671875 0.7734375 0.0390625 0.0390625
0 0.640625 0.7734375 0.0390625 0.0390625
0 0.67578125 0.8359375 0.0390625 0.0390625
0 0.6796875 0.8359375 0.0390625 0.0390625
