0 0.66796875 0.0234375 0.0390625 0.0390625
0 0.671875 0.0234375 0.0390625 0.0390625
0 0.69140625 0.0234375 0.0390625 0.0390625
0 0.734375 0.0234375 0.0390625 0.0390625
0 0.84375 0.0234375 0.0390625 0.0390625
0 0.66796875 0.02734375 0.0390625 0.0390625
0 0.671875 0.02734375 0.0390625 0.0390625
0 0.69140625 0.02734375 0.0390625 0.0390625
0 0.71484375 0.02734375 0.0390625 0.0390625
0 0.734375 0.02734375 0.0390625 0.0390625
0 0.75390625 0.02734375 0.0390625 0.0390625
0 0.7578125 0.02734375 0.0390625 0.0390625
0 0.796875 0.02734375 0.0390625 0.0390625
0 0.80078125 0.02734375 0.0390625 0.0390625
0 0.8203125 0.02734375 0.0390625 0.0390625
0 0.8828125 0.02734375 0.0390625 0.0390625
0 0.90234375 0.02734375 0.0390625 0.0390625
0 0.8828125 0.03125 0.0390625 0.0390625
