0 0.1953125 0.6796875 0.0390625 0.0390625
0 0.37890625 0.6875 0.0390625 0.0390625
0 0.37890625 0.69140625 0.0390625 0.0390625
0 0.19140625 0.7109375 0.0390625 0.0390625
0 0.96875 0.8359375 0.0390625 0.0390625
0 0.96875 0.83984375 0.0390625 0.0390625
0 0.97265625 0.8671875 0.0390625 0.0390625
0 0.97265625 0.89453125 0.0390625 0.0390625
0 0.9765625 0.89453125 0.0390625 0.0390625
0 0.63671875 0.91796875 0.0390625 0.0390625
0 0.63671875 0.921875 0.0390625 0.0390625
0 0.42578125 0.9765625 0.0390625 0.0390625
