0 0.16806722689075632 0.2421875 0.08403361344537816 0.0390625
0 0.21008403361344538 0.2421875 0.08403361344537816 0.0390625
0 0.2605042016806723 0.2421875 0.08403361344537816 0.0390625
0 0.2689075630252101 0.2421875 0.08403361344537816 0.0390625
0 0.31092436974789917 0.2421875 0.08403361344537816 0.0390625
0 0.46218487394957986 0.2421875 0.08403361344537816 0.0390625
0 0.47058823529411764 0.2421875 0.08403361344537816 0.0390625
0 0.16806722689075632 0.24609375 0.08403361344537816 0.0390625
0 0.2605042016806723 0.24609375 0.08403361344537816 0.0390625
0 0.2689075630252101 0.24609375 0.08403361344537816 0.0390625
0 0.42857142857142855 0.24609375 0.08403361344537816 0.0390625
0 0.6050420168067226 0.24609375 0.08403361344537816 0.0390625
0 0.6470588235294118 0.24609375 0.08403361344537816 0.0390625
0 0.6974789915966386 0.24609375 0.08403361344537816 0.0390625
0 0.6974789915966386 0.25 0.08403361344537816 0.0390625
0 0.01680672268907563 0.31640625 0.08403361344537816 0.0390625
0 0.10084033613445378 0.640625 0.08403361344537816 0.0390625
0 0.8151260504201681 0.66015625 0.08403361344537816 0.0390625
0 0.8151260504201681 0.6640625 0.08403361344537816 0.0390625
