0 0.6484375 0.45703125 0.0390625 0.0390625
0 0.6484375 0.4609375 0.0390625 0.0390625
0 0.24609375 0.82421875 0.0390625 0.0390625
0 0.24609375 0.828125 0.0390625 0.0390625
0 0.17578125 0.890625 0.0390625 0.0390625
0 0.19921875 0.89453125 0.0390625 0.0390625
0 0.203125 0.89453125 0.0390625 0.0390625
0 0.21875 0.89453125 0.0390625 0.0390625
0 0.22265625 0.89453125 0.0390625 0.0390625
0 0.23828125 0.89453125 0.0390625 0.0390625
0 0.2421875 0.89453125 0.0390625 0.0390625
0 0.26171875 0.89453125 0.0390625 0.0390625
0 0.265625 0.89453125 0.0390625 0.0390625
0 0.21875 0.8984375 0.0390625 0.0390625
0 0.22265625 0.8984375 0.0390625 0.0390625
0 0.2890625 0.90234375 0.0390625 0.0390625
0 0.5 0.90234375 0.0390625 0.0390625
0 0.515625 0.9375 0.0390625 0.0390625
0 0.34765625 0.95703125 0.0390625 0.0390625
0 0.34765625 0.9609375 0.0390625 0.0390625
0 0.4375 0.9609375 0.0390625 0.0390625
0 0.390625 0.96484375 0.0390625 0.0390625
0 0.4140625 0.96484375 0.0390625 0.0390625
0 0.41796875 0.96484375 0.0390625 0.0390625
0 0.4375 0.96484375 0.0390625 0.0390625
0 0.53125 0.96875 0.0390625 0.0390625
0 0.53125 0.97265625 0.0390625 0.0390625
