0 0.21484375 0.0234375 0.0390625 0.0390625
0 0.25390625 0.0234375 0.0390625 0.0390625
0 0.2578125 0.0234375 0.0390625 0.0390625
0 0.27734375 0.0234375 0.0390625 0.0390625
0 0.23828125 0.02734375 0.0390625 0.0390625
0 0.29296875 0.02734375 0.0390625 0.0390625
0 0.1953125 0.03125 0.0390625 0.0390625
0 0.9609375 0.1953125 0.0390625 0.0390625
0 0.96484375 0.1953125 0.0390625 0.0390625
0 0.9375 0.3515625 0.0390625 0.0390625
0 0.9609375 0.3515625 0.0390625 0.0390625
0 0.96484375 0.3515625 0.0390625 0.0390625
0 0.9609375 0.35546875 0.0390625 0.0390625
0 0.96484375 0.35546875 0.0390625 0.0390625
0 0.2890625 0.37890625 0.0390625 0.0390625
