0 0.03125 0.66015625 0.0390625 0.0390625
0 0.03125 0.6640625 0.0390625 0.0390625
0 0.3046875 0.6640625 0.0390625 0.0390625
0 0.30859375 0.6640625 0.0390625 0.0390625
0 0.3046875 0.66796875 0.0390625 0.0390625
0 0.30859375 0.66796875 0.0390625 0.0390625
0 0.55078125 0.72265625 0.0390625 0.0390625
0 0.5546875 0.72265625 0.0390625 0.0390625
0 0.50390625 0.7265625 0.0390625 0.0390625
0 0.50390625 0.73046875 0.0390625 0.0390625
0 0.19921875 0.7578125 0.0390625 0.0390625
0 0.859375 0.8046875 0.0390625 0.0390625
0 0.86328125 0.8046875 0.0390625 0.0390625
0 0.859375 0.80859375 0.0390625 0.0390625
0 0.86328125 0.80859375 0.0390625 0.0390625
0 0.24609375 0.828125 0.0390625 0.0390625
0 0.25 0.828125 0.0390625 0.0390625
0 0.24609375 0.83203125 0.0390625 0.0390625
0 0.25 0.83203125 0.0390625 0.0390625
0 0.20703125 0.9609375 0.0390625 0.0390625
