0 0.0078125 0.58203125 0.0390625 0.0390625
0 0.0078125 0.5859375 0.0390625 0.0390625
0 0.0390625 0.625 0.0390625 0.0390625
0 0.0390625 0.62890625 0.0390625 0.0390625
0 0.01953125 0.640625 0.0390625 0.0390625
0 0.0234375 0.640625 0.0390625 0.0390625
0 0.01953125 0.64453125 0.0390625 0.0390625
0 0.0234375 0.64453125 0.0390625 0.0390625
0 0.0 0.6484375 0.0390625 0.0390625
0 0.00390625 0.6484375 0.0390625 0.0390625
0 0.0 0.65234375 0.0390625 0.0390625
0 0.00390625 0.65234375 0.0390625 0.0390625
0 0.07421875 0.67578125 0.0390625 0.0390625
0 0.0546875 0.6875 0.0390625 0.0390625
0 0.05859375 0.6875 0.0390625 0.0390625
0 0.0390625 0.69921875 0.0390625 0.0390625
0 0.0390625 0.703125 0.0390625 0.0390625
0 0.01953125 0.7109375 0.0390625 0.0390625
0 0.109375 0.71875 0.0390625 0.0390625
0 0.00390625 0.7265625 0.0390625 0.0390625
0 0.00390625 0.73046875 0.0390625 0.0390625
0 0.08984375 0.73046875 0.0390625 0.0390625
0 0.08984375 0.734375 0.0390625 0.0390625
0 0.0703125 0.74609375 0.0390625 0.0390625
0 0.05078125 0.75390625 0.0390625 0.0390625
0 0.03515625 0.76953125 0.0390625 0.0390625
0 0.14453125 0.76953125 0.0390625 0.0390625
0 0.01171875 0.78125 0.0390625 0.0390625
0 0.015625 0.78125 0.0390625 0.0390625
0 0.125 0.78125 0.0390625 0.0390625
0 0.1015625 0.7890625 0.0390625 0.0390625
0 0.0 0.79296875 0.0390625 0.0390625
0 0.1015625 0.79296875 0.0390625 0.0390625
0 0.08984375 0.8046875 0.0390625 0.0390625
0 0.1796875 0.8125 0.0390625 0.0390625
0 0.06640625 0.81640625 0.0390625 0.0390625
0 0.0703125 0.81640625 0.0390625 0.0390625
0 0.1796875 0.81640625 0.0390625 0.0390625
0 0.15625 0.82421875 0.0390625 0.0390625
0 0.046875 0.828125 0.0390625 0.0390625
0 0.05078125 0.828125 0.0390625 0.0390625
0 0.046875 0.83203125 0.0390625 0.0390625
0 0.05078125 0.83203125 0.0390625 0.0390625
0 0.140625 0.8359375 0.0390625 0.0390625
0 0.03125 0.84375 0.0390625 0.0390625
0 0.03125 0.84765625 0.0390625 0.0390625
0 0.12109375 0.84765625 0.0390625 0.0390625
0 0.12109375 0.8515625 0.0390625 0.0390625
0 0.01171875 0.859375 0.0390625 0.0390625
0 0.1015625 0.86328125 0.0390625 0.0390625
0 0.2109375 0.8671875 0.0390625 0.0390625
0 0.21484375 0.8671875 0.0390625 0.0390625
0 0.0859375 0.875 0.0390625 0.0390625
0 0.0859375 0.87890625 0.0390625 0.0390625
0 0.1953125 0.87890625 0.0390625 0.0390625
0 0.1953125 0.8828125 0.0390625 0.0390625
0 0.06640625 0.88671875 0.0390625 0.0390625
0 0.17578125 0.89453125 0.0390625 0.0390625
0 0.1796875 0.89453125 0.0390625 0.0390625
0 0.05078125 0.8984375 0.0390625 0.0390625
0 0.05078125 0.90234375 0.0390625 0.0390625
0 0.15625 0.90625 0.0390625 0.0390625
0 0.02734375 0.91015625 0.0390625 0.0390625
0 0.03125 0.91015625 0.0390625 0.0390625
0 0.2421875 0.91015625 0.0390625 0.0390625
0 0.02734375 0.9140625 0.0390625 0.0390625
0 0.03125 0.9140625 0.0390625 0.0390625
0 0.140625 0.9140625 0.0390625 0.0390625
0 0.140625 0.91796875 0.0390625 0.0390625
0 0.2265625 0.921875 0.0390625 0.0390625
0 0.12109375 0.92578125 0.0390625 0.0390625
0 0.125 0.92578125 0.0390625 0.0390625
0 0.015625 0.9296875 0.0390625 0.0390625
0 0.12109375 0.9296875 0.0390625 0.0390625
0 0.125 0.9296875 0.0390625 0.0390625
0 0.20703125 0.93359375 0.0390625 0.0390625
0 0.2109375 0.93359375 0.0390625 0.0390625
0 0.1015625 0.9375 0.0390625 0.0390625
0 0.265625 0.9375 0.0390625 0.0390625
0 0.26953125 0.9375 0.0390625 0.0390625
0 0.1015625 0.94140625 0.0390625 0.0390625
0 0.265625 0.94140625 0.0390625 0.0390625
0 0.26953125 0.94140625 0.0390625 0.0390625
0 0.0859375 0.953125 0.0390625 0.0390625
0 0.17578125 0.95703125 0.0390625 0.0390625
0 0.25 0.95703125 0.0390625 0.0390625
0 0.0625 0.9609375 0.0390625 0.0390625
0 0.23046875 0.96484375 0.0390625 0.0390625
0 0.234375 0.96484375 0.0390625 0.0390625
0 0.16015625 0.96875 0.0390625 0.0390625
0 0.23046875 0.96875 0.0390625 0.0390625
0 0.234375 0.96875 0.0390625 0.0390625
0 0.04296875 0.9765625 0.0390625 0.0390625
0 0.21484375 0.9765625 0.0390625 0.0390625
0 0.04296875 0.98046875 0.0390625 0.0390625
0 0.14453125 0.98046875 0.0390625 0.0390625
0 0.1484375 0.98046875 0.0390625 0.0390625
0 0.21484375 0.98046875 0.0390625 0.0390625
0 0.19921875 0.98828125 0.0390625 0.0390625
0 0.296875 0.98828125 0.0390625 0.0390625
0 0.30078125 0.98828125 0.0390625 0.0390625
0 0.12890625 0.9921875 0.0390625 0.0390625
0 0.296875 0.9921875 0.0390625 0.0390625
0 0.30078125 0.9921875 0.0390625 0.0390625
