0 0.0546875 0.15625 0.0390625 0.0390625
0 0.87109375 0.1875 0.0390625 0.0390625
0 0.96484375 0.1875 0.0390625 0.0390625
0 0.87109375 0.19140625 0.0390625 0.0390625
0 0.92578125 0.19140625 0.0390625 0.0390625
0 0.8203125 0.1953125 0.0390625 0.0390625
0 0.9609375 0.2109375 0.0390625 0.0390625
0 0.96484375 0.2109375 0.0390625 0.0390625
0 0.80859375 0.21484375 0.0390625 0.0390625
0 0.8125 0.21484375 0.0390625 0.0390625
0 0.8046875 0.234375 0.0390625 0.0390625
0 0.82421875 0.27734375 0.0390625 0.0390625
0 0.87890625 0.30078125 0.0390625 0.0390625
0 0.83203125 0.30859375 0.0390625 0.0390625
0 0.84765625 0.36328125 0.0390625 0.0390625
0 0.8203125 0.375 0.0390625 0.0390625
0 0.796875 0.3828125 0.0390625 0.0390625
0 0.90625 0.3984375 0.0390625 0.0390625
0 0.80859375 0.421875 0.0390625 0.0390625
0 0.8125 0.421875 0.0390625 0.0390625
0 0.828125 0.421875 0.0390625 0.0390625
0 0.83203125 0.421875 0.0390625 0.0390625
0 0.90234375 0.4453125 0.0390625 0.0390625
0 0.84375 0.44921875 0.0390625 0.0390625
0 0.84375 0.453125 0.0390625 0.0390625
0 0.8515625 0.47265625 0.0390625 0.0390625
0 0.9140625 0.48046875 0.0390625 0.0390625
0 0.9921875 0.48046875 0.0390625 0.0390625
0 0.9921875 0.484375 0.0390625 0.0390625
0 0.95703125 0.5 0.0390625 0.0390625
0 0.92578125 0.50390625 0.0390625 0.0390625
0 0.8671875 0.515625 0.0390625 0.0390625
0 0.87109375 0.515625 0.0390625 0.0390625
0 0.90625 0.51953125 0.0390625 0.0390625
0 0.81640625 0.52734375 0.0390625 0.0390625
0 0.875 0.5390625 0.0390625 0.0390625
0 0.87890625 0.5390625 0.0390625 0.0390625
0 0.83203125 0.5546875 0.0390625 0.0390625
0 0.83203125 0.55859375 0.0390625 0.0390625
0 0.8828125 0.56640625 0.0390625 0.0390625
0 0.8359375 0.578125 0.0390625 0.0390625
0 0.9375 0.578125 0.0390625 0.0390625
0 0.94140625 0.578125 0.0390625 0.0390625
0 0.88671875 0.5859375 0.0390625 0.0390625
0 0.890625 0.5859375 0.0390625 0.0390625
0 0.88671875 0.58984375 0.0390625 0.0390625
0 0.890625 0.58984375 0.0390625 0.0390625
0 0.9375 0.59765625 0.0390625 0.0390625
0 0.94140625 0.59765625 0.0390625 0.0390625
0 0.83984375 0.60546875 0.0390625 0.0390625
0 0.8984375 0.60546875 0.0390625 0.0390625
0 0.8984375 0.609375 0.0390625 0.0390625
0 0.94921875 0.6171875 0.0390625 0.0390625
0 0.953125 0.6171875 0.0390625 0.0390625
0 0.84765625 0.62109375 0.0390625 0.0390625
0 0.84765625 0.625 0.0390625 0.0390625
0 0.8984375 0.6328125 0.0390625 0.0390625
0 0.85546875 0.64453125 0.0390625 0.0390625
0 0.94140625 0.64453125 0.0390625 0.0390625
0 0.94921875 0.66015625 0.0390625 0.0390625
0 0.94921875 0.69140625 0.0390625 0.0390625
0 0.953125 0.69140625 0.0390625 0.0390625
0 0.89453125 0.6953125 0.0390625 0.0390625
0 0.8515625 0.69921875 0.0390625 0.0390625
0 0.89453125 0.69921875 0.0390625 0.0390625
0 0.875 0.7109375 0.0390625 0.0390625
0 0.875 0.71484375 0.0390625 0.0390625
0 0.97265625 0.7265625 0.0390625 0.0390625
0 0.97265625 0.73046875 0.0390625 0.0390625
0 0.9921875 0.73046875 0.0390625 0.0390625
0 0.91015625 0.734375 0.0390625 0.0390625
0 0.9296875 0.734375 0.0390625 0.0390625
0 0.93359375 0.734375 0.0390625 0.0390625
0 0.953125 0.734375 0.0390625 0.0390625
0 0.859375 0.73828125 0.0390625 0.0390625
0 0.91015625 0.73828125 0.0390625 0.0390625
0 0.859375 0.7421875 0.0390625 0.0390625
0 0.98828125 0.765625 0.0390625 0.0390625
0 0.96484375 0.76953125 0.0390625 0.0390625
0 0.94140625 0.7734375 0.0390625 0.0390625
0 0.89453125 0.78125 0.0390625 0.0390625
0 0.89453125 0.78515625 0.0390625 0.0390625
0 0.91796875 0.78515625 0.0390625 0.0390625
0 0.921875 0.78515625 0.0390625 0.0390625
0 0.875 0.7890625 0.0390625 0.0390625
0 0.9765625 0.81640625 0.0390625 0.0390625
0 0.9765625 0.8203125 0.0390625 0.0390625
0 0.9296875 0.82421875 0.0390625 0.0390625
0 0.93359375 0.82421875 0.0390625 0.0390625
0 0.9296875 0.828125 0.0390625 0.0390625
0 0.93359375 0.828125 0.0390625 0.0390625
0 0.90625 0.83203125 0.0390625 0.0390625
0 0.88671875 0.8359375 0.0390625 0.0390625
0 0.90625 0.8359375 0.0390625 0.0390625
0 0.89453125 0.8828125 0.0390625 0.0390625
0 0.8984375 0.8828125 0.0390625 0.0390625
0 0.89453125 0.88671875 0.0390625 0.0390625
0 0.8984375 0.88671875 0.0390625 0.0390625
0 0.98828125 0.92578125 0.0390625 0.0390625
0 0.9921875 0.92578125 0.0390625 0.0390625
0 0.9453125 0.9296875 0.0390625 0.0390625
0 0.94921875 0.9296875 0.0390625 0.0390625
0 0.96875 0.9296875 0.0390625 0.0390625
0 0.97265625 0.9296875 0.0390625 0.0390625
0 0.98828125 0.9296875 0.0390625 0.0390625
0 0.9921875 0.9296875 0.0390625 0.0390625
0 0.90625 0.93359375 0.0390625 0.0390625
0 0.9296875 0.9375 0.0390625 0.0390625
0 0.9765625 0.97265625 0.0390625 0.0390625
0 0.98046875 0.97265625 0.0390625 0.0390625
0 0.95703125 0.9765625 0.0390625 0.0390625
0 0.9375 0.98046875 0.0390625 0.0390625
