0 0.36328125 0.09375 0.0390625 0.0390625
0 0.3671875 0.09375 0.0390625 0.0390625
0 0.30859375 0.109375 0.0390625 0.0390625
0 0.3125 0.109375 0.0390625 0.0390625
0 0.30859375 0.11328125 0.0390625 0.0390625
0 0.3125 0.11328125 0.0390625 0.0390625
0 0.26171875 0.125 0.0390625 0.0390625
0 0.265625 0.125 0.0390625 0.0390625
0 0.375 0.12890625 0.0390625 0.0390625
0 0.20703125 0.140625 0.0390625 0.0390625
0 0.3203125 0.15234375 0.0390625 0.0390625
0 0.2421875 0.15625 0.0390625 0.0390625
0 0.3671875 0.15625 0.0390625 0.0390625
0 0.27734375 0.16015625 0.0390625 0.0390625
0 0.27734375 0.1640625 0.0390625 0.0390625
0 0.32421875 0.171875 0.0390625 0.0390625
0 0.32421875 0.17578125 0.0390625 0.0390625
0 0.37109375 0.1796875 0.0390625 0.0390625
0 0.375 0.1796875 0.0390625 0.0390625
0 0.32421875 0.19140625 0.0390625 0.0390625
0 0.234375 0.19921875 0.0390625 0.0390625
0 0.30078125 0.234375 0.0390625 0.0390625
0 0.29296875 0.3515625 0.0390625 0.0390625
0 0.296875 0.3515625 0.0390625 0.0390625
0 0.29296875 0.35546875 0.0390625 0.0390625
0 0.296875 0.35546875 0.0390625 0.0390625
0 0.35546875 0.35546875 0.0390625 0.0390625
0 0.359375 0.35546875 0.0390625 0.0390625
0 0.28515625 0.3671875 0.0390625 0.0390625
0 0.2890625 0.3671875 0.0390625 0.0390625
0 0.28515625 0.37109375 0.0390625 0.0390625
0 0.2890625 0.37109375 0.0390625 0.0390625
0 0.2734375 0.390625 0.0390625 0.0390625
0 0.27734375 0.390625 0.0390625 0.0390625
0 0.2734375 0.39453125 0.0390625 0.0390625
0 0.27734375 0.39453125 0.0390625 0.0390625
0 0.0859375 0.49609375 0.0390625 0.0390625
0 0.3359375 0.5078125 0.0390625 0.0390625
0 0.33984375 0.5078125 0.0390625 0.0390625
0 0.23046875 0.52734375 0.0390625 0.0390625
0 0.23046875 0.53125 0.0390625 0.0390625
0 0.12890625 0.54296875 0.0390625 0.0390625
0 0.1328125 0.54296875 0.0390625 0.0390625
0 0.15234375 0.546875 0.0390625 0.0390625
0 0.15625 0.546875 0.0390625 0.0390625
0 0.25390625 0.57421875 0.0390625 0.0390625
0 0.2578125 0.57421875 0.0390625 0.0390625
0 0.1171875 0.6171875 0.0390625 0.0390625
0 0.1171875 0.62109375 0.0390625 0.0390625
0 0.14453125 0.62109375 0.0390625 0.0390625
0 0.1484375 0.62109375 0.0390625 0.0390625
0 0.44140625 0.6328125 0.0390625 0.0390625
0 0.4453125 0.6328125 0.0390625 0.0390625
0 0.20703125 0.63671875 0.0390625 0.0390625
0 0.22265625 0.63671875 0.0390625 0.0390625
0 0.2265625 0.63671875 0.0390625 0.0390625
0 0.20703125 0.640625 0.0390625 0.0390625
0 0.25 0.640625 0.0390625 0.0390625
0 0.25 0.64453125 0.0390625 0.0390625
0 0.27734375 0.6484375 0.0390625 0.0390625
0 0.28125 0.6484375 0.0390625 0.0390625
0 0.4140625 0.66796875 0.0390625 0.0390625
0 0.4140625 0.671875 0.0390625 0.0390625
0 0.2734375 0.6796875 0.0390625 0.0390625
0 0.2734375 0.68359375 0.0390625 0.0390625
0 0.14453125 0.703125 0.0390625 0.0390625
0 0.14453125 0.70703125 0.0390625 0.0390625
0 0.18359375 0.72265625 0.0390625 0.0390625
0 0.4296875 0.72265625 0.0390625 0.0390625
0 0.43359375 0.72265625 0.0390625 0.0390625
0 0.0859375 0.74609375 0.0390625 0.0390625
0 0.08984375 0.74609375 0.0390625 0.0390625
0 0.28125 0.79296875 0.0390625 0.0390625
0 0.28515625 0.79296875 0.0390625 0.0390625
0 0.0703125 0.80078125 0.0390625 0.0390625
0 0.15625 0.81640625 0.0390625 0.0390625
0 0.078125 0.828125 0.0390625 0.0390625
0 0.05859375 0.83203125 0.0390625 0.0390625
0 0.078125 0.83203125 0.0390625 0.0390625
0 0.09375 0.83203125 0.0390625 0.0390625
0 0.09765625 0.83203125 0.0390625 0.0390625
0 0.11328125 0.83203125 0.0390625 0.0390625
0 0.05859375 0.8359375 0.0390625 0.0390625
0 0.1953125 0.83984375 0.0390625 0.0390625
0 0.23046875 0.83984375 0.0390625 0.0390625
0 0.14453125 0.84375 0.0390625 0.0390625
0 0.1484375 0.84375 0.0390625 0.0390625
0 0.1953125 0.84375 0.0390625 0.0390625
0 0.26953125 0.85546875 0.0390625 0.0390625
0 0.234375 0.859375 0.0390625 0.0390625
0 0.15234375 0.86328125 0.0390625 0.0390625
0 0.3125 0.8671875 0.0390625 0.0390625
0 0.09765625 0.87109375 0.0390625 0.0390625
0 0.1015625 0.87109375 0.0390625 0.0390625
0 0.1171875 0.87109375 0.0390625 0.0390625
0 0.234375 0.87109375 0.0390625 0.0390625
0 0.27734375 0.87109375 0.0390625 0.0390625
0 0.3125 0.87109375 0.0390625 0.0390625
0 0.05859375 0.875 0.0390625 0.0390625
0 0.07421875 0.875 0.0390625 0.0390625
0 0.078125 0.875 0.0390625 0.0390625
0 0.09765625 0.875 0.0390625 0.0390625
0 0.1015625 0.875 0.0390625 0.0390625
0 0.1171875 0.875 0.0390625 0.0390625
0 0.234375 0.875 0.0390625 0.0390625
0 0.27734375 0.875 0.0390625 0.0390625
0 0.15234375 0.87890625 0.0390625 0.0390625
0 0.1953125 0.87890625 0.0390625 0.0390625
0 0.15234375 0.8828125 0.0390625 0.0390625
0 0.3515625 0.8828125 0.0390625 0.0390625
0 0.27734375 0.890625 0.0390625 0.0390625
0 0.32421875 0.890625 0.0390625 0.0390625
0 0.23828125 0.89453125 0.0390625 0.0390625
0 0.15234375 0.8984375 0.0390625 0.0390625
0 0.1953125 0.8984375 0.0390625 0.0390625
0 0.15234375 0.90234375 0.0390625 0.0390625
0 0.31640625 0.90625 0.0390625 0.0390625
0 0.3203125 0.90625 0.0390625 0.0390625
0 0.09765625 0.91015625 0.0390625 0.0390625
0 0.1015625 0.91015625 0.0390625 0.0390625
0 0.1171875 0.91015625 0.0390625 0.0390625
0 0.12109375 0.91015625 0.0390625 0.0390625
0 0.2421875 0.91015625 0.0390625 0.0390625
0 0.28125 0.91015625 0.0390625 0.0390625
0 0.078125 0.9140625 0.0390625 0.0390625
0 0.09765625 0.9140625 0.0390625 0.0390625
0 0.1015625 0.9140625 0.0390625 0.0390625
0 0.1171875 0.9140625 0.0390625 0.0390625
0 0.12109375 0.9140625 0.0390625 0.0390625
0 0.1953125 0.9140625 0.0390625 0.0390625
0 0.05859375 0.91796875 0.0390625 0.0390625
0 0.15234375 0.91796875 0.0390625 0.0390625
0 0.3203125 0.921875 0.0390625 0.0390625
0 0.32421875 0.921875 0.0390625 0.0390625
0 0.3203125 0.92578125 0.0390625 0.0390625
0 0.32421875 0.92578125 0.0390625 0.0390625
0 0.23828125 0.9296875 0.0390625 0.0390625
0 0.2421875 0.9296875 0.0390625 0.0390625
0 0.27734375 0.9296875 0.0390625 0.0390625
0 0.28125 0.9296875 0.0390625 0.0390625
0 0.15234375 0.9375 0.0390625 0.0390625
0 0.15625 0.9375 0.0390625 0.0390625
0 0.1953125 0.9375 0.0390625 0.0390625
0 0.19921875 0.9375 0.0390625 0.0390625
0 0.15234375 0.94140625 0.0390625 0.0390625
0 0.15625 0.94140625 0.0390625 0.0390625
0 0.32421875 0.94140625 0.0390625 0.0390625
0 0.51171875 0.94140625 0.0390625 0.0390625
0 0.27734375 0.9453125 0.0390625 0.0390625
0 0.12109375 0.94921875 0.0390625 0.0390625
0 0.23828125 0.94921875 0.0390625 0.0390625
0 0.4921875 0.94921875 0.0390625 0.0390625
0 0.08203125 0.953125 0.0390625 0.0390625
0 0.09765625 0.953125 0.0390625 0.0390625
0 0.1015625 0.953125 0.0390625 0.0390625
0 0.19921875 0.953125 0.0390625 0.0390625
0 0.15234375 0.95703125 0.0390625 0.0390625
0 0.15625 0.95703125 0.0390625 0.0390625
0 0.46875 0.95703125 0.0390625 0.0390625
0 0.0 0.96484375 0.0390625 0.0390625
0 0.49609375 0.98828125 0.0390625 0.0390625
0 0.5 0.98828125 0.0390625 0.0390625
0 0.0390625 0.9921875 0.0390625 0.0390625
