0 0.03515625 0.01171875 0.0390625 0.0390625
0 0.28515625 0.015625 0.0390625 0.0390625
0 0.5234375 0.01953125 0.0390625 0.0390625
0 0.0078125 0.0234375 0.0390625 0.0390625
0 0.13671875 0.0234375 0.0390625 0.0390625
0 0.50390625 0.0234375 0.0390625 0.0390625
0 0.5078125 0.0234375 0.0390625 0.0390625
0 0.08203125 0.02734375 0.0390625 0.0390625
0 0.0859375 0.02734375 0.0390625 0.0390625
0 0.48828125 0.02734375 0.0390625 0.0390625
0 0.50390625 0.02734375 0.0390625 0.0390625
0 0.5078125 0.02734375 0.0390625 0.0390625
0 0.2890625 0.03125 0.0390625 0.0390625
0 0.29296875 0.03125 0.0390625 0.0390625
0 0.17578125 0.03515625 0.0390625 0.0390625
0 0.1796875 0.03515625 0.0390625 0.0390625
0 0.1328125 0.04296875 0.0390625 0.0390625
0 0.13671875 0.04296875 0.0390625 0.0390625
0 0.08203125 0.046875 0.0390625 0.0390625
0 0.3359375 0.046875 0.0390625 0.0390625
0 0.375 0.046875 0.0390625 0.0390625
0 0.08203125 0.05078125 0.0390625 0.0390625
0 0.1640625 0.0625 0.0390625 0.0390625
0 0.51171875 0.0625 0.0390625 0.0390625
0 0.52734375 0.0625 0.0390625 0.0390625
0 0.53125 0.0625 0.0390625 0.0390625
0 0.1640625 0.06640625 0.0390625 0.0390625
0 0.21875 0.06640625 0.0390625 0.0390625
0 0.49609375 0.06640625 0.0390625 0.0390625
0 0.51171875 0.06640625 0.0390625 0.0390625
0 0.49609375 0.0703125 0.0390625 0.0390625
0 0.0703125 0.08203125 0.0390625 0.0390625
0 0.07421875 0.08203125 0.0390625 0.0390625
0 0.5390625 0.09765625 0.0390625 0.0390625
0 0.50390625 0.10546875 0.0390625 0.0390625
0 0.5234375 0.10546875 0.0390625 0.0390625
0 0.54296875 0.13671875 0.0390625 0.0390625
0 0.5234375 0.1484375 0.0390625 0.0390625
0 0.55078125 0.17578125 0.0390625 0.0390625
0 0.55078125 0.1796875 0.0390625 0.0390625
0 0.5546875 0.2109375 0.0390625 0.0390625
0 0.55859375 0.2109375 0.0390625 0.0390625
0 0.5546875 0.21484375 0.0390625 0.0390625
0 0.55859375 0.21484375 0.0390625 0.0390625
0 0.5234375 0.21875 0.0390625 0.0390625
0 0.52734375 0.21875 0.0390625 0.0390625
0 0.54296875 0.21875 0.0390625 0.0390625
0 0.4453125 0.22265625 0.0390625 0.0390625
0 0.46484375 0.22265625 0.0390625 0.0390625
0 0.42578125 0.2265625 0.0390625 0.0390625
0 0.4453125 0.2265625 0.0390625 0.0390625
0 0.546875 0.25390625 0.0390625 0.0390625
0 0.5625 0.25390625 0.0390625 0.0390625
0 0.546875 0.2578125 0.0390625 0.0390625
0 0.5234375 0.26171875 0.0390625 0.0390625
0 0.44921875 0.265625 0.0390625 0.0390625
0 0.453125 0.265625 0.0390625 0.0390625
0 0.43359375 0.26953125 0.0390625 0.0390625
0 0.43359375 0.2734375 0.0390625 0.0390625
0 0.546875 0.28515625 0.0390625 0.0390625
0 0.55078125 0.28515625 0.0390625 0.0390625
0 0.546875 0.2890625 0.0390625 0.0390625
0 0.55078125 0.2890625 0.0390625 0.0390625
0 0.5703125 0.29296875 0.0390625 0.0390625
0 0.47265625 0.30078125 0.0390625 0.0390625
0 0.4765625 0.30078125 0.0390625 0.0390625
0 0.45703125 0.30859375 0.0390625 0.0390625
0 0.4375 0.3125 0.0390625 0.0390625
0 0.44140625 0.3125 0.0390625 0.0390625
0 0.58203125 0.32421875 0.0390625 0.0390625
0 0.56640625 0.33203125 0.0390625 0.0390625
0 0.46875 0.33984375 0.0390625 0.0390625
0 0.47265625 0.33984375 0.0390625 0.0390625
0 0.46875 0.34375 0.0390625 0.0390625
0 0.47265625 0.34375 0.0390625 0.0390625
0 0.48828125 0.34375 0.0390625 0.0390625
0 0.453125 0.34765625 0.0390625 0.0390625
0 0.453125 0.3515625 0.0390625 0.0390625
0 0.578125 0.3671875 0.0390625 0.0390625
0 0.5625 0.37109375 0.0390625 0.0390625
0 0.578125 0.37109375 0.0390625 0.0390625
0 0.5625 0.375 0.0390625 0.0390625
0 0.4921875 0.3828125 0.0390625 0.0390625
0 0.4765625 0.38671875 0.0390625 0.0390625
0 0.45703125 0.390625 0.0390625 0.0390625
0 0.4609375 0.390625 0.0390625 0.0390625
0 0.4765625 0.390625 0.0390625 0.0390625
0 0.45703125 0.39453125 0.0390625 0.0390625
0 0.4609375 0.39453125 0.0390625 0.0390625
0 0.4921875 0.4375 0.0390625 0.0390625
0 0.4921875 0.484375 0.0390625 0.0390625
0 0.58203125 0.5 0.0390625 0.0390625
0 0.5859375 0.5 0.0390625 0.0390625
0 0.58203125 0.50390625 0.0390625 0.0390625
0 0.5859375 0.50390625 0.0390625 0.0390625
0 0.5 0.515625 0.0390625 0.0390625
0 0.5 0.51953125 0.0390625 0.0390625
0 0.51171875 0.55078125 0.0390625 0.0390625
