0 0.19921875 0.0 0.0390625 0.0390625
0 0.4140625 0.0 0.0390625 0.0390625
0 0.41796875 0.0 0.0390625 0.0390625
0 0.671875 0.0 0.0390625 0.0390625
0 0.94921875 0.0 0.0390625 0.0390625
0 0.23828125 0.00390625 0.0390625 0.0390625
0 0.2421875 0.00390625 0.0390625 0.0390625
0 0.4140625 0.00390625 0.0390625 0.0390625
0 0.41796875 0.00390625 0.0390625 0.0390625
0 0.671875 0.00390625 0.0390625 0.0390625
0 0.74609375 0.00390625 0.0390625 0.0390625
0 0.75 0.00390625 0.0390625 0.0390625
0 0.83984375 0.00390625 0.0390625 0.0390625
0 0.84375 0.00390625 0.0390625 0.0390625
0 0.23828125 0.0078125 0.0390625 0.0390625
0 0.2421875 0.0078125 0.0390625 0.0390625
0 0.9296875 0.0078125 0.0390625 0.0390625
0 0.37890625 0.01171875 0.0390625 0.0390625
0 0.3828125 0.01171875 0.0390625 0.0390625
0 0.734375 0.015625 0.0390625 0.0390625
0 0.82421875 0.015625 0.0390625 0.0390625
0 0.91015625 0.015625 0.0390625 0.0390625
0 0.19140625 0.01953125 0.0390625 0.0390625
0 0.6171875 0.01953125 0.0390625 0.0390625
0 0.23046875 0.0234375 0.0390625 0.0390625
0 0.234375 0.0234375 0.0390625 0.0390625
0 0.23046875 0.02734375 0.0390625 0.0390625
0 0.234375 0.02734375 0.0390625 0.0390625
0 0.37109375 0.02734375 0.0390625 0.0390625
0 0.375 0.02734375 0.0390625 0.0390625
0 0.59765625 0.02734375 0.0390625 0.0390625
0 0.6015625 0.02734375 0.0390625 0.0390625
0 0.71875 0.02734375 0.0390625 0.0390625
0 0.8046875 0.02734375 0.0390625 0.0390625
0 0.890625 0.02734375 0.0390625 0.0390625
0 0.87109375 0.03125 0.0390625 0.0390625
0 0.875 0.03125 0.0390625 0.0390625
0 0.69921875 0.03515625 0.0390625 0.0390625
0 0.87109375 0.03515625 0.0390625 0.0390625
0 0.875 0.03515625 0.0390625 0.0390625
0 0.4140625 0.0390625 0.0390625 0.0390625
0 0.58984375 0.0390625 0.0390625 0.0390625
0 0.66015625 0.0390625 0.0390625 0.0390625
0 0.6640625 0.0390625 0.0390625 0.0390625
0 0.78515625 0.0390625 0.0390625 0.0390625
0 0.37109375 0.04296875 0.0390625 0.0390625
0 0.66015625 0.04296875 0.0390625 0.0390625
0 0.6640625 0.04296875 0.0390625 0.0390625
0 0.859375 0.04296875 0.0390625 0.0390625
0 0.86328125 0.04296875 0.0390625 0.0390625
0 0.859375 0.046875 0.0390625 0.0390625
0 0.86328125 0.046875 0.0390625 0.0390625
0 0.7734375 0.05078125 0.0390625 0.0390625
0 0.95703125 0.05078125 0.0390625 0.0390625
0 0.6484375 0.0546875 0.0390625 0.0390625
0 0.7734375 0.0546875 0.0390625 0.0390625
0 0.84375 0.0546875 0.0390625 0.0390625
0 0.9375 0.0546875 0.0390625 0.0390625
0 0.95703125 0.0546875 0.0390625 0.0390625
0 0.453125 0.0625 0.0390625 0.0390625
0 0.453125 0.06640625 0.0390625 0.0390625
0 0.82421875 0.06640625 0.0390625 0.0390625
0 0.9921875 0.2265625 0.0390625 0.0390625
0 0.99609375 0.2265625 0.0390625 0.0390625
0 0.98046875 0.23828125 0.0390625 0.0390625
0 0.96484375 0.25 0.0390625 0.0390625
0 0.9453125 0.26171875 0.0390625 0.0390625
0 0.94921875 0.26171875 0.0390625 0.0390625
0 0.9296875 0.26953125 0.0390625 0.0390625
0 0.93359375 0.26953125 0.0390625 0.0390625
0 0.9921875 0.28515625 0.0390625 0.0390625
0 0.97265625 0.296875 0.0390625 0.0390625
0 0.95703125 0.30859375 0.0390625 0.0390625
0 0.95703125 0.3125 0.0390625 0.0390625
0 0.9921875 0.3515625 0.0390625 0.0390625
0 0.64453125 0.51953125 0.0390625 0.0390625
0 0.6484375 0.51953125 0.0390625 0.0390625
0 0.59375 0.5390625 0.0390625 0.0390625
0 0.56640625 0.54296875 0.0390625 0.0390625
0 0.56640625 0.546875 0.0390625 0.0390625
0 0.51953125 0.56640625 0.0390625 0.0390625
0 0.65234375 0.5703125 0.0390625 0.0390625
0 0.65234375 0.57421875 0.0390625 0.0390625
0 0.62890625 0.58203125 0.0390625 0.0390625
0 0.6015625 0.5859375 0.0390625 0.0390625
0 0.62890625 0.5859375 0.0390625 0.0390625
0 0.16015625 0.76953125 0.0390625 0.0390625
0 0.18359375 0.76953125 0.0390625 0.0390625
0 0.13671875 0.7734375 0.0390625 0.0390625
0 0.140625 0.7734375 0.0390625 0.0390625
0 0.18359375 0.7734375 0.0390625 0.0390625
0 0.05859375 0.78515625 0.0390625 0.0390625
0 0.0625 0.78515625 0.0390625 0.0390625
0 0.171875 0.82421875 0.0390625 0.0390625
0 0.05859375 0.828125 0.0390625 0.0390625
0 0.203125 0.828125 0.0390625 0.0390625
0 0.0390625 0.83203125 0.0390625 0.0390625
0 0.04296875 0.83203125 0.0390625 0.0390625
0 0.08984375 0.83203125 0.0390625 0.0390625
0 0.09375 0.83203125 0.0390625 0.0390625
0 0.1171875 0.8359375 0.0390625 0.0390625
0 0.19140625 0.8359375 0.0390625 0.0390625
0 0.1171875 0.83984375 0.0390625 0.0390625
0 0.13671875 0.83984375 0.0390625 0.0390625
0 0.10546875 0.84375 0.0390625 0.0390625
0 0.13671875 0.84375 0.0390625 0.0390625
0 0.98046875 0.859375 0.0390625 0.0390625
0 0.94921875 0.8984375 0.0390625 0.0390625
0 0.953125 0.8984375 0.0390625 0.0390625
0 0.96875 0.8984375 0.0390625 0.0390625
0 0.984375 0.8984375 0.0390625 0.0390625
0 0.98828125 0.8984375 0.0390625 0.0390625
0 0.93359375 0.90234375 0.0390625 0.0390625
0 0.9375 0.90234375 0.0390625 0.0390625
0 0.94921875 0.90234375 0.0390625 0.0390625
0 0.953125 0.90234375 0.0390625 0.0390625
0 0.96875 0.90234375 0.0390625 0.0390625
0 0.93359375 0.90625 0.0390625 0.0390625
0 0.9375 0.90625 0.0390625 0.0390625
0 0.9921875 0.9375 0.0390625 0.0390625
0 0.9375 0.94140625 0.0390625 0.0390625
0 0.953125 0.94140625 0.0390625 0.0390625
0 0.95703125 0.94140625 0.0390625 0.0390625
0 0.97265625 0.94140625 0.0390625 0.0390625
0 0.9140625 0.9453125 0.0390625 0.0390625
0 0.91796875 0.9453125 0.0390625 0.0390625
0 0.9375 0.9453125 0.0390625 0.0390625
0 0.98828125 0.97265625 0.0390625 0.0390625
0 0.98828125 0.9765625 0.0390625 0.0390625
0 0.890625 0.98046875 0.0390625 0.0390625
0 0.90625 0.98046875 0.0390625 0.0390625
0 0.921875 0.98046875 0.0390625 0.0390625
0 0.93359375 0.98046875 0.0390625 0.0390625
0 0.953125 0.98046875 0.0390625 0.0390625
0 0.96875 0.98046875 0.0390625 0.0390625
0 0.90625 0.984375 0.0390625 0.0390625
