0 0.87890625 0.28515625 0.0390625 0.0390625
0 0.8828125 0.28515625 0.0390625 0.0390625
0 0.53125 0.375 0.0390625 0.0390625
0 0.53515625 0.375 0.0390625 0.0390625
0 0.4921875 0.37890625 0.0390625 0.0390625
0 0.58203125 0.42578125 0.0390625 0.0390625
0 0.5859375 0.42578125 0.0390625 0.0390625
0 0.58203125 0.4296875 0.0390625 0.0390625
0 0.5859375 0.4296875 0.0390625 0.0390625
0 0.68359375 0.4375 0.0390625 0.0390625
0 0.55859375 0.4453125 0.0390625 0.0390625
0 0.5625 0.4453125 0.0390625 0.0390625
0 0.6484375 0.4453125 0.0390625 0.0390625
0 0.66015625 0.58984375 0.0390625 0.0390625
0 0.66015625 0.59375 0.0390625 0.0390625
0 0.5546875 0.640625 0.0390625 0.0390625
0 0.5546875 0.64453125 0.0390625 0.0390625
0 0.66796875 0.64453125 0.0390625 0.0390625
0 0.671875 0.64453125 0.0390625 0.0390625
0 0.58984375 0.65234375 0.0390625 0.0390625
0 0.58984375 0.65625 0.0390625 0.0390625
0 0.68359375 0.6796875 0.0390625 0.0390625
