0 0.90625 0.015625 0.0390625 0.0390625
0 0.9375 0.015625 0.0390625 0.0390625
0 0.94140625 0.015625 0.0390625 0.0390625
0 0.95703125 0.015625 0.0390625 0.0390625
0 0.921875 0.01953125 0.0390625 0.0390625
0 0.9375 0.01953125 0.0390625 0.0390625
0 0.94140625 0.01953125 0.0390625 0.0390625
0 0.96875 0.046875 0.0390625 0.0390625
0 0.97265625 0.046875 0.0390625 0.0390625
0 0.98828125 0.046875 0.0390625 0.0390625
0 0.86328125 0.05078125 0.0390625 0.0390625
0 0.8671875 0.05078125 0.0390625 0.0390625
0 0.9375 0.05078125 0.0390625 0.0390625
0 0.94921875 0.05078125 0.0390625 0.0390625
0 0.953125 0.05078125 0.0390625 0.0390625
0 0.96875 0.05078125 0.0390625 0.0390625
0 0.97265625 0.05078125 0.0390625 0.0390625
0 0.86328125 0.0546875 0.0390625 0.0390625
0 0.8671875 0.0546875 0.0390625 0.0390625
0 0.88671875 0.0546875 0.0390625 0.0390625
0 0.90234375 0.0546875 0.0390625 0.0390625
0 0.91796875 0.0546875 0.0390625 0.0390625
0 0.921875 0.0546875 0.0390625 0.0390625
0 0.9375 0.0546875 0.0390625 0.0390625
0 0.96875 0.08203125 0.0390625 0.0390625
0 0.94921875 0.0859375 0.0390625 0.0390625
0 0.953125 0.0859375 0.0390625 0.0390625
0 0.96875 0.0859375 0.0390625 0.0390625
0 0.984375 0.0859375 0.0390625 0.0390625
0 0.98828125 0.0859375 0.0390625 0.0390625
0 0.86328125 0.08984375 0.0390625 0.0390625
0 0.875 0.08984375 0.0390625 0.0390625
0 0.87890625 0.08984375 0.0390625 0.0390625
0 0.921875 0.08984375 0.0390625 0.0390625
0 0.93359375 0.08984375 0.0390625 0.0390625
0 0.94921875 0.08984375 0.0390625 0.0390625
0 0.953125 0.08984375 0.0390625 0.0390625
0 0.984375 0.08984375 0.0390625 0.0390625
0 0.98828125 0.08984375 0.0390625 0.0390625
0 0.90234375 0.09375 0.0390625 0.0390625
0 0.921875 0.09375 0.0390625 0.0390625
0 0.859375 0.125 0.0390625 0.0390625
0 0.89453125 0.125 0.0390625 0.0390625
0 0.9453125 0.125 0.0390625 0.0390625
0 0.9609375 0.125 0.0390625 0.0390625
0 0.98046875 0.125 0.0390625 0.0390625
0 0.84765625 0.12890625 0.0390625 0.0390625
0 0.875 0.12890625 0.0390625 0.0390625
0 0.87890625 0.12890625 0.0390625 0.0390625
0 0.89453125 0.12890625 0.0390625 0.0390625
0 0.91015625 0.12890625 0.0390625 0.0390625
0 0.9140625 0.12890625 0.0390625 0.0390625
0 0.92578125 0.12890625 0.0390625 0.0390625
0 0.9296875 0.12890625 0.0390625 0.0390625
0 0.9453125 0.12890625 0.0390625 0.0390625
0 0.84765625 0.1328125 0.0390625 0.0390625
0 0.92578125 0.1640625 0.0390625 0.0390625
0 0.9296875 0.1640625 0.0390625 0.0390625
0 0.91015625 0.16796875 0.0390625 0.0390625
0 0.92578125 0.16796875 0.0390625 0.0390625
0 0.9296875 0.16796875 0.0390625 0.0390625
0 0.91015625 0.171875 0.0390625 0.0390625
0 0.84375 0.17578125 0.0390625 0.0390625
0 0.84765625 0.17578125 0.0390625 0.0390625
0 0.875 0.17578125 0.0390625 0.0390625
0 0.89453125 0.17578125 0.0390625 0.0390625
0 0.86328125 0.1796875 0.0390625 0.0390625
0 0.828125 0.18359375 0.0390625 0.0390625
0 0.95703125 0.203125 0.0390625 0.0390625
0 0.93359375 0.20703125 0.0390625 0.0390625
0 0.95703125 0.20703125 0.0390625 0.0390625
0 0.88671875 0.2109375 0.0390625 0.0390625
0 0.90625 0.2109375 0.0390625 0.0390625
0 0.921875 0.2109375 0.0390625 0.0390625
0 0.92578125 0.2109375 0.0390625 0.0390625
0 0.87109375 0.21484375 0.0390625 0.0390625
0 0.88671875 0.21484375 0.0390625 0.0390625
0 0.90625 0.21484375 0.0390625 0.0390625
0 0.83984375 0.21875 0.0390625 0.0390625
0 0.85546875 0.21875 0.0390625 0.0390625
0 0.82421875 0.22265625 0.0390625 0.0390625
0 0.99609375 0.234375 0.0390625 0.0390625
0 0.98046875 0.23828125 0.0390625 0.0390625
0 0.94140625 0.2421875 0.0390625 0.0390625
0 0.9453125 0.2421875 0.0390625 0.0390625
0 0.95703125 0.2421875 0.0390625 0.0390625
0 0.9609375 0.2421875 0.0390625 0.0390625
0 0.98046875 0.2421875 0.0390625 0.0390625
0 0.92578125 0.24609375 0.0390625 0.0390625
0 0.92578125 0.25 0.0390625 0.0390625
0 0.890625 0.25390625 0.0390625 0.0390625
0 0.89453125 0.25390625 0.0390625 0.0390625
0 0.91015625 0.25390625 0.0390625 0.0390625
0 0.875 0.2578125 0.0390625 0.0390625
0 0.890625 0.2578125 0.0390625 0.0390625
0 0.89453125 0.2578125 0.0390625 0.0390625
0 0.859375 0.26171875 0.0390625 0.0390625
0 0.86328125 0.26171875 0.0390625 0.0390625
0 0.84375 0.265625 0.0390625 0.0390625
0 0.828125 0.26953125 0.0390625 0.0390625
0 0.96875 0.27734375 0.0390625 0.0390625
0 0.97265625 0.27734375 0.0390625 0.0390625
0 0.984375 0.27734375 0.0390625 0.0390625
0 0.98828125 0.27734375 0.0390625 0.0390625
0 0.953125 0.28125 0.0390625 0.0390625
0 0.9375 0.28515625 0.0390625 0.0390625
0 0.94140625 0.28515625 0.0390625 0.0390625
0 0.953125 0.28515625 0.0390625 0.0390625
0 0.90625 0.29296875 0.0390625 0.0390625
0 0.921875 0.29296875 0.0390625 0.0390625
0 0.86328125 0.30078125 0.0390625 0.0390625
0 0.875 0.30078125 0.0390625 0.0390625
0 0.87890625 0.30078125 0.0390625 0.0390625
0 0.890625 0.30078125 0.0390625 0.0390625
0 0.89453125 0.30078125 0.0390625 0.0390625
0 0.828125 0.30859375 0.0390625 0.0390625
0 0.83203125 0.30859375 0.0390625 0.0390625
0 0.84765625 0.30859375 0.0390625 0.0390625
0 0.99609375 0.3125 0.0390625 0.0390625
0 0.98046875 0.31640625 0.0390625 0.0390625
0 0.96875 0.3203125 0.0390625 0.0390625
0 0.98046875 0.3203125 0.0390625 0.0390625
0 0.94921875 0.32421875 0.0390625 0.0390625
0 0.953125 0.32421875 0.0390625 0.0390625
0 0.93359375 0.328125 0.0390625 0.0390625
0 0.9375 0.328125 0.0390625 0.0390625
0 0.921875 0.33203125 0.0390625 0.0390625
0 0.90625 0.3359375 0.0390625 0.0390625
0 0.88671875 0.34375 0.0390625 0.0390625
0 0.890625 0.34375 0.0390625 0.0390625
0 0.875 0.34765625 0.0390625 0.0390625
0 0.88671875 0.34765625 0.0390625 0.0390625
0 0.890625 0.34765625 0.0390625 0.0390625
0 0.84375 0.3515625 0.0390625 0.0390625
0 0.859375 0.3515625 0.0390625 0.0390625
0 0.875 0.3515625 0.0390625 0.0390625
0 0.84375 0.35546875 0.0390625 0.0390625
0 0.98046875 0.359375 0.0390625 0.0390625
0 0.96484375 0.3671875 0.0390625 0.0390625
0 0.9453125 0.37109375 0.0390625 0.0390625
0 0.94921875 0.37109375 0.0390625 0.0390625
0 0.9296875 0.375 0.0390625 0.0390625
0 0.8984375 0.3828125 0.0390625 0.0390625
0 0.9140625 0.3828125 0.0390625 0.0390625
0 0.8828125 0.38671875 0.0390625 0.0390625
0 0.8828125 0.390625 0.0390625 0.0390625
0 0.8671875 0.39453125 0.0390625 0.0390625
0 0.87109375 0.39453125 0.0390625 0.0390625
0 0.8515625 0.3984375 0.0390625 0.0390625
0 0.98046875 0.40234375 0.0390625 0.0390625
0 0.98046875 0.40625 0.0390625 0.0390625
0 0.95703125 0.41015625 0.0390625 0.0390625
0 0.93359375 0.41796875 0.0390625 0.0390625
0 0.9375 0.41796875 0.0390625 0.0390625
0 0.91796875 0.421875 0.0390625 0.0390625
0 0.921875 0.421875 0.0390625 0.0390625
0 0.8984375 0.42578125 0.0390625 0.0390625
0 0.90234375 0.42578125 0.0390625 0.0390625
0 0.88671875 0.4296875 0.0390625 0.0390625
0 0.88671875 0.43359375 0.0390625 0.0390625
0 0.86328125 0.4375 0.0390625 0.0390625
0 0.98828125 0.4453125 0.0390625 0.0390625
0 0.94921875 0.453125 0.0390625 0.0390625
0 0.953125 0.453125 0.0390625 0.0390625
0 0.96875 0.453125 0.0390625 0.0390625
0 0.97265625 0.453125 0.0390625 0.0390625
0 0.94921875 0.45703125 0.0390625 0.0390625
0 0.953125 0.45703125 0.0390625 0.0390625
0 0.921875 0.46484375 0.0390625 0.0390625
0 0.9375 0.46484375 0.0390625 0.0390625
0 0.90234375 0.47265625 0.0390625 0.0390625
0 0.90234375 0.4765625 0.0390625 0.0390625
0 0.8828125 0.48046875 0.0390625 0.0390625
0 0.88671875 0.48046875 0.0390625 0.0390625
0 0.984375 0.484375 0.0390625 0.0390625
0 0.97265625 0.48828125 0.0390625 0.0390625
0 0.984375 0.48828125 0.0390625 0.0390625
0 0.97265625 0.4921875 0.0390625 0.0390625
0 0.9375 0.5 0.0390625 0.0390625
0 0.94140625 0.5 0.0390625 0.0390625
0 0.95703125 0.5 0.0390625 0.0390625
0 0.9375 0.50390625 0.0390625 0.0390625
0 0.94140625 0.50390625 0.0390625 0.0390625
0 0.921875 0.5078125 0.0390625 0.0390625
0 0.90625 0.51171875 0.0390625 0.0390625
0 0.890625 0.51953125 0.0390625 0.0390625
0 0.89453125 0.51953125 0.0390625 0.0390625
0 0.890625 0.5234375 0.0390625 0.0390625
0 0.89453125 0.5234375 0.0390625 0.0390625
0 0.953125 0.54296875 0.0390625 0.0390625
0 0.9296875 0.546875 0.0390625 0.0390625
0 0.93359375 0.546875 0.0390625 0.0390625
0 0.9140625 0.5546875 0.0390625 0.0390625
0 0.890625 0.55859375 0.0390625 0.0390625
0 0.89453125 0.55859375 0.0390625 0.0390625
0 0.890625 0.5625 0.0390625 0.0390625
0 0.89453125 0.5625 0.0390625 0.0390625
0 0.96875 0.578125 0.0390625 0.0390625
0 0.953125 0.58203125 0.0390625 0.0390625
0 0.95703125 0.58203125 0.0390625 0.0390625
0 0.953125 0.5859375 0.0390625 0.0390625
0 0.95703125 0.5859375 0.0390625 0.0390625
0 0.94140625 0.58984375 0.0390625 0.0390625
0 0.921875 0.59375 0.0390625 0.0390625
0 0.90625 0.59765625 0.0390625 0.0390625
0 0.91015625 0.59765625 0.0390625 0.0390625
0 0.99609375 0.6171875 0.0390625 0.0390625
0 0.9765625 0.625 0.0390625 0.0390625
0 0.98046875 0.625 0.0390625 0.0390625
0 0.9765625 0.62890625 0.0390625 0.0390625
0 0.98046875 0.62890625 0.0390625 0.0390625
