0 0.44921875 0.0234375 0.0390625 0.0390625
0 0.55859375 0.02734375 0.0390625 0.0390625
0 0.6015625 0.02734375 0.0390625 0.0390625
0 0.70703125 0.03125 0.0390625 0.0390625
0 0.7109375 0.03125 0.0390625 0.0390625
0 0.4453125 0.046875 0.0390625 0.0390625
0 0.44921875 0.046875 0.0390625 0.0390625
0 0.59765625 0.046875 0.0390625 0.0390625
0 0.55078125 0.05078125 0.0390625 0.0390625
0 0.59765625 0.05078125 0.0390625 0.0390625
0 0.7109375 0.05078125 0.0390625 0.0390625
0 0.44921875 0.0625 0.0390625 0.0390625
0 0.44921875 0.06640625 0.0390625 0.0390625
0 0.55078125 0.06640625 0.0390625 0.0390625
0 0.5546875 0.06640625 0.0390625 0.0390625
0 0.55078125 0.0703125 0.0390625 0.0390625
0 0.5546875 0.0703125 0.0390625 0.0390625
0 0.44921875 0.08984375 0.0390625 0.0390625
0 0.5546875 0.08984375 0.0390625 0.0390625
0 0.44140625 0.109375 0.0390625 0.0390625
0 0.5546875 0.109375 0.0390625 0.0390625
0 0.5546875 0.11328125 0.0390625 0.0390625
0 0.6015625 0.11328125 0.0390625 0.0390625
0 0.44140625 0.12890625 0.0390625 0.0390625
0 0.55078125 0.15234375 0.0390625 0.0390625
0 0.5546875 0.15234375 0.0390625 0.0390625
0 0.55078125 0.15625 0.0390625 0.0390625
0 0.5546875 0.15625 0.0390625 0.0390625
0 0.4453125 0.171875 0.0390625 0.0390625
0 0.4453125 0.17578125 0.0390625 0.0390625
0 0.70703125 0.18359375 0.0390625 0.0390625
0 0.4375 0.1953125 0.0390625 0.0390625
0 0.44140625 0.1953125 0.0390625 0.0390625
0 0.4375 0.19921875 0.0390625 0.0390625
0 0.44140625 0.19921875 0.0390625 0.0390625
0 0.4375 0.21875 0.0390625 0.0390625
0 0.58984375 0.22265625 0.0390625 0.0390625
0 0.59375 0.22265625 0.0390625 0.0390625
0 0.44140625 0.234375 0.0390625 0.0390625
0 0.703125 0.28515625 0.0390625 0.0390625
0 0.43359375 0.3203125 0.0390625 0.0390625
0 0.43359375 0.32421875 0.0390625 0.0390625
0 0.6953125 0.328125 0.0390625 0.0390625
0 0.6953125 0.33203125 0.0390625 0.0390625
0 0.54296875 0.41015625 0.0390625 0.0390625
0 0.5390625 0.45703125 0.0390625 0.0390625
0 0.54296875 0.45703125 0.0390625 0.0390625
0 0.73828125 0.4765625 0.0390625 0.0390625
0 0.77734375 0.4765625 0.0390625 0.0390625
0 0.78125 0.4765625 0.0390625 0.0390625
0 0.9296875 0.4765625 0.0390625 0.0390625
0 0.1953125 0.5234375 0.0390625 0.0390625
0 0.19921875 0.5234375 0.0390625 0.0390625
0 0.4296875 0.53515625 0.0390625 0.0390625
0 0.43359375 0.53515625 0.0390625 0.0390625
0 0.5234375 0.578125 0.0390625 0.0390625
0 0.62890625 0.58203125 0.0390625 0.0390625
0 0.65234375 0.58203125 0.0390625 0.0390625
0 0.65234375 0.5859375 0.0390625 0.0390625
0 0.88671875 0.5859375 0.0390625 0.0390625
0 0.90625 0.58984375 0.0390625 0.0390625
0 0.97265625 0.58984375 0.0390625 0.0390625
0 0.625 0.7265625 0.0390625 0.0390625
0 0.64453125 0.73046875 0.0390625 0.0390625
0 0.59765625 0.734375 0.0390625 0.0390625
0 0.66796875 0.734375 0.0390625 0.0390625
0 0.6875 0.734375 0.0390625 0.0390625
0 0.7734375 0.734375 0.0390625 0.0390625
0 0.77734375 0.734375 0.0390625 0.0390625
0 0.8359375 0.734375 0.0390625 0.0390625
0 0.83984375 0.734375 0.0390625 0.0390625
0 0.7734375 0.73828125 0.0390625 0.0390625
0 0.77734375 0.73828125 0.0390625 0.0390625
0 0.79296875 0.73828125 0.0390625 0.0390625
0 0.796875 0.73828125 0.0390625 0.0390625
0 0.8359375 0.73828125 0.0390625 0.0390625
0 0.83984375 0.73828125 0.0390625 0.0390625
0 0.859375 0.73828125 0.0390625 0.0390625
0 0.86328125 0.73828125 0.0390625 0.0390625
0 0.859375 0.7421875 0.0390625 0.0390625
0 0.86328125 0.7421875 0.0390625 0.0390625
0 0.90234375 0.7421875 0.0390625 0.0390625
0 0.96484375 0.7421875 0.0390625 0.0390625
0 0.98828125 0.7421875 0.0390625 0.0390625
0 0.0625 0.765625 0.0390625 0.0390625
0 0.06640625 0.765625 0.0390625 0.0390625
0 0.07421875 0.875 0.0390625 0.0390625
0 0.30859375 0.8828125 0.0390625 0.0390625
0 0.3125 0.8828125 0.0390625 0.0390625
0 0.30859375 0.88671875 0.0390625 0.0390625
0 0.3125 0.88671875 0.0390625 0.0390625
0 0.0625 0.91796875 0.0390625 0.0390625
0 0.06640625 0.91796875 0.0390625 0.0390625
0 0.0625 0.95703125 0.0390625 0.0390625
0 0.0625 0.9765625 0.0390625 0.0390625
0 0.06640625 0.9765625 0.0390625 0.0390625
0 0.0625 0.98046875 0.0390625 0.0390625
0 0.06640625 0.98046875 0.0390625 0.0390625
