0 0.71875 0.1328125 0.0390625 0.0390625
0 0.71875 0.13671875 0.0390625 0.0390625
0 0.7578125 0.140625 0.0390625 0.0390625
0 0.78125 0.140625 0.0390625 0.0390625
0 0.86328125 0.140625 0.0390625 0.0390625
0 0.625 0.14453125 0.0390625 0.0390625
0 0.62890625 0.14453125 0.0390625 0.0390625
0 0.78125 0.14453125 0.0390625 0.0390625
0 0.86328125 0.14453125 0.0390625 0.0390625
0 0.55859375 0.1484375 0.0390625 0.0390625
0 0.52734375 0.15234375 0.0390625 0.0390625
0 0.52734375 0.15625 0.0390625 0.0390625
0 0.90234375 0.21484375 0.0390625 0.0390625
0 0.90234375 0.21875 0.0390625 0.0390625
0 0.90234375 0.23828125 0.0390625 0.0390625
0 0.90234375 0.2421875 0.0390625 0.0390625
0 0.7890625 0.25390625 0.0390625 0.0390625
0 0.703125 0.2578125 0.0390625 0.0390625
0 0.70703125 0.2578125 0.0390625 0.0390625
0 0.578125 0.26171875 0.0390625 0.0390625
0 0.62109375 0.26171875 0.0390625 0.0390625
0 0.66015625 0.26171875 0.0390625 0.0390625
0 0.68359375 0.26171875 0.0390625 0.0390625
0 0.703125 0.26171875 0.0390625 0.0390625
0 0.70703125 0.26171875 0.0390625 0.0390625
0 0.74609375 0.26171875 0.0390625 0.0390625
0 0.90625 0.26171875 0.0390625 0.0390625
0 0.546875 0.265625 0.0390625 0.0390625
0 0.66015625 0.265625 0.0390625 0.0390625
0 0.90625 0.265625 0.0390625 0.0390625
0 0.546875 0.26953125 0.0390625 0.0390625
0 0.7265625 0.30078125 0.0390625 0.0390625
0 0.76953125 0.30078125 0.0390625 0.0390625
0 0.7734375 0.30078125 0.0390625 0.0390625
0 0.90234375 0.30859375 0.0390625 0.0390625
0 0.90625 0.34765625 0.0390625 0.0390625
0 0.90234375 0.39453125 0.0390625 0.0390625
0 0.7578125 0.4140625 0.0390625 0.0390625
0 0.71484375 0.421875 0.0390625 0.0390625
0 0.91015625 0.4375 0.0390625 0.0390625
0 0.78515625 0.453125 0.0390625 0.0390625
0 0.7109375 0.4609375 0.0390625 0.0390625
0 0.71484375 0.4609375 0.0390625 0.0390625
0 0.7578125 0.4609375 0.0390625 0.0390625
0 0.73828125 0.46484375 0.0390625 0.0390625
0 0.671875 0.46875 0.0390625 0.0390625
0 0.67578125 0.46875 0.0390625 0.0390625
0 0.9140625 0.4765625 0.0390625 0.0390625
0 0.9140625 0.48046875 0.0390625 0.0390625
0 0.91015625 0.49609375 0.0390625 0.0390625
0 0.875 0.546875 0.0390625 0.0390625
0 0.875 0.55078125 0.0390625 0.0390625
0 0.7265625 0.6015625 0.0390625 0.0390625
0 0.7265625 0.60546875 0.0390625 0.0390625
0 0.640625 0.61328125 0.0390625 0.0390625
0 0.59765625 0.7109375 0.0390625 0.0390625
0 0.44140625 0.71484375 0.0390625 0.0390625
0 0.4453125 0.71484375 0.0390625 0.0390625
0 0.59765625 0.71484375 0.0390625 0.0390625
0 0.64453125 0.71875 0.0390625 0.0390625
0 0.6875 0.71875 0.0390625 0.0390625
0 0.69140625 0.71875 0.0390625 0.0390625
0 0.7109375 0.71875 0.0390625 0.0390625
0 0.71484375 0.71875 0.0390625 0.0390625
0 0.62109375 0.72265625 0.0390625 0.0390625
0 0.625 0.72265625 0.0390625 0.0390625
0 0.64453125 0.72265625 0.0390625 0.0390625
0 0.5625 0.7265625 0.0390625 0.0390625
0 0.671875 0.7578125 0.0390625 0.0390625
0 0.671875 0.76171875 0.0390625 0.0390625
0 0.69140625 0.76171875 0.0390625 0.0390625
0 0.453125 0.7734375 0.0390625 0.0390625
0 0.45703125 0.7734375 0.0390625 0.0390625
0 0.4453125 0.82421875 0.0390625 0.0390625
0 0.44921875 0.82421875 0.0390625 0.0390625
0 0.73828125 0.8671875 0.0390625 0.0390625
0 0.6328125 0.875 0.0390625 0.0390625
0 0.609375 0.87890625 0.0390625 0.0390625
0 0.61328125 0.87890625 0.0390625 0.0390625
