0 0.9609375 0.0078125 0.0390625 0.0390625
0 0.95703125 0.02734375 0.0390625 0.0390625
0 0.95703125 0.05078125 0.0390625 0.0390625
0 0.95703125 0.0546875 0.0390625 0.0390625
0 0.95703125 0.07421875 0.0390625 0.0390625
0 0.9609375 0.07421875 0.0390625 0.0390625
0 0.9609375 0.38671875 0.0390625 0.0390625
0 0.95703125 0.41015625 0.0390625 0.0390625
0 0.95703125 0.4296875 0.0390625 0.0390625
0 0.9609375 0.4296875 0.0390625 0.0390625
0 0.95703125 0.43359375 0.0390625 0.0390625
0 0.9609375 0.43359375 0.0390625 0.0390625
0 0.9609375 0.44921875 0.0390625 0.0390625
0 0.96484375 0.44921875 0.0390625 0.0390625
0 0.95703125 0.49609375 0.0390625 0.0390625
0 0.9609375 0.49609375 0.0390625 0.0390625
0 0.95703125 0.515625 0.0390625 0.0390625
0 0.96484375 0.53515625 0.0390625 0.0390625
0 0.96484375 0.58203125 0.0390625 0.0390625
0 0.95703125 0.62109375 0.0390625 0.0390625
0 0.95703125 0.625 0.0390625 0.0390625
0 0.9609375 0.6640625 0.0390625 0.0390625
0 0.96484375 0.6640625 0.0390625 0.0390625
0 0.9609375 0.66796875 0.0390625 0.0390625
0 0.96484375 0.66796875 0.0390625 0.0390625
0 0.9609375 0.6875 0.0390625 0.0390625
0 0.9609375 0.7265625 0.0390625 0.0390625
0 0.9609375 0.76953125 0.0390625 0.0390625
0 0.9609375 0.7734375 0.0390625 0.0390625
0 0.9609375 0.79296875 0.0390625 0.0390625
