0 0.671875 0.0078125 0.0390625 0.0390625
0 0.67578125 0.0078125 0.0390625 0.0390625
0 0.671875 0.01171875 0.0390625 0.0390625
0 0.67578125 0.01171875 0.0390625 0.0390625
0 0.515625 0.09765625 0.0390625 0.0390625
0 0.51953125 0.09765625 0.0390625 0.0390625
0 0.515625 0.1171875 0.0390625 0.0390625
0 0.51953125 0.1171875 0.0390625 0.0390625
0 0.515625 0.12109375 0.0390625 0.0390625
0 0.51953125 0.12109375 0.0390625 0.0390625
0 0.40234375 0.125 0.0390625 0.0390625
0 0.40234375 0.12890625 0.0390625 0.0390625
0 0.515625 0.140625 0.0390625 0.0390625
0 0.40234375 0.14453125 0.0390625 0.0390625
0 0.40625 0.14453125 0.0390625 0.0390625
0 0.515625 0.14453125 0.0390625 0.0390625
0 0.40234375 0.1484375 0.0390625 0.0390625
0 0.40625 0.1484375 0.0390625 0.0390625
0 0.25390625 0.15625 0.0390625 0.0390625
0 0.25390625 0.16015625 0.0390625 0.0390625
0 0.51953125 0.1640625 0.0390625 0.0390625
0 0.40625 0.16796875 0.0390625 0.0390625
0 0.41015625 0.16796875 0.0390625 0.0390625
0 0.40625 0.171875 0.0390625 0.0390625
0 0.41015625 0.171875 0.0390625 0.0390625
0 0.5234375 0.18359375 0.0390625 0.0390625
0 0.5234375 0.1875 0.0390625 0.0390625
0 0.51953125 0.203125 0.0390625 0.0390625
0 0.5234375 0.203125 0.0390625 0.0390625
0 0.51953125 0.20703125 0.0390625 0.0390625
0 0.5234375 0.20703125 0.0390625 0.0390625
0 0.40234375 0.2109375 0.0390625 0.0390625
0 0.40625 0.2109375 0.0390625 0.0390625
0 0.41015625 0.25390625 0.0390625 0.0390625
0 0.4140625 0.25390625 0.0390625 0.0390625
0 0.5234375 0.2734375 0.0390625 0.0390625
0 0.40625 0.27734375 0.0390625 0.0390625
0 0.41015625 0.27734375 0.0390625 0.0390625
0 0.25390625 0.28515625 0.0390625 0.0390625
0 0.25390625 0.30859375 0.0390625 0.0390625
0 0.2578125 0.30859375 0.0390625 0.0390625
0 0.4140625 0.34375 0.0390625 0.0390625
0 0.52734375 0.35546875 0.0390625 0.0390625
0 0.4140625 0.359375 0.0390625 0.0390625
0 0.4140625 0.36328125 0.0390625 0.0390625
0 0.26171875 0.37109375 0.0390625 0.0390625
0 0.265625 0.4140625 0.0390625 0.0390625
0 0.26953125 0.4375 0.0390625 0.0390625
0 0.40234375 0.4453125 0.0390625 0.0390625
0 0.40625 0.4453125 0.0390625 0.0390625
0 0.265625 0.45703125 0.0390625 0.0390625
0 0.26171875 0.48046875 0.0390625 0.0390625
0 0.265625 0.48046875 0.0390625 0.0390625
0 0.58203125 0.484375 0.0390625 0.0390625
0 0.58203125 0.48828125 0.0390625 0.0390625
0 0.265625 0.49609375 0.0390625 0.0390625
0 0.26953125 0.51953125 0.0390625 0.0390625
0 0.48046875 0.546875 0.0390625 0.0390625
0 0.48046875 0.55078125 0.0390625 0.0390625
0 0.875 0.5546875 0.0390625 0.0390625
0 0.8984375 0.5546875 0.0390625 0.0390625
0 0.26953125 0.55859375 0.0390625 0.0390625
0 0.2734375 0.55859375 0.0390625 0.0390625
0 0.26953125 0.5625 0.0390625 0.0390625
0 0.2734375 0.5625 0.0390625 0.0390625
0 0.49609375 0.56640625 0.0390625 0.0390625
0 0.671875 0.578125 0.0390625 0.0390625
0 0.67578125 0.578125 0.0390625 0.0390625
0 0.671875 0.58203125 0.0390625 0.0390625
0 0.67578125 0.58203125 0.0390625 0.0390625
0 0.27734375 0.5859375 0.0390625 0.0390625
0 0.28125 0.5859375 0.0390625 0.0390625
0 0.52734375 0.59765625 0.0390625 0.0390625
0 0.28125 0.609375 0.0390625 0.0390625
0 0.28125 0.61328125 0.0390625 0.0390625
0 0.7109375 0.6171875 0.0390625 0.0390625
0 0.5546875 0.625 0.0390625 0.0390625
0 0.57421875 0.640625 0.0390625 0.0390625
0 0.57421875 0.64453125 0.0390625 0.0390625
0 0.30078125 0.65234375 0.0390625 0.0390625
0 0.31640625 0.6953125 0.0390625 0.0390625
0 0.3203125 0.6953125 0.0390625 0.0390625
