0 0.748898678414097 0.359375 0.04405286343612335 0.0390625
0 0.7533039647577092 0.359375 0.04405286343612335 0.0390625
0 0.7577092511013216 0.38671875 0.04405286343612335 0.0390625
0 0.762114537444934 0.38671875 0.04405286343612335 0.0390625
0 0.013215859030837005 0.58203125 0.04405286343612335 0.0390625
0 0.762114537444934 0.66015625 0.04405286343612335 0.0390625
0 0.762114537444934 0.6640625 0.04405286343612335 0.0390625
0 0.762114537444934 0.68359375 0.04405286343612335 0.0390625
0 0.762114537444934 0.6875 0.04405286343612335 0.0390625
0 0.7929515418502202 0.734375 0.04405286343612335 0.0390625
0 0.013215859030837005 0.7421875 0.04405286343612335 0.0390625
0 0.08370044052863436 0.7421875 0.04405286343612335 0.0390625
0 0.03524229074889868 0.74609375 0.04405286343612335 0.0390625
0 0.05726872246696035 0.74609375 0.04405286343612335 0.0390625
0 0.10572687224669604 0.74609375 0.04405286343612335 0.0390625
0 0.1277533039647577 0.74609375 0.04405286343612335 0.0390625
0 0.13215859030837004 0.74609375 0.04405286343612335 0.0390625
0 0.03524229074889868 0.75 0.04405286343612335 0.0390625
0 0.7444933920704846 0.75390625 0.04405286343612335 0.0390625
0 0.748898678414097 0.75390625 0.04405286343612335 0.0390625
