0 0.0703125 0.0 0.0390625 0.0390625
0 0.0703125 0.00390625 0.0390625 0.0390625
0 0.06640625 0.04296875 0.0390625 0.0390625
0 0.0703125 0.04296875 0.0390625 0.0390625
0 0.06640625 0.046875 0.0390625 0.0390625
0 0.0703125 0.046875 0.0390625 0.0390625
0 0.0625 0.1328125 0.0390625 0.0390625
0 0.0625 0.15625 0.0390625 0.0390625
0 0.0625 0.171875 0.0390625 0.0390625
0 0.0625 0.17578125 0.0390625 0.0390625
0 0.0703125 0.19140625 0.0390625 0.0390625
0 0.06640625 0.28125 0.0390625 0.0390625
0 0.0703125 0.28125 0.0390625 0.0390625
0 0.06640625 0.28515625 0.0390625 0.0390625
0 0.0703125 0.28515625 0.0390625 0.0390625
0 0.06640625 0.3203125 0.0390625 0.0390625
0 0.06640625 0.32421875 0.0390625 0.0390625
0 0.06640625 0.34375 0.0390625 0.0390625
0 0.06640625 0.34765625 0.0390625 0.0390625
0 0.06640625 0.36328125 0.0390625 0.0390625
0 0.0703125 0.36328125 0.0390625 0.0390625
0 0.06640625 0.3671875 0.0390625 0.0390625
0 0.0703125 0.3671875 0.0390625 0.0390625
0 0.07421875 0.4921875 0.0390625 0.0390625
0 0.0703125 0.62109375 0.0390625 0.0390625
0 0.0703125 0.625 0.0390625 0.0390625
0 0.0703125 0.66796875 0.0390625 0.0390625
0 0.0703125 0.70703125 0.0390625 0.0390625
0 0.07421875 0.70703125 0.0390625 0.0390625
0 0.0703125 0.7109375 0.0390625 0.0390625
0 0.07421875 0.7109375 0.0390625 0.0390625
