0 0.25390625 0.23046875 0.0390625 0.0390625
0 0.2578125 0.23046875 0.0390625 0.0390625
0 0.25390625 0.25390625 0.0390625 0.0390625
0 0.2578125 0.25390625 0.0390625 0.0390625
0 0.25390625 0.27734375 0.0390625 0.0390625
0 0.2578125 0.27734375 0.0390625 0.0390625
0 0.26171875 0.3203125 0.0390625 0.0390625
0 0.26171875 0.34375 0.0390625 0.0390625
0 0.2578125 0.359375 0.0390625 0.0390625
0 0.26171875 0.37890625 0.0390625 0.0390625
0 0.26171875 0.3828125 0.0390625 0.0390625
0 0.26171875 0.3984375 0.0390625 0.0390625
0 0.26171875 0.40234375 0.0390625 0.0390625
0 0.265625 0.421875 0.0390625 0.0390625
0 0.26953125 0.421875 0.0390625 0.0390625
0 0.265625 0.42578125 0.0390625 0.0390625
0 0.26953125 0.42578125 0.0390625 0.0390625
0 0.265625 0.4453125 0.0390625 0.0390625
0 0.26953125 0.4453125 0.0390625 0.0390625
0 0.265625 0.46484375 0.0390625 0.0390625
0 0.26953125 0.46484375 0.0390625 0.0390625
0 0.2734375 0.51171875 0.0390625 0.0390625
0 0.27734375 0.51171875 0.0390625 0.0390625
0 0.15234375 0.515625 0.0390625 0.0390625
0 0.15234375 0.51953125 0.0390625 0.0390625
0 0.15234375 0.53515625 0.0390625 0.0390625
0 0.15234375 0.5390625 0.0390625 0.0390625
0 0.1640625 0.5625 0.0390625 0.0390625
0 0.26953125 0.57421875 0.0390625 0.0390625
0 0.2734375 0.57421875 0.0390625 0.0390625
0 0.1640625 0.58203125 0.0390625 0.0390625
0 0.16796875 0.58203125 0.0390625 0.0390625
0 0.27734375 0.59765625 0.0390625 0.0390625
0 0.16796875 0.6015625 0.0390625 0.0390625
0 0.16796875 0.60546875 0.0390625 0.0390625
0 0.16796875 0.625 0.0390625 0.0390625
0 0.2734375 0.63671875 0.0390625 0.0390625
0 0.2734375 0.640625 0.0390625 0.0390625
0 0.16796875 0.6484375 0.0390625 0.0390625
0 0.171875 0.6640625 0.0390625 0.0390625
0 0.171875 0.66796875 0.0390625 0.0390625
0 0.27734375 0.68359375 0.0390625 0.0390625
0 0.28125 0.68359375 0.0390625 0.0390625
0 0.171875 0.7109375 0.0390625 0.0390625
0 0.171875 0.75 0.0390625 0.0390625
0 0.171875 0.75390625 0.0390625 0.0390625
0 0.1796875 0.7734375 0.0390625 0.0390625
0 0.0 0.9375 0.0390625 0.0390625
0 0.29296875 0.9609375 0.0390625 0.0390625
