0 0.7665198237885462 0.0 0.04405286343612335 0.0390625
0 0.3920704845814978 0.0546875 0.04405286343612335 0.0390625
0 0.3920704845814978 0.05859375 0.04405286343612335 0.0390625
0 0.16299559471365638 0.0625 0.04405286343612335 0.0390625
0 0.16740088105726872 0.0625 0.04405286343612335 0.0390625
0 0.31718061674008813 0.12109375 0.04405286343612335 0.0390625
0 0.3436123348017621 0.14453125 0.04405286343612335 0.0390625
0 0.7400881057268722 0.16796875 0.04405286343612335 0.0390625
0 0.7444933920704846 0.1875 0.04405286343612335 0.0390625
0 0.7444933920704846 0.19140625 0.04405286343612335 0.0390625
0 0.7444933920704846 0.2109375 0.04405286343612335 0.0390625
0 0.2599118942731278 0.23046875 0.04405286343612335 0.0390625
0 0.7400881057268722 0.23046875 0.04405286343612335 0.0390625
0 0.8678414096916299 0.24609375 0.04405286343612335 0.0390625
0 0.8722466960352423 0.24609375 0.04405286343612335 0.0390625
0 0.2599118942731278 0.25 0.04405286343612335 0.0390625
0 0.8678414096916299 0.25 0.04405286343612335 0.0390625
0 0.8722466960352423 0.25 0.04405286343612335 0.0390625
0 0.8854625550660793 0.2734375 0.04405286343612335 0.0390625
0 0.20704845814977973 0.29296875 0.04405286343612335 0.0390625
0 0.7400881057268722 0.3125 0.04405286343612335 0.0390625
0 0.8546255506607929 0.3125 0.04405286343612335 0.0390625
0 0.8590308370044053 0.3125 0.04405286343612335 0.0390625
0 0.7400881057268722 0.31640625 0.04405286343612335 0.0390625
0 0.8986784140969163 0.31640625 0.04405286343612335 0.0390625
0 0.20704845814977973 0.3203125 0.04405286343612335 0.0390625
0 0.24669603524229075 0.3203125 0.04405286343612335 0.0390625
0 0.2511013215859031 0.3203125 0.04405286343612335 0.0390625
0 0.8986784140969163 0.3359375 0.04405286343612335 0.0390625
0 0.9030837004405287 0.3359375 0.04405286343612335 0.0390625
0 0.8942731277533039 0.35546875 0.04405286343612335 0.0390625
0 0.24669603524229075 0.36328125 0.04405286343612335 0.0390625
0 0.24669603524229075 0.3671875 0.04405286343612335 0.0390625
0 0.7400881057268722 0.37109375 0.04405286343612335 0.0390625
0 0.9074889867841409 0.375 0.04405286343612335 0.0390625
0 0.9074889867841409 0.37890625 0.04405286343612335 0.0390625
0 0.2511013215859031 0.38671875 0.04405286343612335 0.0390625
0 0.0 0.39453125 0.04405286343612335 0.0390625
0 0.73568281938326 0.39453125 0.04405286343612335 0.0390625
0 0.022026431718061675 0.3984375 0.04405286343612335 0.0390625
0 0.07048458149779736 0.3984375 0.04405286343612335 0.0390625
0 0.022026431718061675 0.40234375 0.04405286343612335 0.0390625
0 0.04405286343612335 0.40234375 0.04405286343612335 0.0390625
0 0.09691629955947137 0.40234375 0.04405286343612335 0.0390625
0 0.1013215859030837 0.40234375 0.04405286343612335 0.0390625
0 0.09691629955947137 0.40625 0.04405286343612335 0.0390625
0 0.1013215859030837 0.40625 0.04405286343612335 0.0390625
0 0.19383259911894274 0.41015625 0.04405286343612335 0.0390625
0 0.19383259911894274 0.4140625 0.04405286343612335 0.0390625
0 0.7268722466960352 0.4140625 0.04405286343612335 0.0390625
0 0.7312775330396476 0.4140625 0.04405286343612335 0.0390625
0 0.7268722466960352 0.41796875 0.04405286343612335 0.0390625
0 0.7312775330396476 0.41796875 0.04405286343612335 0.0390625
0 0.8458149779735683 0.41796875 0.04405286343612335 0.0390625
0 0.8502202643171806 0.41796875 0.04405286343612335 0.0390625
0 0.8458149779735683 0.421875 0.04405286343612335 0.0390625
0 0.8502202643171806 0.421875 0.04405286343612335 0.0390625
0 0.7312775330396476 0.4375 0.04405286343612335 0.0390625
0 0.8502202643171806 0.44140625 0.04405286343612335 0.0390625
0 0.8546255506607929 0.44140625 0.04405286343612335 0.0390625
0 0.9030837004405287 0.44140625 0.04405286343612335 0.0390625
0 0.9074889867841409 0.44140625 0.04405286343612335 0.0390625
0 0.9030837004405287 0.4453125 0.04405286343612335 0.0390625
0 0.9074889867841409 0.4453125 0.04405286343612335 0.0390625
0 0.7312775330396476 0.4609375 0.04405286343612335 0.0390625
0 0.73568281938326 0.4609375 0.04405286343612335 0.0390625
0 0.8546255506607929 0.4609375 0.04405286343612335 0.0390625
0 0.7312775330396476 0.48046875 0.04405286343612335 0.0390625
0 0.7268722466960352 0.484375 0.04405286343612335 0.0390625
0 0.7312775330396476 0.484375 0.04405286343612335 0.0390625
0 0.8414096916299559 0.484375 0.04405286343612335 0.0390625
0 0.8414096916299559 0.48828125 0.04405286343612335 0.0390625
0 0.8898678414096917 0.48828125 0.04405286343612335 0.0390625
0 0.8942731277533039 0.48828125 0.04405286343612335 0.0390625
0 0.004405286343612335 0.4921875 0.04405286343612335 0.0390625
0 0.02643171806167401 0.4921875 0.04405286343612335 0.0390625
0 0.030837004405286344 0.4921875 0.04405286343612335 0.0390625
0 0.05286343612334802 0.4921875 0.04405286343612335 0.0390625
0 0.05726872246696035 0.4921875 0.04405286343612335 0.0390625
0 0.7312775330396476 0.50390625 0.04405286343612335 0.0390625
0 0.73568281938326 0.50390625 0.04405286343612335 0.0390625
0 0.7312775330396476 0.5234375 0.04405286343612335 0.0390625
0 0.8458149779735683 0.52734375 0.04405286343612335 0.0390625
0 0.8986784140969163 0.52734375 0.04405286343612335 0.0390625
0 0.04405286343612335 0.53515625 0.04405286343612335 0.0390625
0 0.0 0.5390625 0.04405286343612335 0.0390625
0 0.022026431718061675 0.5390625 0.04405286343612335 0.0390625
0 0.04405286343612335 0.5390625 0.04405286343612335 0.0390625
0 0.07048458149779736 0.5390625 0.04405286343612335 0.0390625
0 0.07488986784140969 0.5390625 0.04405286343612335 0.0390625
0 0.7268722466960352 0.546875 0.04405286343612335 0.0390625
0 0.8458149779735683 0.546875 0.04405286343612335 0.0390625
0 0.8458149779735683 0.55078125 0.04405286343612335 0.0390625
0 0.7268722466960352 0.56640625 0.04405286343612335 0.0390625
0 0.7268722466960352 0.5703125 0.04405286343612335 0.0390625
0 0.8458149779735683 0.5703125 0.04405286343612335 0.0390625
0 0.8942731277533039 0.5703125 0.04405286343612335 0.0390625
0 0.7268722466960352 0.5859375 0.04405286343612335 0.0390625
0 0.7312775330396476 0.5859375 0.04405286343612335 0.0390625
0 0.7268722466960352 0.58984375 0.04405286343612335 0.0390625
0 0.7312775330396476 0.58984375 0.04405286343612335 0.0390625
0 0.8502202643171806 0.58984375 0.04405286343612335 0.0390625
0 0.8942731277533039 0.59375 0.04405286343612335 0.0390625
0 0.8986784140969163 0.59375 0.04405286343612335 0.0390625
0 0.22026431718061673 0.60546875 0.04405286343612335 0.0390625
0 0.19383259911894274 0.609375 0.04405286343612335 0.0390625
0 0.27312775330396477 0.609375 0.04405286343612335 0.0390625
0 0.7268722466960352 0.609375 0.04405286343612335 0.0390625
0 0.19383259911894274 0.61328125 0.04405286343612335 0.0390625
0 0.27312775330396477 0.61328125 0.04405286343612335 0.0390625
0 0.7268722466960352 0.61328125 0.04405286343612335 0.0390625
0 0.8942731277533039 0.61328125 0.04405286343612335 0.0390625
0 0.29515418502202645 0.6171875 0.04405286343612335 0.0390625
0 0.24669603524229075 0.62109375 0.04405286343612335 0.0390625
0 0.32158590308370044 0.62109375 0.04405286343612335 0.0390625
0 0.32599118942731276 0.62109375 0.04405286343612335 0.0390625
0 0.7268722466960352 0.62890625 0.04405286343612335 0.0390625
0 0.8458149779735683 0.6328125 0.04405286343612335 0.0390625
0 0.030837004405286344 0.640625 0.04405286343612335 0.0390625
0 0.05726872246696035 0.64453125 0.04405286343612335 0.0390625
0 0.7312775330396476 0.65234375 0.04405286343612335 0.0390625
0 0.73568281938326 0.65234375 0.04405286343612335 0.0390625
0 0.8986784140969163 0.65625 0.04405286343612335 0.0390625
0 0.27312775330396477 0.66015625 0.04405286343612335 0.0390625
0 0.1894273127753304 0.6640625 0.04405286343612335 0.0390625
0 0.8942731277533039 0.6796875 0.04405286343612335 0.0390625
0 0.04405286343612335 0.6875 0.04405286343612335 0.0390625
0 0.7224669603524229 0.6875 0.04405286343612335 0.0390625
0 0.8458149779735683 0.6953125 0.04405286343612335 0.0390625
0 0.8458149779735683 0.69921875 0.04405286343612335 0.0390625
0 0.7224669603524229 0.7109375 0.04405286343612335 0.0390625
0 0.8458149779735683 0.71875 0.04405286343612335 0.0390625
0 0.8502202643171806 0.71875 0.04405286343612335 0.0390625
0 0.8942731277533039 0.71875 0.04405286343612335 0.0390625
0 0.7224669603524229 0.73046875 0.04405286343612335 0.0390625
0 0.7224669603524229 0.734375 0.04405286343612335 0.0390625
0 0.8458149779735683 0.73828125 0.04405286343612335 0.0390625
0 0.8942731277533039 0.73828125 0.04405286343612335 0.0390625
0 0.8458149779735683 0.7421875 0.04405286343612335 0.0390625
0 0.7224669603524229 0.75 0.04405286343612335 0.0390625
0 0.7268722466960352 0.75 0.04405286343612335 0.0390625
0 0.7224669603524229 0.75390625 0.04405286343612335 0.0390625
0 0.7268722466960352 0.75390625 0.04405286343612335 0.0390625
0 0.8414096916299559 0.7578125 0.04405286343612335 0.0390625
0 0.8942731277533039 0.7578125 0.04405286343612335 0.0390625
0 0.8414096916299559 0.76171875 0.04405286343612335 0.0390625
0 0.8942731277533039 0.76171875 0.04405286343612335 0.0390625
0 0.7224669603524229 0.7734375 0.04405286343612335 0.0390625
0 0.7224669603524229 0.79296875 0.04405286343612335 0.0390625
0 0.7268722466960352 0.79296875 0.04405286343612335 0.0390625
0 0.7224669603524229 0.81640625 0.04405286343612335 0.0390625
0 0.0881057268722467 0.8203125 0.04405286343612335 0.0390625
0 0.7224669603524229 0.83984375 0.04405286343612335 0.0390625
0 0.7268722466960352 0.83984375 0.04405286343612335 0.0390625
0 0.7224669603524229 0.84375 0.04405286343612335 0.0390625
0 0.7268722466960352 0.84375 0.04405286343612335 0.0390625
0 0.9030837004405287 0.87109375 0.04405286343612335 0.0390625
0 0.9074889867841409 0.87109375 0.04405286343612335 0.0390625
0 0.8766519823788547 0.875 0.04405286343612335 0.0390625
0 0.9030837004405287 0.875 0.04405286343612335 0.0390625
0 0.9074889867841409 0.875 0.04405286343612335 0.0390625
0 0.9295154185022027 0.875 0.04405286343612335 0.0390625
0 0.933920704845815 0.875 0.04405286343612335 0.0390625
0 0.9515418502202643 0.875 0.04405286343612335 0.0390625
0 0.9559471365638766 0.875 0.04405286343612335 0.0390625
0 0.9779735682819384 0.875 0.04405286343612335 0.0390625
0 0.0881057268722467 0.890625 0.04405286343612335 0.0390625
0 0.0881057268722467 0.89453125 0.04405286343612335 0.0390625
