0 0.59765625 0.125 0.0390625 0.0390625
0 0.59765625 0.12890625 0.0390625 0.0390625
0 0.49609375 0.1875 0.0390625 0.0390625
0 0.49609375 0.19140625 0.0390625 0.0390625
0 0.59375 0.234375 0.0390625 0.0390625
0 0.59765625 0.234375 0.0390625 0.0390625
0 0.58984375 0.3515625 0.0390625 0.0390625
0 0.9765625 0.39453125 0.0390625 0.0390625
0 0.98046875 0.39453125 0.0390625 0.0390625
0 0.99609375 0.39453125 0.0390625 0.0390625
0 0.4921875 0.3984375 0.0390625 0.0390625
0 0.91015625 0.3984375 0.0390625 0.0390625
0 0.9140625 0.3984375 0.0390625 0.0390625
0 0.93359375 0.3984375 0.0390625 0.0390625
0 0.91015625 0.40234375 0.0390625 0.0390625
0 0.9140625 0.40234375 0.0390625 0.0390625
0 0.90625 0.4609375 0.0390625 0.0390625
0 0.4765625 0.46484375 0.0390625 0.0390625
0 0.59375 0.46484375 0.0390625 0.0390625
0 0.59375 0.46875 0.0390625 0.0390625
0 0.91015625 0.484375 0.0390625 0.0390625
0 0.9140625 0.484375 0.0390625 0.0390625
0 0.484375 0.51171875 0.0390625 0.0390625
0 0.48828125 0.51171875 0.0390625 0.0390625
0 0.58984375 0.51171875 0.0390625 0.0390625
0 0.8984375 0.51171875 0.0390625 0.0390625
0 0.90234375 0.52734375 0.0390625 0.0390625
0 0.90234375 0.53125 0.0390625 0.0390625
0 0.99609375 0.5390625 0.0390625 0.0390625
0 0.484375 0.55078125 0.0390625 0.0390625
0 0.5859375 0.55078125 0.0390625 0.0390625
0 0.90625 0.55078125 0.0390625 0.0390625
0 0.5859375 0.5546875 0.0390625 0.0390625
0 0.90625 0.5546875 0.0390625 0.0390625
0 0.58984375 0.578125 0.0390625 0.0390625
0 0.48046875 0.59375 0.0390625 0.0390625
0 0.484375 0.59375 0.0390625 0.0390625
0 0.58984375 0.59765625 0.0390625 0.0390625
0 0.58984375 0.6015625 0.0390625 0.0390625
0 0.58984375 0.6171875 0.0390625 0.0390625
0 0.59375 0.6171875 0.0390625 0.0390625
0 0.99609375 0.63671875 0.0390625 0.0390625
0 0.48046875 0.640625 0.0390625 0.0390625
0 0.5859375 0.640625 0.0390625 0.0390625
0 0.96875 0.640625 0.0390625 0.0390625
0 0.97265625 0.640625 0.0390625 0.0390625
0 0.99609375 0.640625 0.0390625 0.0390625
0 0.96875 0.64453125 0.0390625 0.0390625
0 0.97265625 0.64453125 0.0390625 0.0390625
0 0.90234375 0.6484375 0.0390625 0.0390625
0 0.4765625 0.66015625 0.0390625 0.0390625
0 0.48046875 0.66015625 0.0390625 0.0390625
0 0.5859375 0.66015625 0.0390625 0.0390625
0 0.5859375 0.6640625 0.0390625 0.0390625
0 0.48046875 0.6796875 0.0390625 0.0390625
0 0.484375 0.6796875 0.0390625 0.0390625
0 0.484375 0.69921875 0.0390625 0.0390625
0 0.58203125 0.70703125 0.0390625 0.0390625
0 0.4765625 0.72265625 0.0390625 0.0390625
0 0.4765625 0.7421875 0.0390625 0.0390625
0 0.48046875 0.76171875 0.0390625 0.0390625
0 0.47265625 0.8046875 0.0390625 0.0390625
0 0.51953125 0.8046875 0.0390625 0.0390625
0 0.5234375 0.8046875 0.0390625 0.0390625
0 0.47265625 0.80859375 0.0390625 0.0390625
0 0.5859375 0.8125 0.0390625 0.0390625
0 0.58203125 0.8359375 0.0390625 0.0390625
0 0.46875 0.875 0.0390625 0.0390625
0 0.578125 0.87890625 0.0390625 0.0390625
