0 0.8515625 0.02734375 0.0390625 0.0390625
0 0.8515625 0.03125 0.0390625 0.0390625
0 0.87109375 0.03125 0.0390625 0.0390625
0 0.875 0.03125 0.0390625 0.0390625
0 0.89453125 0.03125 0.0390625 0.0390625
0 0.94140625 0.03125 0.0390625 0.0390625
0 0.9140625 0.03515625 0.0390625 0.0390625
0 0.91796875 0.03515625 0.0390625 0.0390625
0 0.703125 0.04296875 0.0390625 0.0390625
0 0.70703125 0.04296875 0.0390625 0.0390625
0 0.76953125 0.04296875 0.0390625 0.0390625
0 0.703125 0.046875 0.0390625 0.0390625
0 0.70703125 0.046875 0.0390625 0.0390625
0 0.99609375 0.9375 0.0390625 0.0390625
