0 0.03515625 0.046875 0.0390625 0.0390625
0 0.109375 0.05078125 0.0390625 0.0390625
0 0.16015625 0.05078125 0.0390625 0.0390625
0 0.109375 0.0546875 0.0390625 0.0390625
0 0.203125 0.0546875 0.0390625 0.0390625
0 0.20703125 0.0546875 0.0390625 0.0390625
0 0.1484375 0.15234375 0.0390625 0.0390625
0 0.171875 0.15234375 0.0390625 0.0390625
0 0.1484375 0.15625 0.0390625 0.0390625
0 0.21484375 0.15625 0.0390625 0.0390625
0 0.23828125 0.15625 0.0390625 0.0390625
0 0.8046875 0.7265625 0.0390625 0.0390625
0 0.98828125 0.7265625 0.0390625 0.0390625
0 0.98828125 0.73046875 0.0390625 0.0390625
