0 0.46875 0.1875 0.0390625 0.0390625
0 0.47265625 0.1875 0.0390625 0.0390625
0 0.46875 0.19140625 0.0390625 0.0390625
0 0.47265625 0.19140625 0.0390625 0.0390625
0 0.7578125 0.1953125 0.0390625 0.0390625
0 0.76171875 0.1953125 0.0390625 0.0390625
0 0.796875 0.19921875 0.0390625 0.0390625
0 0.80078125 0.19921875 0.0390625 0.0390625
0 0.94921875 0.234375 0.0390625 0.0390625
0 0.953125 0.234375 0.0390625 0.0390625
0 0.80078125 0.2421875 0.0390625 0.0390625
0 0.8203125 0.2421875 0.0390625 0.0390625
0 0.84375 0.2421875 0.0390625 0.0390625
0 0.46875 0.296875 0.0390625 0.0390625
0 0.46875 0.30078125 0.0390625 0.0390625
0 0.55078125 0.33203125 0.0390625 0.0390625
0 0.59375 0.33203125 0.0390625 0.0390625
0 0.50390625 0.3359375 0.0390625 0.0390625
0 0.55078125 0.3359375 0.0390625 0.0390625
0 0.50390625 0.33984375 0.0390625 0.0390625
0 0.6796875 0.33984375 0.0390625 0.0390625
0 0.7421875 0.34375 0.0390625 0.0390625
0 0.25390625 0.37109375 0.0390625 0.0390625
0 0.953125 0.5 0.0390625 0.0390625
0 0.95703125 0.5 0.0390625 0.0390625
0 0.953125 0.50390625 0.0390625 0.0390625
0 0.95703125 0.50390625 0.0390625 0.0390625
0 0.953125 0.54296875 0.0390625 0.0390625
0 0.95703125 0.54296875 0.0390625 0.0390625
0 0.94921875 0.62890625 0.0390625 0.0390625
0 0.94921875 0.65234375 0.0390625 0.0390625
0 0.94921875 0.67578125 0.0390625 0.0390625
0 0.94921875 0.6953125 0.0390625 0.0390625
0 0.3671875 0.94140625 0.0390625 0.0390625
0 0.19140625 0.9453125 0.0390625 0.0390625
0 0.1953125 0.9453125 0.0390625 0.0390625
