0 0.078125 0.0703125 0.0390625 0.0390625
0 0.08203125 0.0703125 0.0390625 0.0390625
0 0.078125 0.07421875 0.0390625 0.0390625
0 0.08203125 0.07421875 0.0390625 0.0390625
0 0.07421875 0.14453125 0.0390625 0.0390625
0 0.2890625 0.18359375 0.0390625 0.0390625
0 0.2890625 0.1875 0.0390625 0.0390625
0 0.078125 0.2109375 0.0390625 0.0390625
0 0.1953125 0.2109375 0.0390625 0.0390625
0 0.46875 0.2265625 0.0390625 0.0390625
0 0.47265625 0.2265625 0.0390625 0.0390625
0 0.46875 0.23046875 0.0390625 0.0390625
0 0.47265625 0.23046875 0.0390625 0.0390625
0 0.0703125 0.4921875 0.0390625 0.0390625
0 0.71484375 0.52734375 0.0390625 0.0390625
0 0.42578125 0.58984375 0.0390625 0.0390625
0 0.42578125 0.59375 0.0390625 0.0390625
0 0.0078125 0.73046875 0.0390625 0.0390625
0 0.01171875 0.73046875 0.0390625 0.0390625
0 0.80859375 0.875 0.0390625 0.0390625
0 0.8125 0.875 0.0390625 0.0390625
