0 0.99609375 0.00390625 0.0390625 0.0390625
0 0.453125 0.1171875 0.0390625 0.0390625
0 0.4296875 0.12109375 0.0390625 0.0390625
0 0.453125 0.12109375 0.0390625 0.0390625
0 0.47265625 0.12109375 0.0390625 0.0390625
0 0.4765625 0.12109375 0.0390625 0.0390625
0 0.51953125 0.125 0.0390625 0.0390625
0 0.58203125 0.125 0.0390625 0.0390625
0 0.60546875 0.125 0.0390625 0.0390625
0 0.6328125 0.12890625 0.0390625 0.0390625
0 0.63671875 0.12890625 0.0390625 0.0390625
0 0.55859375 0.1328125 0.0390625 0.0390625
0 0.46484375 0.25 0.0390625 0.0390625
0 0.55078125 0.25 0.0390625 0.0390625
0 0.57421875 0.25 0.0390625 0.0390625
0 0.50390625 0.25390625 0.0390625 0.0390625
0 0.52734375 0.25390625 0.0390625 0.0390625
0 0.63671875 0.25390625 0.0390625 0.0390625
0 0.66015625 0.3125 0.0390625 0.0390625
0 0.6640625 0.3125 0.0390625 0.0390625
0 0.66796875 0.33203125 0.0390625 0.0390625
0 0.65625 0.35546875 0.0390625 0.0390625
0 0.66015625 0.37890625 0.0390625 0.0390625
0 0.66015625 0.3828125 0.0390625 0.0390625
0 0.1171875 0.46875 0.0390625 0.0390625
0 0.11328125 0.62890625 0.0390625 0.0390625
0 0.1171875 0.703125 0.0390625 0.0390625
0 0.12109375 0.703125 0.0390625 0.0390625
0 0.20703125 0.765625 0.0390625 0.0390625
0 0.1953125 0.8046875 0.0390625 0.0390625
0 0.19921875 0.8046875 0.0390625 0.0390625
0 0.203125 0.84765625 0.0390625 0.0390625
0 0.1953125 0.95703125 0.0390625 0.0390625
0 0.19921875 0.95703125 0.0390625 0.0390625
0 0.1953125 0.9609375 0.0390625 0.0390625
0 0.19921875 0.9609375 0.0390625 0.0390625
0 0.10546875 0.98828125 0.0390625 0.0390625
0 0.109375 0.98828125 0.0390625 0.0390625
