0 0.01953125 0.0078125 0.0390625 0.0390625
0 0.30859375 0.0078125 0.0390625 0.0390625
0 0.76171875 0.015625 0.0390625 0.0390625
0 0.765625 0.015625 0.0390625 0.0390625
0 0.81640625 0.0546875 0.0390625 0.0390625
0 0.00390625 0.203125 0.0390625 0.0390625
0 0.00390625 0.20703125 0.0390625 0.0390625
0 0.0078125 0.2265625 0.0390625 0.0390625
0 0.00390625 0.25390625 0.0390625 0.0390625
0 0.00390625 0.2578125 0.0390625 0.0390625
0 0.0 0.27734375 0.0390625 0.0390625
0 0.0 0.28125 0.0390625 0.0390625
0 0.0078125 0.30078125 0.0390625 0.0390625
0 0.0078125 0.375 0.0390625 0.0390625
0 0.0 0.546875 0.0390625 0.0390625
0 0.00390625 0.546875 0.0390625 0.0390625
0 0.0 0.55078125 0.0390625 0.0390625
0 0.00390625 0.55078125 0.0390625 0.0390625
0 0.06640625 0.703125 0.0390625 0.0390625
0 0.06640625 0.70703125 0.0390625 0.0390625
0 0.078125 0.73046875 0.0390625 0.0390625
0 0.08203125 0.73046875 0.0390625 0.0390625
0 0.07421875 0.75390625 0.0390625 0.0390625
0 0.03125 0.8828125 0.0390625 0.0390625
0 0.06640625 0.98828125 0.0390625 0.0390625
