0 0.8125 0.08203125 0.0390625 0.0390625
0 0.81640625 0.08203125 0.0390625 0.0390625
0 0.8125 0.0859375 0.0390625 0.0390625
0 0.81640625 0.0859375 0.0390625 0.0390625
0 0.99609375 0.2109375 0.0390625 0.0390625
0 0.99609375 0.21484375 0.0390625 0.0390625
0 0.703125 0.22265625 0.0390625 0.0390625
0 0.953125 0.22265625 0.0390625 0.0390625
0 0.6796875 0.265625 0.0390625 0.0390625
0 0.92578125 0.265625 0.0390625 0.0390625
0 0.6796875 0.26953125 0.0390625 0.0390625
0 0.31640625 0.359375 0.0390625 0.0390625
0 0.3203125 0.359375 0.0390625 0.0390625
0 0.6875 0.5 0.0390625 0.0390625
0 0.3203125 0.6640625 0.0390625 0.0390625
0 0.3203125 0.66796875 0.0390625 0.0390625
0 0.328125 0.72265625 0.0390625 0.0390625
0 0.7578125 0.91796875 0.0390625 0.0390625
0 0.7890625 0.94140625 0.0390625 0.0390625
0 0.7890625 0.9453125 0.0390625 0.0390625
