0 0.9823788546255506 0.015625 0.04405286343612335 0.0390625
0 0.986784140969163 0.015625 0.04405286343612335 0.0390625
0 0.9515418502202643 0.0234375 0.04405286343612335 0.0390625
0 0.9559471365638766 0.0234375 0.04405286343612335 0.0390625
0 0.5506607929515418 0.17578125 0.04405286343612335 0.0390625
0 0.5770925110132159 0.2109375 0.04405286343612335 0.0390625
0 0.5814977973568282 0.2109375 0.04405286343612335 0.0390625
0 0.31718061674008813 0.28125 0.04405286343612335 0.0390625
0 0.32158590308370044 0.28125 0.04405286343612335 0.0390625
0 0.3303964757709251 0.30078125 0.04405286343612335 0.0390625
0 0.3303964757709251 0.3046875 0.04405286343612335 0.0390625
0 0.13656387665198239 0.390625 0.04405286343612335 0.0390625
0 0.0 0.5078125 0.04405286343612335 0.0390625
0 0.0 0.51171875 0.04405286343612335 0.0390625
0 0.05726872246696035 0.79296875 0.04405286343612335 0.0390625
0 0.2599118942731278 0.79296875 0.04405286343612335 0.0390625
0 0.05726872246696035 0.796875 0.04405286343612335 0.0390625
