0 0.6255506607929515 0.039647577092511016 0.04405286343612335 0.04405286343612335
0 0.5991189427312775 0.1277533039647577 0.04405286343612335 0.04405286343612335
0 0.6740088105726872 0.14977973568281938 0.04405286343612335 0.04405286343612335
0 0.6872246696035242 0.16740088105726872 0.04405286343612335 0.04405286343612335
0 0.2643171806167401 0.8678414096916299 0.04405286343612335 0.04405286343612335
0 0.2643171806167401 0.8722466960352423 0.04405286343612335 0.04405286343612335
0 0.2599118942731278 0.8942731277533039 0.04405286343612335 0.04405286343612335
0 0.32599118942731276 0.8942731277533039 0.04405286343612335 0.04405286343612335
0 0.2643171806167401 0.947136563876652 0.04405286343612335 0.04405286343612335
0 0.43612334801762115 0.947136563876652 0.04405286343612335 0.04405286343612335
0 0.44052863436123346 0.947136563876652 0.04405286343612335 0.04405286343612335
0 0.43612334801762115 0.9515418502202643 0.04405286343612335 0.04405286343612335
0 0.44052863436123346 0.9515418502202643 0.04405286343612335 0.04405286343612335
0 0.5022026431718062 0.960352422907489 0.04405286343612335 0.04405286343612335
