0 0.83984375 0.2734375 0.0390625 0.0390625
0 0.84375 0.2734375 0.0390625 0.0390625
0 0.90234375 0.5 0.0390625 0.0390625
0 0.90625 0.5 0.0390625 0.0390625
0 0.71484375 0.546875 0.0390625 0.0390625
0 0.71484375 0.55078125 0.0390625 0.0390625
0 0.2734375 0.93359375 0.0390625 0.0390625
0 0.4453125 0.94921875 0.0390625 0.0390625
0 0.4453125 0.953125 0.0390625 0.0390625
0 0.5625 0.953125 0.0390625 0.0390625
0 0.5625 0.95703125 0.0390625 0.0390625
0 0.44140625 0.9765625 0.0390625 0.0390625
0 0.4453125 0.9765625 0.0390625 0.0390625
