0 0.83984375 0.03515625 0.0390625 0.0390625
0 0.83984375 0.0390625 0.0390625 0.0390625
0 0.84375 0.0625 0.0390625 0.0390625
0 0.84765625 0.0625 0.0390625 0.0390625
0 0.0390625 0.3671875 0.0390625 0.0390625
0 0.0390625 0.37109375 0.0390625 0.0390625
0 0.1640625 0.42578125 0.0390625 0.0390625
0 0.1640625 0.4296875 0.0390625 0.0390625
0 0.03125 0.51171875 0.0390625 0.0390625
0 0.03515625 0.51171875 0.0390625 0.0390625
0 0.03125 0.515625 0.0390625 0.0390625
0 0.03515625 0.515625 0.0390625 0.0390625
0 0.65625 0.71875 0.0390625 0.0390625
0 0.65625 0.72265625 0.0390625 0.0390625
