0 0.046875 0.28515625 0.0390625 0.0390625
0 0.05078125 0.28515625 0.0390625 0.0390625
0 0.04296875 0.33203125 0.0390625 0.0390625
0 0.89453125 0.34765625 0.0390625 0.0390625
0 0.046875 0.3515625 0.0390625 0.0390625
0 0.05078125 0.37890625 0.0390625 0.0390625
0 0.046875 0.40234375 0.0390625 0.0390625
0 0.05078125 0.40234375 0.0390625 0.0390625
0 0.8828125 0.44921875 0.0390625 0.0390625
0 0.88671875 0.44921875 0.0390625 0.0390625
0 0.8828125 0.453125 0.0390625 0.0390625
0 0.88671875 0.453125 0.0390625 0.0390625
0 0.98828125 0.46875 0.0390625 0.0390625
0 0.89453125 0.4921875 0.0390625 0.0390625
0 0.890625 0.53515625 0.0390625 0.0390625
0 0.890625 0.5390625 0.0390625 0.0390625
0 0.03125 0.66796875 0.0390625 0.0390625
0 0.23046875 0.72265625 0.0390625 0.0390625
0 0.23046875 0.7265625 0.0390625 0.0390625
0 0.69140625 0.765625 0.0390625 0.0390625
0 0.6953125 0.765625 0.0390625 0.0390625
