0 0.0 0.15234375 0.0390625 0.0390625
0 0.7265625 0.29296875 0.0390625 0.0390625
0 0.73046875 0.29296875 0.0390625 0.0390625
0 0.37890625 0.42578125 0.0390625 0.0390625
0 0.3828125 0.42578125 0.0390625 0.0390625
0 0.1796875 0.4296875 0.0390625 0.0390625
0 0.18359375 0.4296875 0.0390625 0.0390625
0 0.25390625 0.4296875 0.0390625 0.0390625
0 0.1796875 0.43359375 0.0390625 0.0390625
0 0.18359375 0.43359375 0.0390625 0.0390625
0 0.25 0.45703125 0.0390625 0.0390625
0 0.25 0.48046875 0.0390625 0.0390625
0 0.15625 0.53515625 0.0390625 0.0390625
0 0.16015625 0.53515625 0.0390625 0.0390625
0 0.16015625 0.5546875 0.0390625 0.0390625
0 0.1640625 0.5546875 0.0390625 0.0390625
0 0.16015625 0.55859375 0.0390625 0.0390625
0 0.1640625 0.55859375 0.0390625 0.0390625
0 0.24609375 0.8046875 0.0390625 0.0390625
0 0.24609375 0.80859375 0.0390625 0.0390625
0 0.2890625 0.91015625 0.0390625 0.0390625
0 0.29296875 0.91015625 0.0390625 0.0390625
