0 0.99609375 0.15234375 0.0390625 0.0390625
0 0.73046875 0.27734375 0.0390625 0.0390625
0 0.734375 0.27734375 0.0390625 0.0390625
0 0.77734375 0.27734375 0.0390625 0.0390625
0 0.78125 0.27734375 0.0390625 0.0390625
0 0.77734375 0.28125 0.0390625 0.0390625
0 0.78125 0.28125 0.0390625 0.0390625
0 0.84375 0.28125 0.0390625 0.0390625
0 0.84375 0.28515625 0.0390625 0.0390625
0 0.3125 0.37109375 0.0390625 0.0390625
0 0.31640625 0.37109375 0.0390625 0.0390625
0 0.3125 0.375 0.0390625 0.0390625
0 0.31640625 0.375 0.0390625 0.0390625
