0 0.75390625 0.17578125 0.0390625 0.0390625
0 0.75 0.28125 0.0390625 0.0390625
0 0.75 0.28515625 0.0390625 0.0390625
0 0.7578125 0.32421875 0.0390625 0.0390625
0 0.76171875 0.32421875 0.0390625 0.0390625
0 0.75 0.34765625 0.0390625 0.0390625
0 0.75 0.3515625 0.0390625 0.0390625
0 0.7578125 0.37109375 0.0390625 0.0390625
0 0.7578125 0.39453125 0.0390625 0.0390625
0 0.75390625 0.421875 0.0390625 0.0390625
0 0.7578125 0.421875 0.0390625 0.0390625
0 0.75390625 0.42578125 0.0390625 0.0390625
0 0.7578125 0.42578125 0.0390625 0.0390625
0 0.6484375 0.4765625 0.0390625 0.0390625
0 0.67578125 0.4765625 0.0390625 0.0390625
0 0.31640625 0.72265625 0.0390625 0.0390625
0 0.3125 0.75 0.0390625 0.0390625
0 0.31640625 0.77734375 0.0390625 0.0390625
0 0.30859375 0.80078125 0.0390625 0.0390625
0 0.3125 0.83203125 0.0390625 0.0390625
0 0.3125 0.85546875 0.0390625 0.0390625
0 0.30859375 0.88671875 0.0390625 0.0390625
