0 0.4453125 0.0234375 0.0390625 0.0390625
0 0.4453125 0.046875 0.0390625 0.0390625
0 0.44921875 0.046875 0.0390625 0.0390625
0 0.27734375 0.05078125 0.0390625 0.0390625
0 0.28125 0.05078125 0.0390625 0.0390625
0 0.27734375 0.0546875 0.0390625 0.0390625
0 0.28125 0.0546875 0.0390625 0.0390625
0 0.4375 0.06640625 0.0390625 0.0390625
0 0.5625 0.078125 0.0390625 0.0390625
0 0.5625 0.1015625 0.0390625 0.0390625
0 0.5625 0.125 0.0390625 0.0390625
0 0.26953125 0.1484375 0.0390625 0.0390625
0 0.2734375 0.1484375 0.0390625 0.0390625
0 0.3984375 0.1640625 0.0390625 0.0390625
0 0.3984375 0.16796875 0.0390625 0.0390625
0 0.5625 0.24609375 0.0390625 0.0390625
0 0.27734375 0.2890625 0.0390625 0.0390625
0 0.43359375 0.3046875 0.0390625 0.0390625
0 0.4375 0.3046875 0.0390625 0.0390625
0 0.43359375 0.30859375 0.0390625 0.0390625
0 0.4375 0.30859375 0.0390625 0.0390625
0 0.5546875 0.31640625 0.0390625 0.0390625
0 0.55859375 0.31640625 0.0390625 0.0390625
0 0.55859375 0.33984375 0.0390625 0.0390625
0 0.4375 0.37890625 0.0390625 0.0390625
0 0.4375 0.3828125 0.0390625 0.0390625
0 0.55859375 0.3828125 0.0390625 0.0390625
0 0.26953125 0.41015625 0.0390625 0.0390625
0 0.55859375 0.41015625 0.0390625 0.0390625
0 0.26953125 0.4140625 0.0390625 0.0390625
0 0.39453125 0.42578125 0.0390625 0.0390625
0 0.39453125 0.4296875 0.0390625 0.0390625
0 0.2734375 0.453125 0.0390625 0.0390625
0 0.3984375 0.453125 0.0390625 0.0390625
0 0.4375 0.453125 0.0390625 0.0390625
0 0.2734375 0.45703125 0.0390625 0.0390625
0 0.3984375 0.45703125 0.0390625 0.0390625
0 0.39453125 0.4765625 0.0390625 0.0390625
0 0.44140625 0.4765625 0.0390625 0.0390625
0 0.4453125 0.4765625 0.0390625 0.0390625
0 0.44140625 0.48046875 0.0390625 0.0390625
0 0.4453125 0.48046875 0.0390625 0.0390625
0 0.38671875 0.5 0.0390625 0.0390625
0 0.390625 0.5 0.0390625 0.0390625
0 0.4375 0.5 0.0390625 0.0390625
0 0.43359375 0.51953125 0.0390625 0.0390625
0 0.390625 0.5234375 0.0390625 0.0390625
0 0.39453125 0.5234375 0.0390625 0.0390625
0 0.2734375 0.53125 0.0390625 0.0390625
0 0.5546875 0.5546875 0.0390625 0.0390625
0 0.390625 0.5703125 0.0390625 0.0390625
0 0.43359375 0.5703125 0.0390625 0.0390625
0 0.55859375 0.57421875 0.0390625 0.0390625
0 0.55859375 0.578125 0.0390625 0.0390625
0 0.26953125 0.58203125 0.0390625 0.0390625
0 0.390625 0.59375 0.0390625 0.0390625
0 0.43359375 0.59375 0.0390625 0.0390625
0 0.4375 0.59375 0.0390625 0.0390625
0 0.55859375 0.6015625 0.0390625 0.0390625
0 0.5546875 0.625 0.0390625 0.0390625
0 0.55859375 0.625 0.0390625 0.0390625
0 0.37890625 0.640625 0.0390625 0.0390625
0 0.3828125 0.640625 0.0390625 0.0390625
0 0.43359375 0.640625 0.0390625 0.0390625
0 0.5546875 0.71875 0.0390625 0.0390625
0 0.55859375 0.71875 0.0390625 0.0390625
0 0.38671875 0.76171875 0.0390625 0.0390625
0 0.4375 0.78515625 0.0390625 0.0390625
0 0.4375 0.7890625 0.0390625 0.0390625
0 0.26171875 0.796875 0.0390625 0.0390625
0 0.26171875 0.83984375 0.0390625 0.0390625
0 0.26171875 0.890625 0.0390625 0.0390625
0 0.38671875 0.9296875 0.0390625 0.0390625
0 0.43359375 0.953125 0.0390625 0.0390625
0 0.4375 0.953125 0.0390625 0.0390625
0 0.43359375 0.95703125 0.0390625 0.0390625
0 0.4375 0.95703125 0.0390625 0.0390625
0 0.265625 0.97265625 0.0390625 0.0390625
0 0.265625 0.9765625 0.0390625 0.0390625
0 0.38671875 0.9765625 0.0390625 0.0390625
