0 0.55859375 0.01171875 0.0390625 0.0390625
0 0.4375 0.05078125 0.0390625 0.0390625
0 0.4296875 0.0703125 0.0390625 0.0390625
0 0.42578125 0.09765625 0.0390625 0.0390625
0 0.4296875 0.12109375 0.0390625 0.0390625
0 0.42578125 0.1484375 0.0390625 0.0390625
0 0.4296875 0.171875 0.0390625 0.0390625
0 0.4296875 0.19140625 0.0390625 0.0390625
0 0.5546875 0.19140625 0.0390625 0.0390625
0 0.4296875 0.1953125 0.0390625 0.0390625
0 0.5546875 0.1953125 0.0390625 0.0390625
0 0.55859375 0.1953125 0.0390625 0.0390625
0 0.42578125 0.22265625 0.0390625 0.0390625
0 0.4296875 0.22265625 0.0390625 0.0390625
0 0.55078125 0.23046875 0.0390625 0.0390625
0 0.5546875 0.23046875 0.0390625 0.0390625
0 0.42578125 0.2421875 0.0390625 0.0390625
0 0.55078125 0.25390625 0.0390625 0.0390625
0 0.5546875 0.25390625 0.0390625 0.0390625
0 0.55078125 0.2578125 0.0390625 0.0390625
0 0.5546875 0.2578125 0.0390625 0.0390625
0 0.4296875 0.28515625 0.0390625 0.0390625
0 0.43359375 0.28515625 0.0390625 0.0390625
0 0.42578125 0.30859375 0.0390625 0.0390625
0 0.55078125 0.30859375 0.0390625 0.0390625
0 0.42578125 0.33203125 0.0390625 0.0390625
0 0.42578125 0.35546875 0.0390625 0.0390625
0 0.42578125 0.359375 0.0390625 0.0390625
0 0.42578125 0.3828125 0.0390625 0.0390625
0 0.4296875 0.41015625 0.0390625 0.0390625
0 0.4296875 0.43359375 0.0390625 0.0390625
0 0.4296875 0.4375 0.0390625 0.0390625
0 0.42578125 0.45703125 0.0390625 0.0390625
0 0.42578125 0.4609375 0.0390625 0.0390625
0 0.4296875 0.48828125 0.0390625 0.0390625
0 0.42578125 0.5078125 0.0390625 0.0390625
0 0.42578125 0.53125 0.0390625 0.0390625
0 0.42578125 0.53515625 0.0390625 0.0390625
0 0.421875 0.5546875 0.0390625 0.0390625
0 0.42578125 0.5546875 0.0390625 0.0390625
0 0.421875 0.55859375 0.0390625 0.0390625
0 0.42578125 0.55859375 0.0390625 0.0390625
0 0.51953125 0.73046875 0.0390625 0.0390625
0 0.546875 0.7578125 0.0390625 0.0390625
0 0.546875 0.859375 0.0390625 0.0390625
0 0.55078125 0.88671875 0.0390625 0.0390625
0 0.7265625 0.99609375 0.0390625 0.0390625
