0 0.79296875 0.59375 0.0390625 0.0390625
0 0.796875 0.59375 0.0390625 0.0390625
0 0.6171875 0.66796875 0.0390625 0.0390625
0 0.38671875 0.671875 0.0390625 0.0390625
0 0.390625 0.671875 0.0390625 0.0390625
0 0.44140625 0.671875 0.0390625 0.0390625
0 0.703125 0.671875 0.0390625 0.0390625
0 0.7265625 0.671875 0.0390625 0.0390625
0 0.63671875 0.67578125 0.0390625 0.0390625
0 0.640625 0.67578125 0.0390625 0.0390625
0 0.68359375 0.67578125 0.0390625 0.0390625
0 0.7265625 0.67578125 0.0390625 0.0390625
0 0.63671875 0.6796875 0.0390625 0.0390625
0 0.640625 0.6796875 0.0390625 0.0390625
0 0.390625 0.71484375 0.0390625 0.0390625
0 0.39453125 0.71484375 0.0390625 0.0390625
0 0.44140625 0.71875 0.0390625 0.0390625
0 0.390625 0.73828125 0.0390625 0.0390625
0 0.28125 0.7578125 0.0390625 0.0390625
0 0.390625 0.78125 0.0390625 0.0390625
0 0.44140625 0.78125 0.0390625 0.0390625
0 0.28125 0.82421875 0.0390625 0.0390625
0 0.4375 0.82421875 0.0390625 0.0390625
0 0.390625 0.84375 0.0390625 0.0390625
0 0.390625 0.84765625 0.0390625 0.0390625
0 0.4375 0.8671875 0.0390625 0.0390625
0 0.27734375 0.87109375 0.0390625 0.0390625
0 0.28125 0.87109375 0.0390625 0.0390625
0 0.4375 0.87109375 0.0390625 0.0390625
0 0.43359375 0.88671875 0.0390625 0.0390625
0 0.4375 0.88671875 0.0390625 0.0390625
0 0.3828125 0.890625 0.0390625 0.0390625
0 0.38671875 0.890625 0.0390625 0.0390625
0 0.43359375 0.92578125 0.0390625 0.0390625
0 0.50390625 0.93359375 0.0390625 0.0390625
0 0.38671875 0.9375 0.0390625 0.0390625
0 0.38671875 0.94140625 0.0390625 0.0390625
0 0.26953125 0.9765625 0.0390625 0.0390625
0 0.2734375 0.9765625 0.0390625 0.0390625
0 0.26953125 0.98046875 0.0390625 0.0390625
0 0.2734375 0.98046875 0.0390625 0.0390625
