0 0.2890625 0.0 0.0390625 0.0390625
0 0.2890625 0.00390625 0.0390625 0.0390625
0 0.296875 0.02734375 0.0390625 0.0390625
0 0.296875 0.05078125 0.0390625 0.0390625
0 0.296875 0.07421875 0.0390625 0.0390625
0 0.69921875 0.0859375 0.0390625 0.0390625
0 0.69921875 0.08984375 0.0390625 0.0390625
0 0.29296875 0.1171875 0.0390625 0.0390625
0 0.296875 0.1171875 0.0390625 0.0390625
0 0.29296875 0.12109375 0.0390625 0.0390625
0 0.296875 0.12109375 0.0390625 0.0390625
0 0.828125 0.40234375 0.0390625 0.0390625
0 0.828125 0.40625 0.0390625 0.0390625
0 0.6796875 0.421875 0.0390625 0.0390625
0 0.68359375 0.421875 0.0390625 0.0390625
0 0.66796875 0.515625 0.0390625 0.0390625
0 0.671875 0.515625 0.0390625 0.0390625
0 0.66796875 0.51953125 0.0390625 0.0390625
0 0.671875 0.51953125 0.0390625 0.0390625
