0 0.453125 0.17578125 0.0390625 0.0390625
0 0.89453125 0.6796875 0.0390625 0.0390625
0 0.8984375 0.6796875 0.0390625 0.0390625
0 0.3671875 0.71484375 0.0390625 0.0390625
0 0.3671875 0.71875 0.0390625 0.0390625
0 0.36328125 0.7421875 0.0390625 0.0390625
0 0.36328125 0.74609375 0.0390625 0.0390625
0 0.359375 0.78515625 0.0390625 0.0390625
0 0.359375 0.80859375 0.0390625 0.0390625
0 0.359375 0.8125 0.0390625 0.0390625
0 0.77734375 0.8125 0.0390625 0.0390625
0 0.359375 0.83203125 0.0390625 0.0390625
0 0.359375 0.8359375 0.0390625 0.0390625
0 0.4765625 0.93359375 0.0390625 0.0390625
0 0.48046875 0.93359375 0.0390625 0.0390625
0 0.3515625 0.9453125 0.0390625 0.0390625
0 0.3515625 0.94921875 0.0390625 0.0390625
0 0.50390625 0.96875 0.0390625 0.0390625
0 0.5234375 0.96875 0.0390625 0.0390625
0 0.54296875 0.96875 0.0390625 0.0390625
0 0.54296875 0.97265625 0.0390625 0.0390625
