0 0.34375 0.01171875 0.0390625 0.0390625
0 0.34765625 0.01171875 0.0390625 0.0390625
0 0.34375 0.015625 0.0390625 0.0390625
0 0.34765625 0.015625 0.0390625 0.0390625
0 0.34765625 0.0390625 0.0390625 0.0390625
0 0.34375 0.0625 0.0390625 0.0390625
0 0.34375 0.06640625 0.0390625 0.0390625
0 0.51953125 0.0703125 0.0390625 0.0390625
0 0.5234375 0.0703125 0.0390625 0.0390625
0 0.51953125 0.07421875 0.0390625 0.0390625
0 0.5234375 0.07421875 0.0390625 0.0390625
0 0.7109375 0.078125 0.0390625 0.0390625
0 0.71484375 0.078125 0.0390625 0.0390625
0 0.49609375 0.08203125 0.0390625 0.0390625
0 0.5 0.08203125 0.0390625 0.0390625
0 0.49609375 0.12109375 0.0390625 0.0390625
0 0.5 0.12109375 0.0390625 0.0390625
0 0.49609375 0.125 0.0390625 0.0390625
0 0.5 0.125 0.0390625 0.0390625
0 0.5390625 0.125 0.0390625 0.0390625
0 0.54296875 0.125 0.0390625 0.0390625
0 0.49609375 0.2265625 0.0390625 0.0390625
0 0.54296875 0.2265625 0.0390625 0.0390625
0 0.49609375 0.23046875 0.0390625 0.0390625
0 0.54296875 0.23046875 0.0390625 0.0390625
0 0.5625 0.23046875 0.0390625 0.0390625
0 0.6015625 0.23046875 0.0390625 0.0390625
0 0.60546875 0.23046875 0.0390625 0.0390625
0 0.5625 0.234375 0.0390625 0.0390625
0 0.47265625 0.26953125 0.0390625 0.0390625
0 0.4921875 0.26953125 0.0390625 0.0390625
0 0.49609375 0.26953125 0.0390625 0.0390625
0 0.47265625 0.2734375 0.0390625 0.0390625
0 0.4921875 0.2734375 0.0390625 0.0390625
0 0.49609375 0.2734375 0.0390625 0.0390625
0 0.55859375 0.2734375 0.0390625 0.0390625
0 0.5625 0.2734375 0.0390625 0.0390625
0 0.60546875 0.2734375 0.0390625 0.0390625
0 0.66796875 0.27734375 0.0390625 0.0390625
0 0.66796875 0.28125 0.0390625 0.0390625
