0 0.57421875 0.3828125 0.0390625 0.0390625
0 0.22265625 0.38671875 0.0390625 0.0390625
0 0.2265625 0.38671875 0.0390625 0.0390625
0 0.30859375 0.38671875 0.0390625 0.0390625
0 0.03125 0.390625 0.0390625 0.0390625
0 0.07421875 0.390625 0.0390625 0.0390625
0 0.078125 0.390625 0.0390625 0.0390625
0 0.30859375 0.390625 0.0390625 0.0390625
0 0.07421875 0.39453125 0.0390625 0.0390625
0 0.078125 0.39453125 0.0390625 0.0390625
0 0.0703125 0.4921875 0.0390625 0.0390625
0 0.07421875 0.4921875 0.0390625 0.0390625
0 0.1171875 0.4921875 0.0390625 0.0390625
0 0.1796875 0.4921875 0.0390625 0.0390625
0 0.0703125 0.49609375 0.0390625 0.0390625
0 0.07421875 0.49609375 0.0390625 0.0390625
0 0.1796875 0.49609375 0.0390625 0.0390625
0 0.5703125 0.546875 0.0390625 0.0390625
