0 0.50390625 0.3125 0.0390625 0.0390625
0 0.5078125 0.3125 0.0390625 0.0390625
0 0.50390625 0.31640625 0.0390625 0.0390625
0 0.5078125 0.31640625 0.0390625 0.0390625
0 0.5703125 0.31640625 0.0390625 0.0390625
0 0.52734375 0.4140625 0.0390625 0.0390625
0 0.50390625 0.421875 0.0390625 0.0390625
0 0.50390625 0.453125 0.0390625 0.0390625
0 0.50390625 0.45703125 0.0390625 0.0390625
0 0.38671875 0.73046875 0.0390625 0.0390625
0 0.5 0.75390625 0.0390625 0.0390625
0 0.50390625 0.75390625 0.0390625 0.0390625
0 0.56640625 0.84765625 0.0390625 0.0390625
0 0.56640625 0.8515625 0.0390625 0.0390625
0 0.82421875 0.890625 0.0390625 0.0390625
0 0.5859375 0.984375 0.0390625 0.0390625
0 0.609375 0.984375 0.0390625 0.0390625
0 0.6484375 0.98828125 0.0390625 0.0390625
0 0.65234375 0.98828125 0.0390625 0.0390625
0 0.62890625 0.9921875 0.0390625 0.0390625
0 0.6484375 0.9921875 0.0390625 0.0390625
0 0.65234375 0.9921875 0.0390625 0.0390625
