0 0.031446540880503145 0.41015625 0.06289308176100629 0.0390625
0 0.03773584905660377 0.41015625 0.06289308176100629 0.0390625
0 0.031446540880503145 0.4140625 0.06289308176100629 0.0390625
0 0.03773584905660377 0.4140625 0.06289308176100629 0.0390625
0 0.11320754716981132 0.546875 0.06289308176100629 0.0390625
0 0.11949685534591195 0.546875 0.06289308176100629 0.0390625
0 0.7924528301886793 0.5546875 0.06289308176100629 0.0390625
0 0.7924528301886793 0.55859375 0.06289308176100629 0.0390625
0 0.779874213836478 0.6328125 0.06289308176100629 0.0390625
0 0.7735849056603774 0.65234375 0.06289308176100629 0.0390625
0 0.7484276729559748 0.93359375 0.06289308176100629 0.0390625
0 0.7547169811320755 0.93359375 0.06289308176100629 0.0390625
0 0.9685534591194969 0.94140625 0.06289308176100629 0.0390625
0 0.9748427672955975 0.94140625 0.06289308176100629 0.0390625
