0 0.8671875 0.44921875 0.0390625 0.0390625
0 0.8671875 0.453125 0.0390625 0.0390625
0 0.859375 0.48046875 0.0390625 0.0390625
0 0.86328125 0.50390625 0.0390625 0.0390625
0 0.9140625 0.51171875 0.0390625 0.0390625
0 0.91796875 0.51171875 0.0390625 0.0390625
0 0.9140625 0.515625 0.0390625 0.0390625
0 0.91796875 0.515625 0.0390625 0.0390625
0 0.94140625 0.54296875 0.0390625 0.0390625
0 0.84375 0.546875 0.0390625 0.0390625
0 0.84765625 0.546875 0.0390625 0.0390625
0 0.890625 0.546875 0.0390625 0.0390625
0 0.94140625 0.546875 0.0390625 0.0390625
0 0.890625 0.56640625 0.0390625 0.0390625
0 0.93359375 0.56640625 0.0390625 0.0390625
0 0.9375 0.56640625 0.0390625 0.0390625
0 0.84765625 0.5703125 0.0390625 0.0390625
0 0.89453125 0.58203125 0.0390625 0.0390625
0 0.8984375 0.58203125 0.0390625 0.0390625
0 0.89453125 0.5859375 0.0390625 0.0390625
0 0.8984375 0.5859375 0.0390625 0.0390625
0 0.9375 0.5859375 0.0390625 0.0390625
0 0.84765625 0.58984375 0.0390625 0.0390625
0 0.88671875 0.60546875 0.0390625 0.0390625
0 0.93359375 0.60546875 0.0390625 0.0390625
0 0.9375 0.60546875 0.0390625 0.0390625
0 0.93359375 0.609375 0.0390625 0.0390625
0 0.9375 0.609375 0.0390625 0.0390625
0 0.83984375 0.625 0.0390625 0.0390625
0 0.8828125 0.625 0.0390625 0.0390625
0 0.9296875 0.625 0.0390625 0.0390625
0 0.93359375 0.625 0.0390625 0.0390625
0 0.9296875 0.62890625 0.0390625 0.0390625
0 0.93359375 0.62890625 0.0390625 0.0390625
0 0.83203125 0.64453125 0.0390625 0.0390625
0 0.8359375 0.64453125 0.0390625 0.0390625
0 0.88671875 0.64453125 0.0390625 0.0390625
0 0.93359375 0.64453125 0.0390625 0.0390625
0 0.83203125 0.6484375 0.0390625 0.0390625
0 0.8359375 0.6484375 0.0390625 0.0390625
0 0.88671875 0.6484375 0.0390625 0.0390625
0 0.875 0.66796875 0.0390625 0.0390625
0 0.87890625 0.66796875 0.0390625 0.0390625
0 0.93359375 0.66796875 0.0390625 0.0390625
0 0.8828125 0.69140625 0.0390625 0.0390625
0 0.88671875 0.69140625 0.0390625 0.0390625
0 0.93359375 0.69140625 0.0390625 0.0390625
0 0.88671875 0.7109375 0.0390625 0.0390625
0 0.9375 0.7109375 0.0390625 0.0390625
0 0.9375 0.71484375 0.0390625 0.0390625
0 0.8828125 0.734375 0.0390625 0.0390625
0 0.88671875 0.734375 0.0390625 0.0390625
0 0.9296875 0.734375 0.0390625 0.0390625
0 0.875 0.765625 0.0390625 0.0390625
