0 0.5234375 0.49609375 0.0390625 0.0390625
0 0.828125 0.609375 0.0390625 0.0390625
0 0.37109375 0.67578125 0.0390625 0.0390625
0 0.375 0.67578125 0.0390625 0.0390625
0 0.31640625 0.734375 0.0390625 0.0390625
0 0.69140625 0.75390625 0.0390625 0.0390625
0 0.6953125 0.75390625 0.0390625 0.0390625
0 0.9921875 0.78515625 0.0390625 0.0390625
0 0.99609375 0.78515625 0.0390625 0.0390625
0 0.37109375 0.7890625 0.0390625 0.0390625
0 0.375 0.7890625 0.0390625 0.0390625
0 0.9921875 0.7890625 0.0390625 0.0390625
0 0.99609375 0.7890625 0.0390625 0.0390625
0 0.37109375 0.79296875 0.0390625 0.0390625
0 0.375 0.79296875 0.0390625 0.0390625
0 0.515625 0.81640625 0.0390625 0.0390625
0 0.515625 0.8203125 0.0390625 0.0390625
0 0.9921875 0.83203125 0.0390625 0.0390625
0 0.99609375 0.83203125 0.0390625 0.0390625
0 0.70703125 0.83984375 0.0390625 0.0390625
0 0.7109375 0.83984375 0.0390625 0.0390625
0 0.828125 0.84375 0.0390625 0.0390625
0 0.87109375 0.84375 0.0390625 0.0390625
0 0.875 0.84375 0.0390625 0.0390625
0 0.828125 0.84765625 0.0390625 0.0390625
0 0.99609375 0.8515625 0.0390625 0.0390625
0 0.51953125 0.85546875 0.0390625 0.0390625
0 0.51953125 0.859375 0.0390625 0.0390625
0 0.82421875 0.86328125 0.0390625 0.0390625
0 0.875 0.86328125 0.0390625 0.0390625
0 0.82421875 0.8671875 0.0390625 0.0390625
0 0.875 0.8671875 0.0390625 0.0390625
0 0.98828125 0.87890625 0.0390625 0.0390625
0 0.9921875 0.87890625 0.0390625 0.0390625
0 0.6484375 0.94921875 0.0390625 0.0390625
0 0.6484375 0.953125 0.0390625 0.0390625
0 0.64453125 0.97265625 0.0390625 0.0390625
0 0.99609375 0.984375 0.0390625 0.0390625
0 0.703125 0.9921875 0.0390625 0.0390625
0 0.703125 0.99609375 0.0390625 0.0390625
