0 0.8364779874213837 0.0 0.06289308176100629 0.0390625
0 0.8427672955974843 0.0 0.06289308176100629 0.0390625
0 0.8364779874213837 0.00390625 0.06289308176100629 0.0390625
0 0.8427672955974843 0.00390625 0.06289308176100629 0.0390625
0 0.7358490566037735 0.69921875 0.06289308176100629 0.0390625
0 0.7358490566037735 0.703125 0.06289308176100629 0.0390625
0 0.5283018867924528 0.70703125 0.06289308176100629 0.0390625
0 0.7295597484276729 0.7265625 0.06289308176100629 0.0390625
0 0.5220125786163522 0.74609375 0.06289308176100629 0.0390625
0 0.5220125786163522 0.75 0.06289308176100629 0.0390625
0 0.018867924528301886 0.7578125 0.06289308176100629 0.0390625
0 0.018867924528301886 0.76171875 0.06289308176100629 0.0390625
0 0.5157232704402516 0.7890625 0.06289308176100629 0.0390625
0 0.5220125786163522 0.7890625 0.06289308176100629 0.0390625
0 0.7295597484276729 0.7890625 0.06289308176100629 0.0390625
0 0.7295597484276729 0.79296875 0.06289308176100629 0.0390625
0 0.5220125786163522 0.80859375 0.06289308176100629 0.0390625
0 0.5220125786163522 0.8125 0.06289308176100629 0.0390625
0 0.7295597484276729 0.8203125 0.06289308176100629 0.0390625
0 0.5220125786163522 0.83203125 0.06289308176100629 0.0390625
0 0.5283018867924528 0.83203125 0.06289308176100629 0.0390625
0 0.8490566037735849 0.8515625 0.06289308176100629 0.0390625
0 0.8867924528301887 0.8515625 0.06289308176100629 0.0390625
0 0.5220125786163522 0.85546875 0.06289308176100629 0.0390625
0 0.5283018867924528 0.85546875 0.06289308176100629 0.0390625
0 0.7421383647798742 0.85546875 0.06289308176100629 0.0390625
0 0.8176100628930818 0.85546875 0.06289308176100629 0.0390625
0 0.9559748427672956 0.85546875 0.06289308176100629 0.0390625
0 0.9874213836477987 0.85546875 0.06289308176100629 0.0390625
0 0.779874213836478 0.859375 0.06289308176100629 0.0390625
0 0.5157232704402516 0.87890625 0.06289308176100629 0.0390625
0 0.5220125786163522 0.87890625 0.06289308176100629 0.0390625
0 0.5220125786163522 0.8984375 0.06289308176100629 0.0390625
0 0.5220125786163522 0.90234375 0.06289308176100629 0.0390625
0 0.5220125786163522 0.91796875 0.06289308176100629 0.0390625
0 0.5220125786163522 0.921875 0.06289308176100629 0.0390625
0 0.5220125786163522 0.94140625 0.06289308176100629 0.0390625
0 0.5283018867924528 0.94140625 0.06289308176100629 0.0390625
0 0.5220125786163522 0.9609375 0.06289308176100629 0.0390625
0 0.5220125786163522 0.96484375 0.06289308176100629 0.0390625
0 0.7484276729559748 0.97265625 0.06289308176100629 0.0390625
0 0.779874213836478 0.9765625 0.06289308176100629 0.0390625
0 0.8113207547169812 0.9765625 0.06289308176100629 0.0390625
0 0.8427672955974843 0.9765625 0.06289308176100629 0.0390625
0 0.8490566037735849 0.9765625 0.06289308176100629 0.0390625
0 0.5220125786163522 0.984375 0.06289308176100629 0.0390625
0 0.5283018867924528 0.984375 0.06289308176100629 0.0390625
