0 0.515625 0.0 0.0390625 0.0390625
0 0.515625 0.00390625 0.0390625 0.0390625
0 0.65234375 0.01953125 0.0390625 0.0390625
0 0.65625 0.01953125 0.0390625 0.0390625
0 0.82421875 0.0390625 0.0390625 0.0390625
0 0.828125 0.0390625 0.0390625 0.0390625
0 0.82421875 0.04296875 0.0390625 0.0390625
0 0.828125 0.04296875 0.0390625 0.0390625
0 0.01171875 0.046875 0.0390625 0.0390625
0 0.515625 0.046875 0.0390625 0.0390625
0 0.64453125 0.05859375 0.0390625 0.0390625
0 0.69921875 0.05859375 0.0390625 0.0390625
0 0.703125 0.05859375 0.0390625 0.0390625
0 0.01953125 0.0625 0.0390625 0.0390625
0 0.01953125 0.06640625 0.0390625 0.0390625
0 0.515625 0.06640625 0.0390625 0.0390625
0 0.875 0.06640625 0.0390625 0.0390625
0 0.9921875 0.0703125 0.0390625 0.0390625
0 0.99609375 0.0703125 0.0390625 0.0390625
0 0.703125 0.08203125 0.0390625 0.0390625
0 0.703125 0.0859375 0.0390625 0.0390625
0 0.515625 0.08984375 0.0390625 0.0390625
0 0.64453125 0.1015625 0.0390625 0.0390625
0 0.69140625 0.1015625 0.0390625 0.0390625
0 0.69140625 0.10546875 0.0390625 0.0390625
0 0.515625 0.11328125 0.0390625 0.0390625
0 0.8671875 0.125 0.0390625 0.0390625
0 0.8671875 0.12890625 0.0390625 0.0390625
0 0.98828125 0.1328125 0.0390625 0.0390625
0 0.9921875 0.1328125 0.0390625 0.0390625
0 0.8671875 0.1484375 0.0390625 0.0390625
0 0.9921875 0.15625 0.0390625 0.0390625
0 0.65234375 0.16796875 0.0390625 0.0390625
0 0.8203125 0.171875 0.0390625 0.0390625
0 0.82421875 0.171875 0.0390625 0.0390625
0 0.51953125 0.17578125 0.0390625 0.0390625
0 0.51953125 0.1796875 0.0390625 0.0390625
0 0.6484375 0.19140625 0.0390625 0.0390625
0 0.69140625 0.2109375 0.0390625 0.0390625
0 0.82421875 0.2109375 0.0390625 0.0390625
0 0.828125 0.2109375 0.0390625 0.0390625
0 0.18359375 0.21484375 0.0390625 0.0390625
0 0.1875 0.21484375 0.0390625 0.0390625
0 0.8203125 0.23046875 0.0390625 0.0390625
0 0.86328125 0.234375 0.0390625 0.0390625
0 0.8671875 0.234375 0.0390625 0.0390625
0 0.515625 0.23828125 0.0390625 0.0390625
0 0.64453125 0.25390625 0.0390625 0.0390625
0 0.82421875 0.25390625 0.0390625 0.0390625
0 0.6953125 0.2734375 0.0390625 0.0390625
0 0.51171875 0.30078125 0.0390625 0.0390625
0 0.515625 0.30078125 0.0390625 0.0390625
0 0.51171875 0.3046875 0.0390625 0.0390625
0 0.515625 0.3046875 0.0390625 0.0390625
0 0.21484375 0.31640625 0.0390625 0.0390625
0 0.21875 0.31640625 0.0390625 0.0390625
0 0.26171875 0.31640625 0.0390625 0.0390625
0 0.64453125 0.31640625 0.0390625 0.0390625
0 0.6953125 0.31640625 0.0390625 0.0390625
0 0.26171875 0.3203125 0.0390625 0.0390625
0 0.64453125 0.3203125 0.0390625 0.0390625
0 0.8203125 0.3203125 0.0390625 0.0390625
0 0.5078125 0.328125 0.0390625 0.0390625
0 0.51171875 0.328125 0.0390625 0.0390625
0 0.69140625 0.3359375 0.0390625 0.0390625
0 0.87109375 0.33984375 0.0390625 0.0390625
0 0.640625 0.359375 0.0390625 0.0390625
0 0.51171875 0.3671875 0.0390625 0.0390625
0 0.51171875 0.37109375 0.0390625 0.0390625
0 0.6875 0.37890625 0.0390625 0.0390625
0 0.69140625 0.37890625 0.0390625 0.0390625
0 0.64453125 0.3828125 0.0390625 0.0390625
0 0.6484375 0.3828125 0.0390625 0.0390625
0 0.6875 0.3828125 0.0390625 0.0390625
0 0.69140625 0.3828125 0.0390625 0.0390625
0 0.64453125 0.38671875 0.0390625 0.0390625
0 0.6484375 0.38671875 0.0390625 0.0390625
0 0.51171875 0.390625 0.0390625 0.0390625
0 0.515625 0.390625 0.0390625 0.0390625
0 0.64453125 0.40234375 0.0390625 0.0390625
0 0.6875 0.40234375 0.0390625 0.0390625
0 0.8203125 0.40234375 0.0390625 0.0390625
0 0.44140625 0.40625 0.0390625 0.0390625
0 0.8203125 0.40625 0.0390625 0.0390625
0 0.30078125 0.41015625 0.0390625 0.0390625
0 0.3046875 0.41015625 0.0390625 0.0390625
0 0.51171875 0.41015625 0.0390625 0.0390625
0 0.6484375 0.42578125 0.0390625 0.0390625
0 0.69140625 0.42578125 0.0390625 0.0390625
0 0.86328125 0.42578125 0.0390625 0.0390625
0 0.8203125 0.4296875 0.0390625 0.0390625
0 0.6484375 0.44140625 0.0390625 0.0390625
0 0.6484375 0.4453125 0.0390625 0.0390625
0 0.8203125 0.4453125 0.0390625 0.0390625
0 0.6875 0.44921875 0.0390625 0.0390625
0 0.69140625 0.44921875 0.0390625 0.0390625
0 0.8203125 0.44921875 0.0390625 0.0390625
0 0.859375 0.44921875 0.0390625 0.0390625
0 0.86328125 0.44921875 0.0390625 0.0390625
0 0.984375 0.453125 0.0390625 0.0390625
0 0.98828125 0.453125 0.0390625 0.0390625
0 0.44140625 0.45703125 0.0390625 0.0390625
0 0.65234375 0.46875 0.0390625 0.0390625
0 0.6875 0.46875 0.0390625 0.0390625
0 0.81640625 0.46875 0.0390625 0.0390625
0 0.65234375 0.47265625 0.0390625 0.0390625
0 0.6875 0.47265625 0.0390625 0.0390625
0 0.81640625 0.47265625 0.0390625 0.0390625
0 0.859375 0.47265625 0.0390625 0.0390625
0 0.86328125 0.47265625 0.0390625 0.0390625
0 0.98828125 0.484375 0.0390625 0.0390625
0 0.98828125 0.48828125 0.0390625 0.0390625
0 0.98828125 0.5078125 0.0390625 0.0390625
0 0.9921875 0.5078125 0.0390625 0.0390625
0 0.46875 0.90625 0.0390625 0.0390625
0 0.46875 0.9296875 0.0390625 0.0390625
0 0.46875 0.953125 0.0390625 0.0390625
0 0.47265625 0.953125 0.0390625 0.0390625
0 0.46875 0.9765625 0.0390625 0.0390625
0 0.46875 0.98046875 0.0390625 0.0390625
0 0.59765625 0.98828125 0.0390625 0.0390625
0 0.6015625 0.98828125 0.0390625 0.0390625
