0 0.23828125 0.30078125 0.0390625 0.0390625
0 0.29296875 0.30078125 0.0390625 0.0390625
0 0.23828125 0.3046875 0.0390625 0.0390625
0 0.29296875 0.3046875 0.0390625 0.0390625
0 0.19921875 0.3203125 0.0390625 0.0390625
0 0.7265625 0.40234375 0.0390625 0.0390625
0 0.7265625 0.4453125 0.0390625 0.0390625
0 0.73046875 0.4453125 0.0390625 0.0390625
0 0.76953125 0.4453125 0.0390625 0.0390625
0 0.7734375 0.4453125 0.0390625 0.0390625
0 0.7265625 0.44921875 0.0390625 0.0390625
0 0.73046875 0.44921875 0.0390625 0.0390625
0 0.7265625 0.54296875 0.0390625 0.0390625
0 0.73046875 0.54296875 0.0390625 0.0390625
0 0.76953125 0.54296875 0.0390625 0.0390625
0 0.79296875 0.54296875 0.0390625 0.0390625
0 0.796875 0.54296875 0.0390625 0.0390625
0 0.7265625 0.546875 0.0390625 0.0390625
0 0.73046875 0.546875 0.0390625 0.0390625
0 0.79296875 0.546875 0.0390625 0.0390625
0 0.796875 0.546875 0.0390625 0.0390625
0 0.453125 0.56640625 0.0390625 0.0390625
0 0.45703125 0.56640625 0.0390625 0.0390625
0 0.56640625 0.734375 0.0390625 0.0390625
