0 0.42578125 0.0 0.0390625 0.0390625
0 0.4296875 0.0 0.0390625 0.0390625
0 0.42578125 0.00390625 0.0390625 0.0390625
0 0.4296875 0.00390625 0.0390625 0.0390625
0 0.5625 0.01171875 0.0390625 0.0390625
0 0.46875 0.02734375 0.0390625 0.0390625
0 0.56640625 0.03125 0.0390625 0.0390625
0 0.5703125 0.03125 0.0390625 0.0390625
0 0.609375 0.03515625 0.0390625 0.0390625
0 0.46875 0.046875 0.0390625 0.0390625
0 0.46875 0.05078125 0.0390625 0.0390625
0 0.5703125 0.05859375 0.0390625 0.0390625
0 0.57421875 0.05859375 0.0390625 0.0390625
0 0.5703125 0.08203125 0.0390625 0.0390625
0 0.75 0.09375 0.0390625 0.0390625
0 0.5703125 0.1015625 0.0390625 0.0390625
0 0.57421875 0.1015625 0.0390625 0.0390625
0 0.5703125 0.10546875 0.0390625 0.0390625
0 0.57421875 0.10546875 0.0390625 0.0390625
0 0.60546875 0.109375 0.0390625 0.0390625
0 0.609375 0.109375 0.0390625 0.0390625
0 0.60546875 0.11328125 0.0390625 0.0390625
0 0.609375 0.11328125 0.0390625 0.0390625
0 0.5625 0.1328125 0.0390625 0.0390625
0 0.56640625 0.1328125 0.0390625 0.0390625
0 0.5625 0.13671875 0.0390625 0.0390625
0 0.56640625 0.13671875 0.0390625 0.0390625
0 0.56640625 0.15625 0.0390625 0.0390625
0 0.75390625 0.15625 0.0390625 0.0390625
0 0.56640625 0.16015625 0.0390625 0.0390625
0 0.609375 0.16015625 0.0390625 0.0390625
0 0.75390625 0.16015625 0.0390625 0.0390625
0 0.42578125 0.17578125 0.0390625 0.0390625
0 0.4296875 0.17578125 0.0390625 0.0390625
0 0.42578125 0.1796875 0.0390625 0.0390625
0 0.4296875 0.1796875 0.0390625 0.0390625
0 0.609375 0.1875 0.0390625 0.0390625
0 0.5703125 0.203125 0.0390625 0.0390625
0 0.57421875 0.203125 0.0390625 0.0390625
0 0.5703125 0.20703125 0.0390625 0.0390625
0 0.57421875 0.20703125 0.0390625 0.0390625
0 0.609375 0.2109375 0.0390625 0.0390625
0 0.46484375 0.22265625 0.0390625 0.0390625
0 0.75 0.24609375 0.0390625 0.0390625
0 0.46484375 0.2734375 0.0390625 0.0390625
0 0.56640625 0.28125 0.0390625 0.0390625
0 0.5703125 0.28125 0.0390625 0.0390625
0 0.30859375 0.28515625 0.0390625 0.0390625
0 0.3125 0.28515625 0.0390625 0.0390625
0 0.56640625 0.28515625 0.0390625 0.0390625
0 0.5703125 0.28515625 0.0390625 0.0390625
0 0.30859375 0.2890625 0.0390625 0.0390625
0 0.3125 0.2890625 0.0390625 0.0390625
0 0.46484375 0.296875 0.0390625 0.0390625
0 0.46484375 0.30078125 0.0390625 0.0390625
0 0.6015625 0.3359375 0.0390625 0.0390625
0 0.60546875 0.3359375 0.0390625 0.0390625
0 0.46875 0.33984375 0.0390625 0.0390625
0 0.61328125 0.35546875 0.0390625 0.0390625
0 0.75 0.35546875 0.0390625 0.0390625
0 0.75390625 0.35546875 0.0390625 0.0390625
0 0.61328125 0.359375 0.0390625 0.0390625
0 0.46484375 0.36328125 0.0390625 0.0390625
0 0.46484375 0.3671875 0.0390625 0.0390625
0 0.7421875 0.375 0.0390625 0.0390625
0 0.6015625 0.390625 0.0390625 0.0390625
0 0.921875 0.390625 0.0390625 0.0390625
0 0.6015625 0.39453125 0.0390625 0.0390625
0 0.83984375 0.39453125 0.0390625 0.0390625
0 0.84375 0.39453125 0.0390625 0.0390625
0 0.87109375 0.39453125 0.0390625 0.0390625
0 0.8984375 0.39453125 0.0390625 0.0390625
0 0.921875 0.39453125 0.0390625 0.0390625
0 0.97265625 0.39453125 0.0390625 0.0390625
0 0.81640625 0.3984375 0.0390625 0.0390625
0 0.8203125 0.3984375 0.0390625 0.0390625
0 0.94140625 0.3984375 0.0390625 0.0390625
0 0.9453125 0.3984375 0.0390625 0.0390625
0 0.97265625 0.3984375 0.0390625 0.0390625
0 0.5625 0.41015625 0.0390625 0.0390625
0 0.60546875 0.4140625 0.0390625 0.0390625
0 0.46875 0.41796875 0.0390625 0.0390625
0 0.4609375 0.4453125 0.0390625 0.0390625
0 0.74609375 0.45703125 0.0390625 0.0390625
0 0.81640625 0.48828125 0.0390625 0.0390625
0 0.81640625 0.4921875 0.0390625 0.0390625
0 0.84375 0.4921875 0.0390625 0.0390625
0 0.8984375 0.4921875 0.0390625 0.0390625
0 0.92578125 0.4921875 0.0390625 0.0390625
0 0.84375 0.49609375 0.0390625 0.0390625
0 0.92578125 0.49609375 0.0390625 0.0390625
0 0.97265625 0.49609375 0.0390625 0.0390625
0 0.6015625 0.5 0.0390625 0.0390625
0 0.60546875 0.5 0.0390625 0.0390625
0 0.56640625 0.515625 0.0390625 0.0390625
0 0.5703125 0.515625 0.0390625 0.0390625
0 0.74609375 0.51953125 0.0390625 0.0390625
0 0.83984375 0.5390625 0.0390625 0.0390625
0 0.8671875 0.5390625 0.0390625 0.0390625
0 0.89453125 0.5390625 0.0390625 0.0390625
0 0.94140625 0.5390625 0.0390625 0.0390625
0 0.96875 0.5390625 0.0390625 0.0390625
0 0.99609375 0.5390625 0.0390625 0.0390625
0 0.74609375 0.54296875 0.0390625 0.0390625
0 0.75 0.54296875 0.0390625 0.0390625
0 0.91796875 0.54296875 0.0390625 0.0390625
0 0.921875 0.54296875 0.0390625 0.0390625
0 0.99609375 0.54296875 0.0390625 0.0390625
0 0.74609375 0.62890625 0.0390625 0.0390625
0 0.83984375 0.6328125 0.0390625 0.0390625
0 0.89453125 0.6328125 0.0390625 0.0390625
0 0.97265625 0.6328125 0.0390625 0.0390625
0 0.9765625 0.6328125 0.0390625 0.0390625
0 0.91796875 0.63671875 0.0390625 0.0390625
0 0.921875 0.63671875 0.0390625 0.0390625
0 0.9453125 0.63671875 0.0390625 0.0390625
0 0.97265625 0.63671875 0.0390625 0.0390625
0 0.9765625 0.63671875 0.0390625 0.0390625
0 0.83203125 0.67578125 0.0390625 0.0390625
0 0.8984375 0.67578125 0.0390625 0.0390625
0 0.85546875 0.68359375 0.0390625 0.0390625
0 0.92578125 0.7109375 0.0390625 0.0390625
0 0.73828125 0.71484375 0.0390625 0.0390625
0 0.796875 0.71484375 0.0390625 0.0390625
0 0.92578125 0.71484375 0.0390625 0.0390625
0 0.92578125 0.734375 0.0390625 0.0390625
0 0.80078125 0.75390625 0.0390625 0.0390625
0 0.92578125 0.75390625 0.0390625 0.0390625
0 0.9296875 0.75390625 0.0390625 0.0390625
0 0.80078125 0.7578125 0.0390625 0.0390625
0 0.796875 0.77734375 0.0390625 0.0390625
0 0.59765625 0.796875 0.0390625 0.0390625
0 0.796875 0.796875 0.0390625 0.0390625
0 0.796875 0.80078125 0.0390625 0.0390625
0 0.92578125 0.80078125 0.0390625 0.0390625
0 0.7421875 0.8203125 0.0390625 0.0390625
0 0.74609375 0.8203125 0.0390625 0.0390625
0 0.92578125 0.8203125 0.0390625 0.0390625
0 0.92578125 0.82421875 0.0390625 0.0390625
0 0.74609375 0.83984375 0.0390625 0.0390625
0 0.74609375 0.84375 0.0390625 0.0390625
0 0.59375 0.84765625 0.0390625 0.0390625
0 0.59765625 0.84765625 0.0390625 0.0390625
0 0.59765625 0.875 0.0390625 0.0390625
0 0.80078125 0.8828125 0.0390625 0.0390625
0 0.734375 0.91015625 0.0390625 0.0390625
0 0.109375 0.95703125 0.0390625 0.0390625
0 0.15234375 0.95703125 0.0390625 0.0390625
0 0.44921875 0.95703125 0.0390625 0.0390625
0 0.453125 0.95703125 0.0390625 0.0390625
0 0.109375 0.9609375 0.0390625 0.0390625
0 0.28125 0.9609375 0.0390625 0.0390625
0 0.28125 0.96484375 0.0390625 0.0390625
0 0.4921875 0.98046875 0.0390625 0.0390625
