0 0.0 0.39453125 0.0390625 0.0390625
0 0.0234375 0.39453125 0.0390625 0.0390625
0 0.0234375 0.3984375 0.0390625 0.0390625
0 0.3046875 0.41796875 0.0390625 0.0390625
0 0.34765625 0.421875 0.0390625 0.0390625
0 0.296875 0.48828125 0.0390625 0.0390625
0 0.0 0.4921875 0.0390625 0.0390625
0 0.00390625 0.4921875 0.0390625 0.0390625
0 0.02734375 0.4921875 0.0390625 0.0390625
0 0.05078125 0.49609375 0.0390625 0.0390625
0 0.0546875 0.49609375 0.0390625 0.0390625
0 0.296875 0.51171875 0.0390625 0.0390625
0 0.34765625 0.51171875 0.0390625 0.0390625
0 0.046875 0.53515625 0.0390625 0.0390625
0 0.296875 0.53515625 0.0390625 0.0390625
0 0.01953125 0.5390625 0.0390625 0.0390625
0 0.33984375 0.5390625 0.0390625 0.0390625
0 0.07421875 0.54296875 0.0390625 0.0390625
0 0.33984375 0.5625 0.0390625 0.0390625
0 0.296875 0.578125 0.0390625 0.0390625
0 0.29296875 0.60546875 0.0390625 0.0390625
0 0.3359375 0.60546875 0.0390625 0.0390625
0 0.29296875 0.609375 0.0390625 0.0390625
0 0.3359375 0.609375 0.0390625 0.0390625
0 0.0546875 0.6328125 0.0390625 0.0390625
0 0.0 0.63671875 0.0390625 0.0390625
0 0.00390625 0.63671875 0.0390625 0.0390625
0 0.07421875 0.63671875 0.0390625 0.0390625
0 0.0 0.640625 0.0390625 0.0390625
0 0.00390625 0.640625 0.0390625 0.0390625
0 0.0234375 0.640625 0.0390625 0.0390625
0 0.02734375 0.640625 0.0390625 0.0390625
