0 0.046875 0.00390625 0.0390625 0.0390625
0 0.05078125 0.00390625 0.0390625 0.0390625
0 0.94140625 0.04296875 0.0390625 0.0390625
0 0.9453125 0.04296875 0.0390625 0.0390625
0 0.94140625 0.046875 0.0390625 0.0390625
0 0.9453125 0.046875 0.0390625 0.0390625
0 0.6875 0.4375 0.0390625 0.0390625
0 0.69140625 0.4375 0.0390625 0.0390625
0 0.91796875 0.75390625 0.0390625 0.0390625
0 0.0546875 0.95703125 0.0390625 0.0390625
0 0.05859375 0.95703125 0.0390625 0.0390625
0 0.03515625 0.96484375 0.0390625 0.0390625
0 0.0390625 0.96484375 0.0390625 0.0390625
