0 0.03515625 0.11320754716981132 0.0390625 0.06289308176100629
0 0.0390625 0.11320754716981132 0.0390625 0.06289308176100629
0 0.078125 0.11949685534591195 0.0390625 0.06289308176100629
0 0.09765625 0.11949685534591195 0.0390625 0.06289308176100629
0 0.23046875 0.18867924528301888 0.0390625 0.06289308176100629
0 0.234375 0.18867924528301888 0.0390625 0.06289308176100629
0 0.0546875 0.1949685534591195 0.0390625 0.06289308176100629
0 0.27734375 0.1949685534591195 0.0390625 0.06289308176100629
0 0.33984375 0.1949685534591195 0.0390625 0.06289308176100629
0 0.0078125 0.20125786163522014 0.0390625 0.06289308176100629
0 0.01171875 0.20125786163522014 0.0390625 0.06289308176100629
0 0.0546875 0.20125786163522014 0.0390625 0.06289308176100629
0 0.07421875 0.20125786163522014 0.0390625 0.06289308176100629
0 0.078125 0.20125786163522014 0.0390625 0.06289308176100629
0 0.09765625 0.20125786163522014 0.0390625 0.06289308176100629
0 0.3828125 0.20125786163522014 0.0390625 0.06289308176100629
0 0.38671875 0.20125786163522014 0.0390625 0.06289308176100629
0 0.07421875 0.20754716981132076 0.0390625 0.06289308176100629
0 0.078125 0.20754716981132076 0.0390625 0.06289308176100629
0 0.09765625 0.20754716981132076 0.0390625 0.06289308176100629
0 0.04296875 0.3710691823899371 0.0390625 0.06289308176100629
0 0.28125 0.5911949685534591 0.0390625 0.06289308176100629
0 0.28125 0.5974842767295597 0.0390625 0.06289308176100629
0 0.3984375 0.6415094339622641 0.0390625 0.06289308176100629
0 0.3984375 0.6477987421383647 0.0390625 0.06289308176100629
0 0.3984375 0.6792452830188679 0.0390625 0.06289308176100629
0 0.40234375 0.6792452830188679 0.0390625 0.06289308176100629
0 0.2734375 0.6855345911949685 0.0390625 0.06289308176100629
0 0.2734375 0.6918238993710691 0.0390625 0.06289308176100629
0 0.39453125 0.7421383647798742 0.0390625 0.06289308176100629
0 0.39453125 0.7484276729559748 0.0390625 0.06289308176100629
0 0.875 0.7547169811320755 0.0390625 0.06289308176100629
0 0.87890625 0.7547169811320755 0.0390625 0.06289308176100629
0 0.875 0.7610062893081762 0.0390625 0.06289308176100629
0 0.87890625 0.7610062893081762 0.0390625 0.06289308176100629
0 0.39453125 0.8176100628930818 0.0390625 0.06289308176100629
0 0.203125 0.8553459119496856 0.0390625 0.06289308176100629
0 0.390625 0.8742138364779874 0.0390625 0.06289308176100629
0 0.390625 0.8805031446540881 0.0390625 0.06289308176100629
0 0.6640625 0.89937106918239 0.0390625 0.06289308176100629
0 0.38671875 0.9182389937106918 0.0390625 0.06289308176100629
0 0.390625 0.9559748427672956 0.0390625 0.06289308176100629
0 0.3828125 0.9874213836477987 0.0390625 0.06289308176100629
0 0.38671875 0.9874213836477987 0.0390625 0.06289308176100629
