0 0.1484375 0.5345911949685535 0.0390625 0.06289308176100629
0 0.1484375 0.5786163522012578 0.0390625 0.06289308176100629
0 0.15234375 0.5786163522012578 0.0390625 0.06289308176100629
0 0.1484375 0.5849056603773585 0.0390625 0.06289308176100629
0 0.15234375 0.5849056603773585 0.0390625 0.06289308176100629
0 0.1484375 0.6226415094339622 0.0390625 0.06289308176100629
0 0.1484375 0.660377358490566 0.0390625 0.06289308176100629
0 0.15234375 0.660377358490566 0.0390625 0.06289308176100629
0 0.1484375 0.6666666666666666 0.0390625 0.06289308176100629
0 0.15234375 0.6666666666666666 0.0390625 0.06289308176100629
0 0.14453125 0.7044025157232704 0.0390625 0.06289308176100629
0 0.1484375 0.7044025157232704 0.0390625 0.06289308176100629
