0 0.48828125 0.050314465408805034 0.0390625 0.06289308176100629
0 0.14453125 0.11949685534591195 0.0390625 0.06289308176100629
0 0.1484375 0.11949685534591195 0.0390625 0.06289308176100629
0 0.48828125 0.18867924528301888 0.0390625 0.06289308176100629
0 0.48828125 0.2578616352201258 0.0390625 0.06289308176100629
0 0.4921875 0.2578616352201258 0.0390625 0.06289308176100629
0 0.60546875 0.2578616352201258 0.0390625 0.06289308176100629
0 0.4921875 0.2893081761006289 0.0390625 0.06289308176100629
0 0.6015625 0.3584905660377358 0.0390625 0.06289308176100629
0 0.4921875 0.4276729559748428 0.0390625 0.06289308176100629
0 0.203125 0.4339622641509434 0.0390625 0.06289308176100629
0 0.203125 0.44025157232704404 0.0390625 0.06289308176100629
0 0.48828125 0.4591194968553459 0.0390625 0.06289308176100629
0 0.48828125 0.46540880503144655 0.0390625 0.06289308176100629
0 0.484375 0.4968553459119497 0.0390625 0.06289308176100629
0 0.48828125 0.4968553459119497 0.0390625 0.06289308176100629
0 0.48828125 0.6037735849056604 0.0390625 0.06289308176100629
0 0.3046875 0.8238993710691824 0.0390625 0.06289308176100629
0 0.3046875 0.8301886792452831 0.0390625 0.06289308176100629
