0 0.5703125 0.6640625 0.0390625 0.0390625
0 0.57421875 0.6640625 0.0390625 0.0390625
0 0.421875 0.66796875 0.0390625 0.0390625
0 0.5703125 0.66796875 0.0390625 0.0390625
0 0.57421875 0.66796875 0.0390625 0.0390625
0 0.8203125 0.8046875 0.0390625 0.0390625
0 0.546875 0.80859375 0.0390625 0.0390625
0 0.9921875 0.8125 0.0390625 0.0390625
0 0.55859375 0.9453125 0.0390625 0.0390625
0 0.5625 0.9453125 0.0390625 0.0390625
0 0.75390625 0.9453125 0.0390625 0.0390625
0 0.7734375 0.9453125 0.0390625 0.0390625
0 0.96484375 0.9453125 0.0390625 0.0390625
0 0.96875 0.9453125 0.0390625 0.0390625
0 0.55859375 0.94921875 0.0390625 0.0390625
0 0.5625 0.94921875 0.0390625 0.0390625
0 0.75390625 0.94921875 0.0390625 0.0390625
0 0.7734375 0.94921875 0.0390625 0.0390625
0 0.96484375 0.94921875 0.0390625 0.0390625
0 0.96875 0.94921875 0.0390625 0.0390625
0 0.8359375 0.953125 0.0390625 0.0390625
0 0.83984375 0.953125 0.0390625 0.0390625
0 0.9453125 0.953125 0.0390625 0.0390625
