0 0.46484375 0.1953125 0.0390625 0.0390625
0 0.46484375 0.19921875 0.0390625 0.0390625
0 0.4609375 0.22265625 0.0390625 0.0390625
0 0.46484375 0.22265625 0.0390625 0.0390625
0 0.44921875 0.2421875 0.0390625 0.0390625
0 0.44921875 0.24609375 0.0390625 0.0390625
0 0.45703125 0.265625 0.0390625 0.0390625
0 0.48828125 0.26953125 0.0390625 0.0390625
0 0.578125 0.27734375 0.0390625 0.0390625
0 0.45703125 0.28125 0.0390625 0.0390625
0 0.578125 0.28125 0.0390625 0.0390625
0 0.45703125 0.28515625 0.0390625 0.0390625
0 0.4453125 0.3046875 0.0390625 0.0390625
0 0.47265625 0.95703125 0.0390625 0.0390625
0 0.4765625 0.95703125 0.0390625 0.0390625
0 0.47265625 0.9609375 0.0390625 0.0390625
0 0.4765625 0.9609375 0.0390625 0.0390625
