0 0.86328125 0.01171875 0.0390625 0.0390625
0 0.1953125 0.08203125 0.0390625 0.0390625
0 0.19921875 0.08203125 0.0390625 0.0390625
0 0.1953125 0.0859375 0.0390625 0.0390625
0 0.19921875 0.0859375 0.0390625 0.0390625
0 0.67578125 0.1640625 0.0390625 0.0390625
0 0.67578125 0.16796875 0.0390625 0.0390625
0 0.1796875 0.24609375 0.0390625 0.0390625
0 0.2734375 0.24609375 0.0390625 0.0390625
0 0.1796875 0.25 0.0390625 0.0390625
0 0.84375 0.5390625 0.0390625 0.0390625
0 0.84765625 0.5390625 0.0390625 0.0390625
