0 0.53125 0.0 0.0390625 0.0390625
0 0.671875 0.0 0.0390625 0.0390625
0 0.78515625 0.0 0.0390625 0.0390625
0 0.4765625 0.03515625 0.0390625 0.0390625
0 0.48046875 0.03515625 0.0390625 0.0390625
0 0.82421875 0.03515625 0.0390625 0.0390625
0 0.828125 0.03515625 0.0390625 0.0390625
0 0.82421875 0.0390625 0.0390625 0.0390625
0 0.828125 0.0390625 0.0390625 0.0390625
0 0.91796875 0.0390625 0.0390625 0.0390625
0 0.48828125 0.0625 0.0390625 0.0390625
0 0.8671875 0.06640625 0.0390625 0.0390625
0 0.87109375 0.06640625 0.0390625 0.0390625
0 0.8359375 0.0703125 0.0390625 0.0390625
0 0.8125 0.078125 0.0390625 0.0390625
0 0.91796875 0.08203125 0.0390625 0.0390625
0 0.921875 0.08203125 0.0390625 0.0390625
0 0.796875 0.11328125 0.0390625 0.0390625
0 0.796875 0.1171875 0.0390625 0.0390625
0 0.50390625 0.12109375 0.0390625 0.0390625
0 0.44140625 0.125 0.0390625 0.0390625
0 0.50390625 0.125 0.0390625 0.0390625
0 0.4609375 0.171875 0.0390625 0.0390625
0 0.46484375 0.171875 0.0390625 0.0390625
0 0.4609375 0.17578125 0.0390625 0.0390625
0 0.46484375 0.17578125 0.0390625 0.0390625
0 0.98828125 0.7890625 0.0390625 0.0390625
0 0.98828125 0.79296875 0.0390625 0.0390625
