0 0.546875 0.24609375 0.0390625 0.0390625
0 0.55078125 0.24609375 0.0390625 0.0390625
0 0.125 0.35546875 0.0390625 0.0390625
0 0.55078125 0.4609375 0.0390625 0.0390625
0 0.55078125 0.46484375 0.0390625 0.0390625
0 0.5546875 0.48828125 0.0390625 0.0390625
0 0.36328125 0.51953125 0.0390625 0.0390625
0 0.2890625 0.5703125 0.0390625 0.0390625
0 0.2421875 0.578125 0.0390625 0.0390625
0 0.24609375 0.578125 0.0390625 0.0390625
0 0.41796875 0.61328125 0.0390625 0.0390625
0 0.36328125 0.8515625 0.0390625 0.0390625
