0 0.20703125 0.03125 0.0390625 0.0390625
0 0.46484375 0.03515625 0.0390625 0.0390625
0 0.46484375 0.0390625 0.0390625 0.0390625
0 0.5078125 0.0390625 0.0390625 0.0390625
0 0.51171875 0.0390625 0.0390625 0.0390625
0 0.640625 0.0390625 0.0390625 0.0390625
0 0.5546875 0.04296875 0.0390625 0.0390625
0 0.875 0.04296875 0.0390625 0.0390625
0 0.6796875 0.046875 0.0390625 0.0390625
0 0.68359375 0.046875 0.0390625 0.0390625
0 0.7265625 0.046875 0.0390625 0.0390625
0 0.8125 0.046875 0.0390625 0.0390625
0 0.984375 0.05078125 0.0390625 0.0390625
0 0.984375 0.0546875 0.0390625 0.0390625
0 0.31640625 0.08984375 0.0390625 0.0390625
0 0.9140625 0.09375 0.0390625 0.0390625
0 0.91796875 0.09375 0.0390625 0.0390625
0 0.26953125 0.16796875 0.0390625 0.0390625
0 0.26953125 0.171875 0.0390625 0.0390625
0 0.3515625 0.171875 0.0390625 0.0390625
0 0.8046875 0.23046875 0.0390625 0.0390625
0 0.80859375 0.23046875 0.0390625 0.0390625
0 0.3984375 0.4609375 0.0390625 0.0390625
0 0.5859375 0.4609375 0.0390625 0.0390625
0 0.609375 0.4609375 0.0390625 0.0390625
0 0.61328125 0.4609375 0.0390625 0.0390625
0 0.92578125 0.48828125 0.0390625 0.0390625
0 0.9296875 0.48828125 0.0390625 0.0390625
0 0.94921875 0.48828125 0.0390625 0.0390625
0 0.62109375 0.6875 0.0390625 0.0390625
0 0.6484375 0.6875 0.0390625 0.0390625
0 0.65234375 0.6875 0.0390625 0.0390625
0 0.671875 0.6875 0.0390625 0.0390625
0 0.6953125 0.6875 0.0390625 0.0390625
0 0.69921875 0.6875 0.0390625 0.0390625
0 0.62109375 0.69140625 0.0390625 0.0390625
0 0.6484375 0.69140625 0.0390625 0.0390625
0 0.65234375 0.69140625 0.0390625 0.0390625
0 0.671875 0.69140625 0.0390625 0.0390625
0 0.6953125 0.69140625 0.0390625 0.0390625
0 0.69921875 0.69140625 0.0390625 0.0390625
0 0.7578125 0.703125 0.0390625 0.0390625
0 0.78125 0.703125 0.0390625 0.0390625
0 0.78125 0.70703125 0.0390625 0.0390625
0 0.6484375 0.734375 0.0390625 0.0390625
0 0.65234375 0.734375 0.0390625 0.0390625
0 0.6484375 0.73828125 0.0390625 0.0390625
0 0.65234375 0.73828125 0.0390625 0.0390625
0 0.734375 0.76171875 0.0390625 0.0390625
0 0.7578125 0.76171875 0.0390625 0.0390625
0 0.78125 0.76171875 0.0390625 0.0390625
0 0.78125 0.765625 0.0390625 0.0390625
0 0.94140625 0.890625 0.0390625 0.0390625
0 0.94140625 0.89453125 0.0390625 0.0390625
0 0.89453125 0.921875 0.0390625 0.0390625
0 0.89453125 0.92578125 0.0390625 0.0390625
0 0.9375 0.92578125 0.0390625 0.0390625
0 0.95703125 0.92578125 0.0390625 0.0390625
0 0.9140625 0.9296875 0.0390625 0.0390625
0 0.91796875 0.9296875 0.0390625 0.0390625
