0 0.38671875 0.3584905660377358 0.0390625 0.06289308176100629
0 0.390625 0.3584905660377358 0.0390625 0.06289308176100629
0 0.38671875 0.36477987421383645 0.0390625 0.06289308176100629
0 0.390625 0.36477987421383645 0.0390625 0.06289308176100629
0 0.49609375 0.6037735849056604 0.0390625 0.06289308176100629
0 0.32421875 0.610062893081761 0.0390625 0.06289308176100629
0 0.32421875 0.6163522012578616 0.0390625 0.06289308176100629
0 0.72265625 0.7169811320754716 0.0390625 0.06289308176100629
0 0.7265625 0.7169811320754716 0.0390625 0.06289308176100629
0 0.72265625 0.7232704402515723 0.0390625 0.06289308176100629
0 0.7265625 0.7232704402515723 0.0390625 0.06289308176100629
0 0.3125 0.8364779874213837 0.0390625 0.06289308176100629
0 0.31640625 0.8364779874213837 0.0390625 0.06289308176100629
0 0.3203125 0.8742138364779874 0.0390625 0.06289308176100629
0 0.4921875 0.9056603773584906 0.0390625 0.06289308176100629
0 0.4453125 0.9245283018867925 0.0390625 0.06289308176100629
0 0.4453125 0.9308176100628931 0.0390625 0.06289308176100629
0 0.34765625 0.9811320754716981 0.0390625 0.06289308176100629
0 0.34765625 0.9874213836477987 0.0390625 0.06289308176100629
