0 0.8046875 0.0234375 0.0390625 0.0390625
0 0.921875 0.25390625 0.0390625 0.0390625
0 0.921875 0.2578125 0.0390625 0.0390625
0 0.953125 0.26953125 0.0390625 0.0390625
0 0.95703125 0.26953125 0.0390625 0.0390625
0 0.984375 0.2734375 0.0390625 0.0390625
0 0.50390625 0.28125 0.0390625 0.0390625
0 0.99609375 0.29296875 0.0390625 0.0390625
0 0.53125 0.32421875 0.0390625 0.0390625
0 0.47265625 0.33203125 0.0390625 0.0390625
0 0.47265625 0.34765625 0.0390625 0.0390625
0 0.4765625 0.34765625 0.0390625 0.0390625
0 0.47265625 0.3515625 0.0390625 0.0390625
0 0.4765625 0.3515625 0.0390625 0.0390625
0 0.55078125 0.36328125 0.0390625 0.0390625
0 0.5546875 0.36328125 0.0390625 0.0390625
0 0.55078125 0.3671875 0.0390625 0.0390625
0 0.5546875 0.3671875 0.0390625 0.0390625
0 0.51171875 0.39453125 0.0390625 0.0390625
0 0.515625 0.4140625 0.0390625 0.0390625
0 0.53515625 0.4453125 0.0390625 0.0390625
0 0.5390625 0.4453125 0.0390625 0.0390625
0 0.53515625 0.44921875 0.0390625 0.0390625
0 0.5390625 0.44921875 0.0390625 0.0390625
0 0.8828125 0.484375 0.0390625 0.0390625
0 0.8828125 0.48828125 0.0390625 0.0390625
0 0.89453125 0.734375 0.0390625 0.0390625
0 0.89453125 0.73828125 0.0390625 0.0390625
