0 0.15625 0.6015625 0.0390625 0.0390625
0 0.25390625 0.625 0.0390625 0.0390625
0 0.25390625 0.62890625 0.0390625 0.0390625
0 0.12109375 0.703125 0.0390625 0.0390625
0 0.12109375 0.70703125 0.0390625 0.0390625
0 0.109375 0.7265625 0.0390625 0.0390625
0 0.11328125 0.7265625 0.0390625 0.0390625
0 0.1640625 0.77734375 0.0390625 0.0390625
0 0.30078125 0.83203125 0.0390625 0.0390625
0 0.21875 0.89453125 0.0390625 0.0390625
0 0.3515625 0.90625 0.0390625 0.0390625
0 0.21484375 0.95703125 0.0390625 0.0390625
0 0.21875 0.95703125 0.0390625 0.0390625
0 0.8203125 0.98046875 0.0390625 0.0390625
