0 0.7421875 0.07421875 0.0390625 0.0390625
0 0.1875 0.15234375 0.0390625 0.0390625
0 0.1875 0.15625 0.0390625 0.0390625
0 0.234375 0.15625 0.0390625 0.0390625
0 0.27734375 0.16015625 0.0390625 0.0390625
0 0.73828125 0.1640625 0.0390625 0.0390625
0 0.58984375 0.40234375 0.0390625 0.0390625
0 0.58984375 0.40625 0.0390625 0.0390625
0 0.6328125 0.40625 0.0390625 0.0390625
0 0.9921875 0.41015625 0.0390625 0.0390625
0 0.99609375 0.41015625 0.0390625 0.0390625
0 0.78515625 0.44140625 0.0390625 0.0390625
0 0.5234375 0.4453125 0.0390625 0.0390625
0 0.52734375 0.4453125 0.0390625 0.0390625
0 0.78515625 0.4453125 0.0390625 0.0390625
0 0.5234375 0.44921875 0.0390625 0.0390625
0 0.52734375 0.44921875 0.0390625 0.0390625
0 0.546875 0.44921875 0.0390625 0.0390625
0 0.51171875 0.453125 0.0390625 0.0390625
0 0.359375 0.45703125 0.0390625 0.0390625
0 0.51171875 0.45703125 0.0390625 0.0390625
0 0.58984375 0.4609375 0.0390625 0.0390625
0 0.60546875 0.46484375 0.0390625 0.0390625
0 0.00390625 0.57421875 0.0390625 0.0390625
0 0.0078125 0.62109375 0.0390625 0.0390625
0 0.01171875 0.62109375 0.0390625 0.0390625
0 0.0 0.7109375 0.0390625 0.0390625
0 0.0 0.71484375 0.0390625 0.0390625
0 0.0 0.76171875 0.0390625 0.0390625
