0 0.0625 0.71484375 0.0390625 0.0390625
0 0.06640625 0.71484375 0.0390625 0.0390625
0 0.0625 0.71875 0.0390625 0.0390625
0 0.06640625 0.71875 0.0390625 0.0390625
0 0.33203125 0.76171875 0.0390625 0.0390625
0 0.359375 0.76171875 0.0390625 0.0390625
0 0.37890625 0.765625 0.0390625 0.0390625
0 0.40234375 0.765625 0.0390625 0.0390625
0 0.40625 0.765625 0.0390625 0.0390625
0 0.42578125 0.765625 0.0390625 0.0390625
0 0.44921875 0.765625 0.0390625 0.0390625
0 0.40234375 0.76953125 0.0390625 0.0390625
0 0.40625 0.76953125 0.0390625 0.0390625
0 0.42578125 0.76953125 0.0390625 0.0390625
0 0.484375 0.7734375 0.0390625 0.0390625
0 0.48828125 0.7734375 0.0390625 0.0390625
0 0.51171875 0.7734375 0.0390625 0.0390625
