0 0.34375 0.11328125 0.0390625 0.0390625
0 0.5078125 0.12109375 0.0390625 0.0390625
0 0.50390625 0.14453125 0.0390625 0.0390625
0 0.5078125 0.14453125 0.0390625 0.0390625
0 0.765625 0.6953125 0.0390625 0.0390625
0 0.765625 0.69921875 0.0390625 0.0390625
0 0.82421875 0.69921875 0.0390625 0.0390625
0 0.875 0.71484375 0.0390625 0.0390625
0 0.875 0.71875 0.0390625 0.0390625
0 0.921875 0.72265625 0.0390625 0.0390625
0 0.92578125 0.72265625 0.0390625 0.0390625
0 0.94921875 0.72265625 0.0390625 0.0390625
0 0.9765625 0.72265625 0.0390625 0.0390625
0 0.76953125 0.8203125 0.0390625 0.0390625
