0 0.17578125 0.0625 0.0390625 0.0390625
0 0.14453125 0.06640625 0.0390625 0.0390625
0 0.17578125 0.06640625 0.0390625 0.0390625
0 0.32421875 0.0703125 0.0390625 0.0390625
0 0.328125 0.0703125 0.0390625 0.0390625
0 0.4140625 0.3359375 0.0390625 0.0390625
0 0.4765625 0.4375 0.0390625 0.0390625
0 0.60546875 0.4375 0.0390625 0.0390625
0 0.6328125 0.4375 0.0390625 0.0390625
0 0.4140625 0.484375 0.0390625 0.0390625
0 0.29296875 0.48828125 0.0390625 0.0390625
0 0.4140625 0.48828125 0.0390625 0.0390625
0 0.29296875 0.4921875 0.0390625 0.0390625
0 0.1328125 0.96484375 0.0390625 0.0390625
0 0.12890625 0.9921875 0.0390625 0.0390625
