0 0.9609375 0.1949685534591195 0.0390625 0.06289308176100629
0 0.38671875 0.6855345911949685 0.0390625 0.06289308176100629
0 0.53515625 0.6855345911949685 0.0390625 0.06289308176100629
0 0.4921875 0.6918238993710691 0.0390625 0.06289308176100629
0 0.53515625 0.6918238993710691 0.0390625 0.06289308176100629
0 0.88671875 0.7610062893081762 0.0390625 0.06289308176100629
0 0.67578125 0.8364779874213837 0.0390625 0.06289308176100629
0 0.67578125 0.8427672955974843 0.0390625 0.06289308176100629
0 0.36328125 0.8553459119496856 0.0390625 0.06289308176100629
0 0.3671875 0.8553459119496856 0.0390625 0.06289308176100629
0 0.36328125 0.8616352201257862 0.0390625 0.06289308176100629
0 0.3671875 0.8616352201257862 0.0390625 0.06289308176100629
0 0.67578125 0.8679245283018868 0.0390625 0.06289308176100629
0 0.67578125 0.9308176100628931 0.0390625 0.06289308176100629
0 0.671875 0.9622641509433962 0.0390625 0.06289308176100629
0 0.67578125 0.9622641509433962 0.0390625 0.06289308176100629
0 0.90234375 0.9937106918238994 0.0390625 0.06289308176100629
