0 0.61328125 0.6171875 0.0390625 0.0390625
0 0.59765625 0.62890625 0.0390625 0.0390625
0 0.16796875 0.8046875 0.0390625 0.0390625
0 0.171875 0.8046875 0.0390625 0.0390625
0 0.8046875 0.83203125 0.0390625 0.0390625
0 0.1875 0.89453125 0.0390625 0.0390625
0 0.2890625 0.8984375 0.0390625 0.0390625
0 0.9140625 0.90625 0.0390625 0.0390625
0 0.23828125 0.91015625 0.0390625 0.0390625
0 0.2421875 0.91015625 0.0390625 0.0390625
0 0.23828125 0.9140625 0.0390625 0.0390625
0 0.2421875 0.9140625 0.0390625 0.0390625
0 0.3046875 0.91796875 0.0390625 0.0390625
0 0.3046875 0.921875 0.0390625 0.0390625
0 0.21484375 0.93359375 0.0390625 0.0390625
0 0.21875 0.93359375 0.0390625 0.0390625
0 0.8125 0.95703125 0.0390625 0.0390625
0 0.81640625 0.95703125 0.0390625 0.0390625
