0 0.75 0.16796875 0.0390625 0.0390625
0 0.19921875 0.30859375 0.0390625 0.0390625
0 0.08203125 0.703125 0.0390625 0.0390625
0 0.05078125 0.7109375 0.0390625 0.0390625
0 0.21484375 0.7109375 0.0390625 0.0390625
0 0.5 0.71484375 0.0390625 0.0390625
0 0.47265625 0.71875 0.0390625 0.0390625
0 0.4765625 0.71875 0.0390625 0.0390625
0 0.5 0.71875 0.0390625 0.0390625
0 0.01953125 0.7265625 0.0390625 0.0390625
0 0.10546875 0.73828125 0.0390625 0.0390625
0 0.109375 0.73828125 0.0390625 0.0390625
0 0.25 0.78515625 0.0390625 0.0390625
0 0.25390625 0.78515625 0.0390625 0.0390625
0 0.25 0.7890625 0.0390625 0.0390625
0 0.25390625 0.7890625 0.0390625 0.0390625
0 0.41796875 0.93359375 0.0390625 0.0390625
0 0.421875 0.93359375 0.0390625 0.0390625
