0 0.16796875 0.08176100628930817 0.0390625 0.06289308176100629
0 0.88671875 0.09433962264150944 0.0390625 0.06289308176100629
0 0.890625 0.09433962264150944 0.0390625 0.06289308176100629
0 0.75 0.14465408805031446 0.0390625 0.06289308176100629
0 0.125 0.16981132075471697 0.0390625 0.06289308176100629
0 0.21875 0.16981132075471697 0.0390625 0.06289308176100629
0 0.22265625 0.16981132075471697 0.0390625 0.06289308176100629
0 0.91015625 0.1949685534591195 0.0390625 0.06289308176100629
0 0.89453125 0.2641509433962264 0.0390625 0.06289308176100629
0 0.8984375 0.2641509433962264 0.0390625 0.06289308176100629
0 0.76953125 0.3270440251572327 0.0390625 0.06289308176100629
0 0.9375 0.4025157232704403 0.0390625 0.06289308176100629
0 0.2734375 0.4339622641509434 0.0390625 0.06289308176100629
0 0.9140625 0.44025157232704404 0.0390625 0.06289308176100629
0 0.73046875 0.5031446540880503 0.0390625 0.06289308176100629
0 0.953125 0.5345911949685535 0.0390625 0.06289308176100629
0 0.953125 0.5408805031446541 0.0390625 0.06289308176100629
0 0.90625 0.5471698113207547 0.0390625 0.06289308176100629
0 0.91015625 0.5471698113207547 0.0390625 0.06289308176100629
0 0.90625 0.5534591194968553 0.0390625 0.06289308176100629
0 0.91015625 0.5534591194968553 0.0390625 0.06289308176100629
0 0.90625 0.5911949685534591 0.0390625 0.06289308176100629
0 0.26953125 0.6666666666666666 0.0390625 0.06289308176100629
0 0.26953125 0.6729559748427673 0.0390625 0.06289308176100629
0 0.796875 0.6792452830188679 0.0390625 0.06289308176100629
0 0.796875 0.6855345911949685 0.0390625 0.06289308176100629
0 0.3203125 0.7295597484276729 0.0390625 0.06289308176100629
0 0.1640625 0.7672955974842768 0.0390625 0.06289308176100629
0 0.1640625 0.7735849056603774 0.0390625 0.06289308176100629
0 0.73828125 0.7735849056603774 0.0390625 0.06289308176100629
0 0.21484375 0.8113207547169812 0.0390625 0.06289308176100629
0 0.21875 0.8113207547169812 0.0390625 0.06289308176100629
0 0.26953125 0.8113207547169812 0.0390625 0.06289308176100629
0 0.21484375 0.9056603773584906 0.0390625 0.06289308176100629
0 0.21484375 0.9119496855345912 0.0390625 0.06289308176100629
0 0.73046875 0.949685534591195 0.0390625 0.06289308176100629
0 0.73046875 0.9559748427672956 0.0390625 0.06289308176100629
