0 0.609375 0.671875 0.0390625 0.0390625
0 0.37109375 0.6875 0.0390625 0.0390625
0 0.375 0.6875 0.0390625 0.0390625
0 0.41015625 0.81640625 0.0390625 0.0390625
0 0.1328125 0.83203125 0.0390625 0.0390625
0 0.62890625 0.85546875 0.0390625 0.0390625
0 0.4140625 0.859375 0.0390625 0.0390625
0 0.62890625 0.859375 0.0390625 0.0390625
0 0.4140625 0.88671875 0.0390625 0.0390625
0 0.41796875 0.88671875 0.0390625 0.0390625
0 0.4140625 0.890625 0.0390625 0.0390625
0 0.41796875 0.890625 0.0390625 0.0390625
0 0.421875 0.921875 0.0390625 0.0390625
0 0.42578125 0.96484375 0.0390625 0.0390625
0 0.890625 0.96875 0.0390625 0.0390625
0 0.890625 0.97265625 0.0390625 0.0390625
