0 0.42578125 0.00390625 0.0390625 0.0390625
0 0.42578125 0.0078125 0.0390625 0.0390625
0 0.44921875 0.05078125 0.0390625 0.0390625
0 0.43359375 0.09765625 0.0390625 0.0390625
0 0.6484375 0.09765625 0.0390625 0.0390625
0 0.65234375 0.09765625 0.0390625 0.0390625
0 0.4375 0.13671875 0.0390625 0.0390625
0 0.44140625 0.13671875 0.0390625 0.0390625
0 0.65234375 0.16015625 0.0390625 0.0390625
0 0.65625 0.16015625 0.0390625 0.0390625
0 0.4453125 0.171875 0.0390625 0.0390625
0 0.44921875 0.1953125 0.0390625 0.0390625
0 0.453125 0.1953125 0.0390625 0.0390625
0 0.6640625 0.1953125 0.0390625 0.0390625
0 0.6640625 0.19921875 0.0390625 0.0390625
0 0.44921875 0.22265625 0.0390625 0.0390625
0 0.44921875 0.26171875 0.0390625 0.0390625
0 0.6640625 0.28125 0.0390625 0.0390625
0 0.66796875 0.28125 0.0390625 0.0390625
0 0.453125 0.296875 0.0390625 0.0390625
0 0.453125 0.32421875 0.0390625 0.0390625
0 0.453125 0.328125 0.0390625 0.0390625
