0 0.66015625 0.0390625 0.0390625 0.0390625
0 0.8828125 0.2734375 0.0390625 0.0390625
0 0.88671875 0.2734375 0.0390625 0.0390625
0 0.890625 0.3046875 0.0390625 0.0390625
0 0.8828125 0.51171875 0.0390625 0.0390625
0 0.88671875 0.51171875 0.0390625 0.0390625
0 0.87890625 0.5390625 0.0390625 0.0390625
0 0.8828125 0.5390625 0.0390625 0.0390625
0 0.890625 0.62109375 0.0390625 0.0390625
0 0.89453125 0.62109375 0.0390625 0.0390625
0 0.890625 0.625 0.0390625 0.0390625
0 0.89453125 0.625 0.0390625 0.0390625
0 0.8984375 0.765625 0.0390625 0.0390625
0 0.8984375 0.76953125 0.0390625 0.0390625
