0 0.875 0.05859375 0.01953125 0.01953125
0 0.953125 0.15625 0.01953125 0.01953125
0 0.7734375 0.21484375 0.01953125 0.01953125
0 0.7734375 0.21875 0.01953125 0.01953125
0 0.74609375 0.4453125 0.01953125 0.01953125
0 0.8671875 0.44921875 0.01953125 0.01953125
0 0.8671875 0.453125 0.01953125 0.01953125
0 0.66015625 0.4765625 0.01953125 0.01953125
0 0.94140625 0.57421875 0.01953125 0.01953125
0 0.83203125 0.61328125 0.01953125 0.01953125
0 0.83203125 0.6171875 0.01953125 0.01953125
0 0.734375 0.640625 0.01953125 0.01953125
0 0.75 0.81640625 0.01953125 0.01953125
