0 0.2265625 0.5390625 0.01953125 0.01953125
0 0.23046875 0.5390625 0.01953125 0.01953125
0 0.2265625 0.54296875 0.01953125 0.01953125
0 0.23046875 0.54296875 0.01953125 0.01953125
0 0.28125 0.55078125 0.01953125 0.01953125
0 0.29296875 0.5546875 0.01953125 0.01953125
0 0.47265625 0.8671875 0.01953125 0.01953125
0 0.484375 0.8671875 0.01953125 0.01953125
0 0.49609375 0.8671875 0.01953125 0.01953125
0 0.5 0.8671875 0.01953125 0.01953125
0 0.47265625 0.87109375 0.01953125 0.01953125
0 0.5078125 0.87109375 0.01953125 0.01953125
0 0.62890625 0.8984375 0.01953125 0.01953125
0 0.74609375 0.8984375 0.01953125 0.01953125
0 0.75 0.8984375 0.01953125 0.01953125
0 0.4140625 0.93359375 0.01953125 0.01953125
0 0.4140625 0.9375 0.01953125 0.01953125
0 0.7421875 0.9375 0.01953125 0.01953125
0 0.78125 0.9375 0.01953125 0.01953125
0 0.78515625 0.9375 0.01953125 0.01953125
0 0.83203125 0.9375 0.01953125 0.01953125
0 0.921875 0.9375 0.01953125 0.01953125
0 0.8984375 0.94140625 0.01953125 0.01953125
0 0.90234375 0.94140625 0.01953125 0.01953125
0 0.734375 0.94921875 0.01953125 0.01953125
0 0.73828125 0.94921875 0.01953125 0.01953125
0 0.78515625 0.94921875 0.01953125 0.01953125
0 0.83203125 0.94921875 0.01953125 0.01953125
0 0.89453125 0.94921875 0.01953125 0.01953125
0 0.92578125 0.94921875 0.01953125 0.01953125
0 0.92578125 0.953125 0.01953125 0.01953125
0 0.734375 0.95703125 0.01953125 0.01953125
0 0.73828125 0.95703125 0.01953125 0.01953125
0 0.7890625 0.9609375 0.01953125 0.01953125
0 0.83203125 0.9609375 0.01953125 0.01953125
0 0.8984375 0.9609375 0.01953125 0.01953125
0 0.91796875 0.9609375 0.01953125 0.01953125
0 0.734375 0.96875 0.01953125 0.01953125
0 0.73828125 0.96875 0.01953125 0.01953125
0 0.8984375 0.97265625 0.01953125 0.01953125
0 0.921875 0.97265625 0.01953125 0.01953125
0 0.78515625 0.98046875 0.01953125 0.01953125
0 0.73828125 0.98828125 0.01953125 0.01953125
0 0.71875 0.99609375 0.01953125 0.01953125
