0 0.73828125 0.0 0.01953125 0.01953125
0 0.7421875 0.0 0.01953125 0.01953125
0 0.71875 0.0078125 0.01953125 0.01953125
0 0.71484375 0.01953125 0.01953125 0.01953125
0 0.73046875 0.02734375 0.01953125 0.01953125
0 0.734375 0.02734375 0.01953125 0.01953125
0 0.71484375 0.046875 0.01953125 0.01953125
0 0.4140625 0.16796875 0.01953125 0.01953125
0 0.46875 0.16796875 0.01953125 0.01953125
0 0.39453125 0.171875 0.01953125 0.01953125
0 0.4140625 0.171875 0.01953125 0.01953125
0 0.46484375 0.1796875 0.01953125 0.01953125
0 0.41015625 0.18359375 0.01953125 0.01953125
0 0.4140625 0.18359375 0.01953125 0.01953125
0 0.4140625 0.1875 0.01953125 0.01953125
0 0.4140625 0.19140625 0.01953125 0.01953125
0 0.46875 0.19140625 0.01953125 0.01953125
0 0.48828125 0.19140625 0.01953125 0.01953125
0 0.390625 0.19921875 0.01953125 0.01953125
0 0.4140625 0.19921875 0.01953125 0.01953125
0 0.48828125 0.19921875 0.01953125 0.01953125
0 0.390625 0.203125 0.01953125 0.01953125
0 0.4140625 0.203125 0.01953125 0.01953125
0 0.48828125 0.203125 0.01953125 0.01953125
0 0.41796875 0.2109375 0.01953125 0.01953125
0 0.46875 0.2109375 0.01953125 0.01953125
0 0.48828125 0.2109375 0.01953125 0.01953125
0 0.48828125 0.21484375 0.01953125 0.01953125
0 0.46484375 0.22265625 0.01953125 0.01953125
0 0.48828125 0.22265625 0.01953125 0.01953125
0 0.48828125 0.2265625 0.01953125 0.01953125
0 0.4140625 0.2734375 0.01953125 0.01953125
0 0.4609375 0.2734375 0.01953125 0.01953125
0 0.484375 0.2734375 0.01953125 0.01953125
0 0.48828125 0.2734375 0.01953125 0.01953125
0 0.484375 0.27734375 0.01953125 0.01953125
0 0.48828125 0.27734375 0.01953125 0.01953125
0 0.88671875 0.28125 0.01953125 0.01953125
0 0.48828125 0.28515625 0.01953125 0.01953125
0 0.5390625 0.28515625 0.01953125 0.01953125
0 0.90625 0.28515625 0.01953125 0.01953125
0 0.91015625 0.28515625 0.01953125 0.01953125
0 0.4140625 0.296875 0.01953125 0.01953125
0 0.48828125 0.30859375 0.01953125 0.01953125
0 0.484375 0.328125 0.01953125 0.01953125
0 0.4609375 0.3359375 0.01953125 0.01953125
0 0.4609375 0.33984375 0.01953125 0.01953125
0 0.4609375 0.4609375 0.01953125 0.01953125
