0 0.15625 0.140625 0.01953125 0.01953125
0 0.16015625 0.16015625 0.01953125 0.01953125
0 0.1484375 0.20703125 0.01953125 0.01953125
0 0.625 0.2109375 0.01953125 0.01953125
0 0.97265625 0.23046875 0.01953125 0.01953125
0 0.9765625 0.23046875 0.01953125 0.01953125
0 0.21875 0.234375 0.01953125 0.01953125
0 0.8671875 0.234375 0.01953125 0.01953125
0 0.16015625 0.2421875 0.01953125 0.01953125
0 0.82421875 0.32421875 0.01953125 0.01953125
0 0.47265625 0.3359375 0.01953125 0.01953125
0 0.28125 0.3515625 0.01953125 0.01953125
0 0.00390625 0.3984375 0.01953125 0.01953125
0 0.01171875 0.40625 0.01953125 0.01953125
0 0.01171875 0.41015625 0.01953125 0.01953125
0 0.12109375 0.4921875 0.01953125 0.01953125
0 0.703125 0.5 0.01953125 0.01953125
0 0.79296875 0.51171875 0.01953125 0.01953125
0 0.34375 0.53515625 0.01953125 0.01953125
0 0.05859375 0.58203125 0.01953125 0.01953125
0 0.0546875 0.58984375 0.01953125 0.01953125
0 0.73046875 0.58984375 0.01953125 0.01953125
0 0.0546875 0.59375 0.01953125 0.01953125
0 0.46875 0.62109375 0.01953125 0.01953125
0 0.15625 0.62890625 0.01953125 0.01953125
0 0.16796875 0.62890625 0.01953125 0.01953125
0 0.7578125 0.62890625 0.01953125 0.01953125
0 0.50390625 0.65625 0.01953125 0.01953125
0 0.75390625 0.69140625 0.01953125 0.01953125
0 0.3828125 0.78515625 0.01953125 0.01953125
0 0.3359375 0.79296875 0.01953125 0.01953125
0 0.421875 0.796875 0.01953125 0.01953125
0 0.4453125 0.8046875 0.01953125 0.01953125
0 0.46875 0.8203125 0.01953125 0.01953125
0 0.48828125 0.83984375 0.01953125 0.01953125
0 0.24609375 0.8515625 0.01953125 0.01953125
0 0.04296875 0.87890625 0.01953125 0.01953125
0 0.20703125 0.890625 0.01953125 0.01953125
0 0.94140625 0.90625 0.01953125 0.01953125
0 0.9453125 0.90625 0.01953125 0.01953125
0 0.2734375 0.91015625 0.01953125 0.01953125
0 0.2265625 0.921875 0.01953125 0.01953125
0 0.26953125 0.9296875 0.01953125 0.01953125
0 0.1953125 0.953125 0.01953125 0.01953125
0 0.69140625 0.953125 0.01953125 0.01953125
0 0.6953125 0.953125 0.01953125 0.01953125
0 0.2734375 0.95703125 0.01953125 0.01953125
0 0.2734375 0.96875 0.01953125 0.01953125
0 0.2734375 0.9765625 0.01953125 0.01953125
0 0.2734375 0.98046875 0.01953125 0.01953125
0 0.47265625 0.98046875 0.01953125 0.01953125
0 0.2734375 0.98828125 0.01953125 0.01953125
