0 0.546875 0.078125 0.01953125 0.01953125
0 0.3515625 0.20703125 0.01953125 0.01953125
0 0.35546875 0.20703125 0.01953125 0.01953125
0 0.61328125 0.2421875 0.01953125 0.01953125
0 0.59375 0.28515625 0.01953125 0.01953125
0 0.84765625 0.296875 0.01953125 0.01953125
0 0.58984375 0.3125 0.01953125 0.01953125
0 0.9609375 0.390625 0.01953125 0.01953125
0 0.96484375 0.390625 0.01953125 0.01953125
0 0.875 0.3984375 0.01953125 0.01953125
0 0.875 0.4140625 0.01953125 0.01953125
0 0.6328125 0.625 0.01953125 0.01953125
0 0.6328125 0.62890625 0.01953125 0.01953125
0 0.11328125 0.640625 0.01953125 0.01953125
0 0.640625 0.66015625 0.01953125 0.01953125
0 0.62890625 0.6640625 0.01953125 0.01953125
0 0.41796875 0.66796875 0.01953125 0.01953125
0 0.4375 0.6875 0.01953125 0.01953125
0 0.59765625 0.703125 0.01953125 0.01953125
0 0.59765625 0.70703125 0.01953125 0.01953125
0 0.88671875 0.74609375 0.01953125 0.01953125
0 0.86328125 0.8828125 0.01953125 0.01953125
0 0.8828125 0.89453125 0.01953125 0.01953125
0 0.8828125 0.8984375 0.01953125 0.01953125
0 0.22265625 0.953125 0.01953125 0.01953125
0 0.421875 0.984375 0.01953125 0.01953125
0 0.2421875 0.98828125 0.01953125 0.01953125
0 0.24609375 0.98828125 0.01953125 0.01953125
