0 0.484375 0.0 0.01953125 0.01953125
0 0.58984375 0.0 0.01953125 0.01953125
0 0.59375 0.0 0.01953125 0.01953125
0 0.6875 0.0 0.01953125 0.01953125
0 0.69140625 0.0 0.01953125 0.01953125
0 0.67578125 0.00390625 0.01953125 0.01953125
0 0.12109375 0.0078125 0.01953125 0.01953125
0 0.12109375 0.01171875 0.01953125 0.01953125
0 0.11328125 0.046875 0.01953125 0.01953125
0 0.1015625 0.0625 0.01953125 0.01953125
0 0.1328125 0.0625 0.01953125 0.01953125
0 0.265625 0.09765625 0.01953125 0.01953125
0 0.375 0.1015625 0.01953125 0.01953125
0 0.24609375 0.11328125 0.01953125 0.01953125
0 0.71875 0.11328125 0.01953125 0.01953125
0 0.73046875 0.11328125 0.01953125 0.01953125
0 0.36328125 0.1484375 0.01953125 0.01953125
0 0.87890625 0.24609375 0.01953125 0.01953125
0 0.9375 0.26171875 0.01953125 0.01953125
0 0.94140625 0.26171875 0.01953125 0.01953125
0 0.94921875 0.26171875 0.01953125 0.01953125
0 0.9609375 0.26171875 0.01953125 0.01953125
0 0.96875 0.26171875 0.01953125 0.01953125
0 0.98046875 0.26171875 0.01953125 0.01953125
0 0.98828125 0.26171875 0.01953125 0.01953125
0 0.9921875 0.26171875 0.01953125 0.01953125
0 0.9609375 0.265625 0.01953125 0.01953125
0 0.96875 0.265625 0.01953125 0.01953125
0 0.9375 0.3125 0.01953125 0.01953125
0 0.94921875 0.3125 0.01953125 0.01953125
0 0.9609375 0.3125 0.01953125 0.01953125
0 0.96875 0.3125 0.01953125 0.01953125
0 0.98046875 0.3125 0.01953125 0.01953125
0 0.98828125 0.3125 0.01953125 0.01953125
0 0.9609375 0.31640625 0.01953125 0.01953125
0 0.96875 0.31640625 0.01953125 0.01953125
0 0.98046875 0.31640625 0.01953125 0.01953125
0 0.98828125 0.31640625 0.01953125 0.01953125
0 0.4296875 0.41796875 0.01953125 0.01953125
0 0.55078125 0.44140625 0.01953125 0.01953125
0 0.5625 0.44140625 0.01953125 0.01953125
0 0.5625 0.4453125 0.01953125 0.01953125
0 0.40234375 0.46484375 0.01953125 0.01953125
0 0.5625 0.46875 0.01953125 0.01953125
0 0.43359375 0.47265625 0.01953125 0.01953125
0 0.12109375 0.484375 0.01953125 0.01953125
0 0.98828125 0.5 0.01953125 0.01953125
0 0.59375 0.50390625 0.01953125 0.01953125
0 0.59375 0.5078125 0.01953125 0.01953125
0 0.9453125 0.5703125 0.01953125 0.01953125
0 0.953125 0.5703125 0.01953125 0.01953125
0 0.96484375 0.5703125 0.01953125 0.01953125
0 0.96875 0.5703125 0.01953125 0.01953125
0 0.96484375 0.57421875 0.01953125 0.01953125
0 0.96875 0.57421875 0.01953125 0.01953125
0 0.40625 0.59765625 0.01953125 0.01953125
0 0.109375 0.609375 0.01953125 0.01953125
0 0.65625 0.609375 0.01953125 0.01953125
0 0.41796875 0.61328125 0.01953125 0.01953125
0 0.93359375 0.625 0.01953125 0.01953125
0 0.953125 0.625 0.01953125 0.01953125
0 0.96484375 0.625 0.01953125 0.01953125
0 0.97265625 0.625 0.01953125 0.01953125
0 0.984375 0.625 0.01953125 0.01953125
0 0.99609375 0.62890625 0.01953125 0.01953125
0 0.2890625 0.66796875 0.01953125 0.01953125
0 0.96484375 0.77734375 0.01953125 0.01953125
0 0.9765625 0.8125 0.01953125 0.01953125
0 0.94921875 0.83984375 0.01953125 0.01953125
0 0.953125 0.83984375 0.01953125 0.01953125
0 0.09765625 0.84765625 0.01953125 0.01953125
