0 0.49609375 0.16796875 0.01953125 0.01953125
0 0.7578125 0.19921875 0.01953125 0.01953125
0 0.4375 0.2421875 0.01953125 0.01953125
0 0.9609375 0.265625 0.01953125 0.01953125
0 0.421875 0.26953125 0.01953125 0.01953125
0 0.42578125 0.28125 0.01953125 0.01953125
0 0.953125 0.28125 0.01953125 0.01953125
0 0.953125 0.28515625 0.01953125 0.01953125
0 0.41796875 0.30859375 0.01953125 0.01953125
0 0.40625 0.31640625 0.01953125 0.01953125
0 0.6875 0.37109375 0.01953125 0.01953125
0 0.109375 0.41015625 0.01953125 0.01953125
0 0.11328125 0.41015625 0.01953125 0.01953125
0 0.77734375 0.640625 0.01953125 0.01953125
0 0.00390625 0.6796875 0.01953125 0.01953125
0 0.04296875 0.79296875 0.01953125 0.01953125
0 0.75 0.83984375 0.01953125 0.01953125
0 0.75390625 0.83984375 0.01953125 0.01953125
0 0.484375 0.95703125 0.01953125 0.01953125
