0 0.45703125 0.0390625 0.01953125 0.01953125
0 0.4609375 0.0390625 0.01953125 0.01953125
0 0.04296875 0.04296875 0.01953125 0.01953125
0 0.8984375 0.12890625 0.01953125 0.01953125
0 0.87890625 0.140625 0.01953125 0.01953125
0 0.87890625 0.14453125 0.01953125 0.01953125
0 0.015625 0.16015625 0.01953125 0.01953125
0 0.1796875 0.16015625 0.01953125 0.01953125
0 0.1796875 0.1640625 0.01953125 0.01953125
0 0.8828125 0.171875 0.01953125 0.01953125
0 0.0234375 0.2109375 0.01953125 0.01953125
0 0.21875 0.2109375 0.01953125 0.01953125
0 0.68359375 0.33203125 0.01953125 0.01953125
0 0.68359375 0.3359375 0.01953125 0.01953125
0 0.69140625 0.33984375 0.01953125 0.01953125
0 0.71875 0.47265625 0.01953125 0.01953125
0 0.25 0.49609375 0.01953125 0.01953125
0 0.25 0.5 0.01953125 0.01953125
0 0.30078125 0.55859375 0.01953125 0.01953125
0 0.81640625 0.56640625 0.01953125 0.01953125
0 0.328125 0.5859375 0.01953125 0.01953125
0 0.2890625 0.6328125 0.01953125 0.01953125
0 0.3515625 0.71484375 0.01953125 0.01953125
0 0.109375 0.80078125 0.01953125 0.01953125
0 0.90234375 0.8046875 0.01953125 0.01953125
0 0.58984375 0.81640625 0.01953125 0.01953125
0 0.41015625 0.83984375 0.01953125 0.01953125
0 0.23046875 0.859375 0.01953125 0.01953125
0 0.6171875 0.8984375 0.01953125 0.01953125
0 0.62109375 0.8984375 0.01953125 0.01953125
0 0.734375 0.90625 0.01953125 0.01953125
0 0.96875 0.90625 0.01953125 0.01953125
0 0.98046875 0.90625 0.01953125 0.01953125
0 0.9921875 0.90625 0.01953125 0.01953125
0 0.5234375 0.94140625 0.01953125 0.01953125
