0 0.359375 0.00390625 0.01953125 0.01953125
0 0.2265625 0.3125 0.01953125 0.01953125
0 0.2265625 0.31640625 0.01953125 0.01953125
0 0.359375 0.37109375 0.01953125 0.01953125
0 0.85546875 0.375 0.01953125 0.01953125
0 0.375 0.390625 0.01953125 0.01953125
0 0.3828125 0.42578125 0.01953125 0.01953125
0 0.36328125 0.4375 0.01953125 0.01953125
0 0.3671875 0.4375 0.01953125 0.01953125
0 0.91796875 0.48046875 0.01953125 0.01953125
0 0.921875 0.48046875 0.01953125 0.01953125
0 0.9140625 0.4921875 0.01953125 0.01953125
0 0.9140625 0.49609375 0.01953125 0.01953125
0 0.0859375 0.65234375 0.01953125 0.01953125
0 0.359375 0.734375 0.01953125 0.01953125
0 0.34765625 0.73828125 0.01953125 0.01953125
0 0.3515625 0.73828125 0.01953125 0.01953125
0 0.44140625 0.7734375 0.01953125 0.01953125
0 0.32421875 0.7890625 0.01953125 0.01953125
0 0.328125 0.7890625 0.01953125 0.01953125
0 0.5390625 0.8046875 0.01953125 0.01953125
0 0.59765625 0.83984375 0.01953125 0.01953125
0 0.6015625 0.93359375 0.01953125 0.01953125
0 0.640625 0.93359375 0.01953125 0.01953125
0 0.64453125 0.93359375 0.01953125 0.01953125
