0 0.1484375 0.00390625 0.01953125 0.01953125
0 0.390625 0.015625 0.01953125 0.01953125
0 0.5546875 0.015625 0.01953125 0.01953125
0 0.4765625 0.01953125 0.01953125 0.01953125
0 0.1015625 0.06640625 0.01953125 0.01953125
0 0.58203125 0.078125 0.01953125 0.01953125
0 0.4453125 0.08984375 0.01953125 0.01953125
0 0.328125 0.1171875 0.01953125 0.01953125
0 0.33984375 0.125 0.01953125 0.01953125
0 0.37890625 0.125 0.01953125 0.01953125
0 0.3828125 0.125 0.01953125 0.01953125
0 0.20703125 0.1328125 0.01953125 0.01953125
0 0.2109375 0.1328125 0.01953125 0.01953125
0 0.86328125 0.234375 0.01953125 0.01953125
0 0.51953125 0.35546875 0.01953125 0.01953125
0 0.5234375 0.35546875 0.01953125 0.01953125
0 0.66015625 0.4453125 0.01953125 0.01953125
0 0.390625 0.4609375 0.01953125 0.01953125
0 0.39453125 0.4609375 0.01953125 0.01953125
0 0.49609375 0.4609375 0.01953125 0.01953125
0 0.3671875 0.47265625 0.01953125 0.01953125
0 0.37109375 0.47265625 0.01953125 0.01953125
0 0.69921875 0.4921875 0.01953125 0.01953125
0 0.7109375 0.4921875 0.01953125 0.01953125
0 0.859375 0.640625 0.01953125 0.01953125
0 0.15234375 0.64453125 0.01953125 0.01953125
0 0.15234375 0.6484375 0.01953125 0.01953125
0 0.4375 0.671875 0.01953125 0.01953125
0 0.27734375 0.73828125 0.01953125 0.01953125
0 0.15234375 0.75390625 0.01953125 0.01953125
0 0.859375 0.76171875 0.01953125 0.01953125
0 0.08984375 0.765625 0.01953125 0.01953125
0 0.58984375 0.80078125 0.01953125 0.01953125
0 0.15234375 0.8359375 0.01953125 0.01953125
0 0.859375 0.88671875 0.01953125 0.01953125
0 0.58984375 0.99609375 0.01953125 0.01953125
0 0.59375 0.99609375 0.01953125 0.01953125
