0 0.53125 0.13671875 0.01953125 0.01953125
0 0.53515625 0.13671875 0.01953125 0.01953125
0 0.64453125 0.15625 0.01953125 0.01953125
0 0.44140625 0.265625 0.01953125 0.01953125
0 0.37890625 0.32421875 0.01953125 0.01953125
0 0.3828125 0.32421875 0.01953125 0.01953125
0 0.46875 0.328125 0.01953125 0.01953125
0 0.46875 0.33203125 0.01953125 0.01953125
0 0.33203125 0.37109375 0.01953125 0.01953125
0 0.3359375 0.37109375 0.01953125 0.01953125
0 0.3125 0.390625 0.01953125 0.01953125
0 0.02734375 0.53515625 0.01953125 0.01953125
0 0.125 0.61328125 0.01953125 0.01953125
0 0.87890625 0.9453125 0.01953125 0.01953125
