0 0.12109375 0.03515625 0.01953125 0.01953125
0 0.125 0.03515625 0.01953125 0.01953125
0 0.3046875 0.0859375 0.01953125 0.01953125
0 0.296875 0.08984375 0.01953125 0.01953125
0 0.7109375 0.35546875 0.01953125 0.01953125
0 0.5390625 0.38671875 0.01953125 0.01953125
0 0.28125 0.51171875 0.01953125 0.01953125
0 0.3125 0.51171875 0.01953125 0.01953125
0 0.28515625 0.5234375 0.01953125 0.01953125
0 0.9375 0.52734375 0.01953125 0.01953125
0 0.9375 0.54296875 0.01953125 0.01953125
0 0.94140625 0.54296875 0.01953125 0.01953125
0 0.15625 0.546875 0.01953125 0.01953125
0 0.625 0.59765625 0.01953125 0.01953125
0 0.62109375 0.60546875 0.01953125 0.01953125
0 0.62109375 0.609375 0.01953125 0.01953125
0 0.6484375 0.70703125 0.01953125 0.01953125
0 0.1328125 0.75 0.01953125 0.01953125
0 0.1875 0.78125 0.01953125 0.01953125
0 0.0078125 0.89453125 0.01953125 0.01953125
