0 0.16015625 0.03515625 0.01953125 0.01953125
0 0.1640625 0.03515625 0.01953125 0.01953125
0 0.1484375 0.06640625 0.01953125 0.01953125
0 0.09375 0.1796875 0.01953125 0.01953125
0 0.0859375 0.19140625 0.01953125 0.01953125
0 0.08984375 0.19140625 0.01953125 0.01953125
0 0.0234375 0.25390625 0.01953125 0.01953125
0 0.23828125 0.36328125 0.01953125 0.01953125
0 0.97265625 0.5234375 0.01953125 0.01953125
0 0.296875 0.546875 0.01953125 0.01953125
0 0.31640625 0.55078125 0.01953125 0.01953125
0 0.59375 0.70703125 0.01953125 0.01953125
0 0.8046875 0.734375 0.01953125 0.01953125
0 0.90625 0.96484375 0.01953125 0.01953125
