0 0.1875 0.1171875 0.01953125 0.01953125
0 0.1875 0.12109375 0.01953125 0.01953125
0 0.53515625 0.37890625 0.01953125 0.01953125
0 0.5859375 0.4140625 0.01953125 0.01953125
0 0.58984375 0.4140625 0.01953125 0.01953125
0 0.11328125 0.58984375 0.01953125 0.01953125
0 0.13671875 0.59375 0.01953125 0.01953125
0 0.5390625 0.6953125 0.01953125 0.01953125
0 0.53515625 0.703125 0.01953125 0.01953125
0 0.53515625 0.70703125 0.01953125 0.01953125
0 0.4921875 0.71484375 0.01953125 0.01953125
0 0.60546875 0.8359375 0.01953125 0.01953125
