0 0.515625 0.04296875 0.01953125 0.01953125
0 0.51171875 0.0703125 0.01953125 0.01953125
0 0.5390625 0.078125 0.01953125 0.01953125
0 0.51171875 0.10546875 0.01953125 0.01953125
0 0.51171875 0.12890625 0.01953125 0.01953125
0 0.53515625 0.12890625 0.01953125 0.01953125
0 0.53515625 0.15234375 0.01953125 0.01953125
0 0.51171875 0.15625 0.01953125 0.01953125
0 0.53515625 0.15625 0.01953125 0.01953125
0 0.76171875 0.23828125 0.01953125 0.01953125
0 0.76953125 0.23828125 0.01953125 0.01953125
0 0.7890625 0.23828125 0.01953125 0.01953125
0 0.77734375 0.2421875 0.01953125 0.01953125
0 0.78125 0.2421875 0.01953125 0.01953125
0 0.8046875 0.2421875 0.01953125 0.01953125
0 0.80859375 0.2421875 0.01953125 0.01953125
0 0.26171875 0.46484375 0.01953125 0.01953125
0 0.22265625 0.50390625 0.01953125 0.01953125
0 0.22265625 0.5078125 0.01953125 0.01953125
0 0.12109375 0.609375 0.01953125 0.01953125
0 0.0703125 0.62109375 0.01953125 0.01953125
0 0.046875 0.6484375 0.01953125 0.01953125
0 0.0 0.78515625 0.01953125 0.01953125
0 0.015625 0.78515625 0.01953125 0.01953125
0 0.02734375 0.78515625 0.01953125 0.01953125
0 0.03125 0.78515625 0.01953125 0.01953125
0 0.140625 0.796875 0.01953125 0.01953125
0 0.140625 0.80078125 0.01953125 0.01953125
0 0.05078125 0.8203125 0.01953125 0.01953125
0 0.0390625 0.82421875 0.01953125 0.01953125
0 0.015625 0.87109375 0.01953125 0.01953125
0 0.0234375 0.87109375 0.01953125 0.01953125
0 0.02734375 0.87109375 0.01953125 0.01953125
0 0.0390625 0.87109375 0.01953125 0.01953125
0 0.046875 0.87109375 0.01953125 0.01953125
0 0.05078125 0.87109375 0.01953125 0.01953125
