0 0.5535714285714286 0.0078125 0.044642857142857144 0.01953125
0 0.03571428571428571 0.01171875 0.044642857142857144 0.01953125
0 0.044642857142857144 0.01171875 0.044642857142857144 0.01953125
0 0.07142857142857142 0.01171875 0.044642857142857144 0.01953125
0 0.11607142857142858 0.01171875 0.044642857142857144 0.01953125
0 0.14285714285714285 0.01171875 0.044642857142857144 0.01953125
0 0.9285714285714286 0.01953125 0.044642857142857144 0.01953125
0 0.0 0.04296875 0.044642857142857144 0.01953125
0 0.11607142857142858 0.04296875 0.044642857142857144 0.01953125
0 0.0 0.046875 0.044642857142857144 0.01953125
0 0.10714285714285714 0.05078125 0.044642857142857144 0.01953125
0 0.10714285714285714 0.0546875 0.044642857142857144 0.01953125
0 0.0 0.06640625 0.044642857142857144 0.01953125
0 0.5535714285714286 0.06640625 0.044642857142857144 0.01953125
0 0.8392857142857143 0.0703125 0.044642857142857144 0.01953125
0 0.0 0.07421875 0.044642857142857144 0.01953125
0 0.0 0.10546875 0.044642857142857144 0.01953125
0 0.008928571428571428 0.10546875 0.044642857142857144 0.01953125
0 0.0 0.11328125 0.044642857142857144 0.01953125
0 0.008928571428571428 0.11328125 0.044642857142857144 0.01953125
0 0.4732142857142857 0.12109375 0.044642857142857144 0.01953125
0 0.5446428571428571 0.125 0.044642857142857144 0.01953125
0 0.5535714285714286 0.125 0.044642857142857144 0.01953125
0 0.15178571428571427 0.12890625 0.044642857142857144 0.01953125
0 0.19642857142857142 0.12890625 0.044642857142857144 0.01953125
0 0.15178571428571427 0.1328125 0.044642857142857144 0.01953125
0 0.625 0.1953125 0.044642857142857144 0.01953125
0 0.625 0.19921875 0.044642857142857144 0.01953125
0 0.5089285714285714 0.203125 0.044642857142857144 0.01953125
0 0.6607142857142857 0.21484375 0.044642857142857144 0.01953125
0 0.6607142857142857 0.21875 0.044642857142857144 0.01953125
0 0.09821428571428571 0.25 0.044642857142857144 0.01953125
0 0.9285714285714286 0.25390625 0.044642857142857144 0.01953125
0 0.8839285714285714 0.2578125 0.044642857142857144 0.01953125
0 0.9285714285714286 0.2578125 0.044642857142857144 0.01953125
0 0.8303571428571429 0.265625 0.044642857142857144 0.01953125
0 0.8303571428571429 0.26953125 0.044642857142857144 0.01953125
0 0.4642857142857143 0.2734375 0.044642857142857144 0.01953125
0 0.8482142857142857 0.29296875 0.044642857142857144 0.01953125
0 0.9375 0.29296875 0.044642857142857144 0.01953125
0 0.9464285714285714 0.29296875 0.044642857142857144 0.01953125
0 0.6339285714285714 0.33984375 0.044642857142857144 0.01953125
0 0.6696428571428571 0.33984375 0.044642857142857144 0.01953125
0 0.7053571428571429 0.33984375 0.044642857142857144 0.01953125
0 0.7321428571428571 0.33984375 0.044642857142857144 0.01953125
0 0.7410714285714286 0.33984375 0.044642857142857144 0.01953125
0 0.6696428571428571 0.34375 0.044642857142857144 0.01953125
0 0.7053571428571429 0.34375 0.044642857142857144 0.01953125
0 0.7321428571428571 0.34375 0.044642857142857144 0.01953125
0 0.7410714285714286 0.34375 0.044642857142857144 0.01953125
0 0.03571428571428571 0.3515625 0.044642857142857144 0.01953125
0 0.044642857142857144 0.3515625 0.044642857142857144 0.01953125
0 0.08928571428571429 0.3515625 0.044642857142857144 0.01953125
0 0.10714285714285714 0.3515625 0.044642857142857144 0.01953125
0 0.13392857142857142 0.3515625 0.044642857142857144 0.01953125
0 0.16071428571428573 0.3515625 0.044642857142857144 0.01953125
0 0.22321428571428573 0.3515625 0.044642857142857144 0.01953125
0 0.0625 0.35546875 0.044642857142857144 0.01953125
0 0.1875 0.35546875 0.044642857142857144 0.01953125
0 0.41964285714285715 0.359375 0.044642857142857144 0.01953125
0 0.41964285714285715 0.38671875 0.044642857142857144 0.01953125
0 0.7232142857142857 0.39453125 0.044642857142857144 0.01953125
0 0.6785714285714286 0.3984375 0.044642857142857144 0.01953125
0 0.0625 0.40234375 0.044642857142857144 0.01953125
0 0.22321428571428573 0.40234375 0.044642857142857144 0.01953125
0 0.25 0.40234375 0.044642857142857144 0.01953125
0 0.26785714285714285 0.40234375 0.044642857142857144 0.01953125
0 0.008928571428571428 0.40625 0.044642857142857144 0.01953125
0 0.017857142857142856 0.40625 0.044642857142857144 0.01953125
0 0.03571428571428571 0.40625 0.044642857142857144 0.01953125
0 0.08035714285714286 0.40625 0.044642857142857144 0.01953125
0 0.08928571428571429 0.40625 0.044642857142857144 0.01953125
0 0.10714285714285714 0.40625 0.044642857142857144 0.01953125
0 0.13392857142857142 0.40625 0.044642857142857144 0.01953125
0 0.16964285714285715 0.40625 0.044642857142857144 0.01953125
0 0.17857142857142858 0.40625 0.044642857142857144 0.01953125
0 0.19642857142857142 0.40625 0.044642857142857144 0.01953125
0 0.41964285714285715 0.40625 0.044642857142857144 0.01953125
0 0.15178571428571427 0.41015625 0.044642857142857144 0.01953125
0 0.9464285714285714 0.41796875 0.044642857142857144 0.01953125
0 0.24107142857142858 0.421875 0.044642857142857144 0.01953125
0 0.25 0.421875 0.044642857142857144 0.01953125
0 0.008928571428571428 0.42578125 0.044642857142857144 0.01953125
0 0.03571428571428571 0.42578125 0.044642857142857144 0.01953125
0 0.05357142857142857 0.42578125 0.044642857142857144 0.01953125
0 0.0625 0.42578125 0.044642857142857144 0.01953125
0 0.08928571428571429 0.42578125 0.044642857142857144 0.01953125
0 0.10714285714285714 0.42578125 0.044642857142857144 0.01953125
0 0.13392857142857142 0.42578125 0.044642857142857144 0.01953125
0 0.15178571428571427 0.42578125 0.044642857142857144 0.01953125
0 0.17857142857142858 0.42578125 0.044642857142857144 0.01953125
0 0.19642857142857142 0.42578125 0.044642857142857144 0.01953125
0 0.22321428571428573 0.42578125 0.044642857142857144 0.01953125
0 0.24107142857142858 0.42578125 0.044642857142857144 0.01953125
0 0.25 0.42578125 0.044642857142857144 0.01953125
0 0.26785714285714285 0.42578125 0.044642857142857144 0.01953125
0 0.9196428571428571 0.42578125 0.044642857142857144 0.01953125
0 0.41964285714285715 0.4296875 0.044642857142857144 0.01953125
0 0.41964285714285715 0.43359375 0.044642857142857144 0.01953125
0 0.41964285714285715 0.45703125 0.044642857142857144 0.01953125
0 0.008928571428571428 0.4765625 0.044642857142857144 0.01953125
0 0.03571428571428571 0.4765625 0.044642857142857144 0.01953125
0 0.05357142857142857 0.4765625 0.044642857142857144 0.01953125
0 0.08035714285714286 0.4765625 0.044642857142857144 0.01953125
0 0.08928571428571429 0.4765625 0.044642857142857144 0.01953125
0 0.10714285714285714 0.4765625 0.044642857142857144 0.01953125
0 0.25 0.4765625 0.044642857142857144 0.01953125
0 0.26785714285714285 0.4765625 0.044642857142857144 0.01953125
0 0.3125 0.4765625 0.044642857142857144 0.01953125
0 0.32142857142857145 0.4765625 0.044642857142857144 0.01953125
0 0.03571428571428571 0.48046875 0.044642857142857144 0.01953125
0 0.125 0.48046875 0.044642857142857144 0.01953125
0 0.17857142857142858 0.48046875 0.044642857142857144 0.01953125
0 0.19642857142857142 0.48046875 0.044642857142857144 0.01953125
0 0.22321428571428573 0.48046875 0.044642857142857144 0.01953125
0 0.29464285714285715 0.48046875 0.044642857142857144 0.01953125
0 0.3125 0.48046875 0.044642857142857144 0.01953125
0 0.32142857142857145 0.48046875 0.044642857142857144 0.01953125
0 0.0625 0.515625 0.044642857142857144 0.01953125
0 0.5446428571428571 0.51953125 0.044642857142857144 0.01953125
0 0.6964285714285714 0.5234375 0.044642857142857144 0.01953125
0 0.7053571428571429 0.5234375 0.044642857142857144 0.01953125
0 0.7678571428571429 0.5234375 0.044642857142857144 0.01953125
0 0.7946428571428571 0.5234375 0.044642857142857144 0.01953125
0 0.6517857142857143 0.52734375 0.044642857142857144 0.01953125
0 0.6785714285714286 0.52734375 0.044642857142857144 0.01953125
0 0.6964285714285714 0.52734375 0.044642857142857144 0.01953125
0 0.7053571428571429 0.52734375 0.044642857142857144 0.01953125
0 0.7232142857142857 0.52734375 0.044642857142857144 0.01953125
0 0.7678571428571429 0.52734375 0.044642857142857144 0.01953125
0 0.05357142857142857 0.53125 0.044642857142857144 0.01953125
0 0.17857142857142858 0.53125 0.044642857142857144 0.01953125
0 0.20535714285714285 0.53125 0.044642857142857144 0.01953125
0 0.25892857142857145 0.53125 0.044642857142857144 0.01953125
0 0.2857142857142857 0.53125 0.044642857142857144 0.01953125
0 0.008928571428571428 0.54296875 0.044642857142857144 0.01953125
0 0.05357142857142857 0.54296875 0.044642857142857144 0.01953125
0 0.9732142857142857 0.5546875 0.044642857142857144 0.01953125
0 0.6517857142857143 0.57421875 0.044642857142857144 0.01953125
0 0.6785714285714286 0.57421875 0.044642857142857144 0.01953125
0 0.6964285714285714 0.57421875 0.044642857142857144 0.01953125
0 0.7053571428571429 0.57421875 0.044642857142857144 0.01953125
0 0.7232142857142857 0.57421875 0.044642857142857144 0.01953125
0 0.7678571428571429 0.57421875 0.044642857142857144 0.01953125
0 0.7767857142857143 0.57421875 0.044642857142857144 0.01953125
0 0.9732142857142857 0.57421875 0.044642857142857144 0.01953125
0 0.4732142857142857 0.60546875 0.044642857142857144 0.01953125
0 0.44642857142857145 0.609375 0.044642857142857144 0.01953125
0 0.45535714285714285 0.609375 0.044642857142857144 0.01953125
0 0.9732142857142857 0.62109375 0.044642857142857144 0.01953125
0 0.9732142857142857 0.625 0.044642857142857144 0.01953125
0 0.44642857142857145 0.62890625 0.044642857142857144 0.01953125
0 0.45535714285714285 0.62890625 0.044642857142857144 0.01953125
0 0.44642857142857145 0.6328125 0.044642857142857144 0.01953125
0 0.45535714285714285 0.6328125 0.044642857142857144 0.01953125
0 0.9732142857142857 0.64453125 0.044642857142857144 0.01953125
0 0.5089285714285714 0.6484375 0.044642857142857144 0.01953125
0 0.41964285714285715 0.65234375 0.044642857142857144 0.01953125
0 0.9732142857142857 0.65234375 0.044642857142857144 0.01953125
0 0.9732142857142857 0.65625 0.044642857142857144 0.01953125
0 0.44642857142857145 0.66015625 0.044642857142857144 0.01953125
0 0.45535714285714285 0.66015625 0.044642857142857144 0.01953125
0 0.4732142857142857 0.66796875 0.044642857142857144 0.01953125
0 0.41964285714285715 0.6796875 0.044642857142857144 0.01953125
0 0.42857142857142855 0.6796875 0.044642857142857144 0.01953125
0 0.44642857142857145 0.68359375 0.044642857142857144 0.01953125
0 0.4732142857142857 0.6875 0.044642857142857144 0.01953125
0 0.125 0.765625 0.044642857142857144 0.01953125
0 0.1875 0.76953125 0.044642857142857144 0.01953125
0 0.25892857142857145 0.76953125 0.044642857142857144 0.01953125
0 0.26785714285714285 0.76953125 0.044642857142857144 0.01953125
0 0.05357142857142857 0.77734375 0.044642857142857144 0.01953125
0 0.13392857142857142 0.77734375 0.044642857142857144 0.01953125
0 0.13392857142857142 0.78125 0.044642857142857144 0.01953125
0 0.21428571428571427 0.78125 0.044642857142857144 0.01953125
0 0.26785714285714285 0.78125 0.044642857142857144 0.01953125
0 0.2767857142857143 0.78125 0.044642857142857144 0.01953125
0 0.07142857142857142 0.79296875 0.044642857142857144 0.01953125
0 0.13392857142857142 0.79296875 0.044642857142857144 0.01953125
0 0.14285714285714285 0.79296875 0.044642857142857144 0.01953125
0 0.2767857142857143 0.79296875 0.044642857142857144 0.01953125
0 0.20535714285714285 0.796875 0.044642857142857144 0.01953125
0 0.21428571428571427 0.796875 0.044642857142857144 0.01953125
0 0.1875 0.84765625 0.044642857142857144 0.01953125
0 0.07142857142857142 0.85546875 0.044642857142857144 0.01953125
0 0.9196428571428571 0.8671875 0.044642857142857144 0.01953125
0 0.19642857142857142 0.87109375 0.044642857142857144 0.01953125
0 0.9196428571428571 0.87109375 0.044642857142857144 0.01953125
0 0.19642857142857142 0.87890625 0.044642857142857144 0.01953125
0 0.9196428571428571 0.87890625 0.044642857142857144 0.01953125
0 0.1875 0.9296875 0.044642857142857144 0.01953125
0 0.9196428571428571 0.93359375 0.044642857142857144 0.01953125
0 0.9196428571428571 0.9453125 0.044642857142857144 0.01953125
0 0.19642857142857142 0.94921875 0.044642857142857144 0.01953125
0 0.19642857142857142 0.953125 0.044642857142857144 0.01953125
0 0.19642857142857142 0.9609375 0.044642857142857144 0.01953125
0 0.19642857142857142 0.96875 0.044642857142857144 0.01953125
0 0.19642857142857142 0.9921875 0.044642857142857144 0.01953125
