0 0.5625 0.03515625 0.044642857142857144 0.01953125
0 0.17857142857142858 0.04296875 0.044642857142857144 0.01953125
0 0.1875 0.04296875 0.044642857142857144 0.01953125
0 0.4732142857142857 0.0703125 0.044642857142857144 0.01953125
0 0.48214285714285715 0.0703125 0.044642857142857144 0.01953125
0 0.5625 0.0703125 0.044642857142857144 0.01953125
0 0.8571428571428571 0.078125 0.044642857142857144 0.01953125
0 0.32142857142857145 0.09375 0.044642857142857144 0.01953125
0 0.08928571428571429 0.1015625 0.044642857142857144 0.01953125
0 0.08928571428571429 0.10546875 0.044642857142857144 0.01953125
0 0.16071428571428573 0.12109375 0.044642857142857144 0.01953125
0 0.7767857142857143 0.14453125 0.044642857142857144 0.01953125
0 0.9196428571428571 0.2421875 0.044642857142857144 0.01953125
0 0.7589285714285714 0.3046875 0.044642857142857144 0.01953125
0 0.8125 0.3046875 0.044642857142857144 0.01953125
0 0.10714285714285714 0.30859375 0.044642857142857144 0.01953125
0 0.7142857142857143 0.30859375 0.044642857142857144 0.01953125
0 0.7232142857142857 0.30859375 0.044642857142857144 0.01953125
0 0.7589285714285714 0.30859375 0.044642857142857144 0.01953125
0 0.9553571428571429 0.30859375 0.044642857142857144 0.01953125
0 0.7053571428571429 0.3203125 0.044642857142857144 0.01953125
0 0.7142857142857143 0.3203125 0.044642857142857144 0.01953125
0 0.19642857142857142 0.34765625 0.044642857142857144 0.01953125
0 0.23214285714285715 0.34765625 0.044642857142857144 0.01953125
0 0.29464285714285715 0.34765625 0.044642857142857144 0.01953125
0 0.8214285714285714 0.35546875 0.044642857142857144 0.01953125
0 0.8660714285714286 0.35546875 0.044642857142857144 0.01953125
0 0.9285714285714286 0.35546875 0.044642857142857144 0.01953125
0 0.9821428571428571 0.35546875 0.044642857142857144 0.01953125
0 0.07142857142857142 0.359375 0.044642857142857144 0.01953125
0 0.08035714285714286 0.359375 0.044642857142857144 0.01953125
0 0.5625 0.44140625 0.044642857142857144 0.01953125
0 0.45535714285714285 0.44921875 0.044642857142857144 0.01953125
0 0.5625 0.47265625 0.044642857142857144 0.01953125
0 0.49107142857142855 0.484375 0.044642857142857144 0.01953125
0 0.45535714285714285 0.49609375 0.044642857142857144 0.01953125
0 0.8928571428571429 0.52734375 0.044642857142857144 0.01953125
0 0.5625 0.53125 0.044642857142857144 0.01953125
0 0.5714285714285714 0.53125 0.044642857142857144 0.01953125
0 0.9017857142857143 0.54296875 0.044642857142857144 0.01953125
0 0.9107142857142857 0.54296875 0.044642857142857144 0.01953125
0 0.44642857142857145 0.546875 0.044642857142857144 0.01953125
0 0.45535714285714285 0.546875 0.044642857142857144 0.01953125
0 0.44642857142857145 0.55078125 0.044642857142857144 0.01953125
0 0.45535714285714285 0.55078125 0.044642857142857144 0.01953125
0 0.44642857142857145 0.5703125 0.044642857142857144 0.01953125
0 0.5625 0.578125 0.044642857142857144 0.01953125
0 0.44642857142857145 0.59765625 0.044642857142857144 0.01953125
0 0.9285714285714286 0.6015625 0.044642857142857144 0.01953125
0 0.44642857142857145 0.6171875 0.044642857142857144 0.01953125
0 0.5625 0.6484375 0.044642857142857144 0.01953125
0 0.48214285714285715 0.67578125 0.044642857142857144 0.01953125
0 0.49107142857142855 0.67578125 0.044642857142857144 0.01953125
0 0.017857142857142856 0.77734375 0.044642857142857144 0.01953125
0 0.375 0.8125 0.044642857142857144 0.01953125
0 0.026785714285714284 0.81640625 0.044642857142857144 0.01953125
0 0.9821428571428571 0.8203125 0.044642857142857144 0.01953125
0 0.08035714285714286 0.8515625 0.044642857142857144 0.01953125
0 0.875 0.8515625 0.044642857142857144 0.01953125
0 0.08035714285714286 0.85546875 0.044642857142857144 0.01953125
0 0.44642857142857145 0.8984375 0.044642857142857144 0.01953125
0 0.44642857142857145 0.90234375 0.044642857142857144 0.01953125
0 0.8571428571428571 0.92578125 0.044642857142857144 0.01953125
0 0.5535714285714286 0.953125 0.044642857142857144 0.01953125
0 0.09821428571428571 0.96484375 0.044642857142857144 0.01953125
