0 0.10546875 0.1875 0.01953125 0.01953125
0 0.03125 0.20703125 0.01953125 0.01953125
0 0.10546875 0.2109375 0.01953125 0.01953125
0 0.0546875 0.26171875 0.01953125 0.01953125
0 0.05859375 0.26171875 0.01953125 0.01953125
0 0.078125 0.2734375 0.01953125 0.01953125
0 0.078125 0.32421875 0.01953125 0.01953125
0 0.08984375 0.32421875 0.01953125 0.01953125
0 0.078125 0.35546875 0.01953125 0.01953125
0 0.03125 0.359375 0.01953125 0.01953125
0 0.08984375 0.359375 0.01953125 0.01953125
0 0.09375 0.359375 0.01953125 0.01953125
0 0.02734375 0.390625 0.01953125 0.01953125
0 0.078125 0.39453125 0.01953125 0.01953125
0 0.03125 0.4140625 0.01953125 0.01953125
0 0.078125 0.4296875 0.01953125 0.01953125
0 0.02734375 0.4375 0.01953125 0.01953125
0 0.02734375 0.44140625 0.01953125 0.01953125
0 0.03125 0.45703125 0.01953125 0.01953125
0 0.01953125 0.54296875 0.01953125 0.01953125
0 0.01953125 0.56640625 0.01953125 0.01953125
0 0.015625 0.59375 0.01953125 0.01953125
0 0.01953125 0.59375 0.01953125 0.01953125
0 0.203125 0.67578125 0.01953125 0.01953125
0 0.2265625 0.67578125 0.01953125 0.01953125
0 0.25390625 0.67578125 0.01953125 0.01953125
0 0.27734375 0.67578125 0.01953125 0.01953125
0 0.27734375 0.6796875 0.01953125 0.01953125
0 0.3203125 0.6796875 0.01953125 0.01953125
0 0.3515625 0.6796875 0.01953125 0.01953125
0 0.37109375 0.6796875 0.01953125 0.01953125
0 0.15234375 0.6953125 0.01953125 0.01953125
0 0.18359375 0.69921875 0.01953125 0.01953125
0 0.20703125 0.69921875 0.01953125 0.01953125
0 0.2109375 0.69921875 0.01953125 0.01953125
0 0.23828125 0.703125 0.01953125 0.01953125
0 0.22265625 0.75 0.01953125 0.01953125
0 0.31640625 0.75 0.01953125 0.01953125
0 0.4375 0.75 0.01953125 0.01953125
0 0.63671875 0.75 0.01953125 0.01953125
0 0.52734375 0.75390625 0.01953125 0.01953125
0 0.53125 0.75390625 0.01953125 0.01953125
0 0.63671875 0.75390625 0.01953125 0.01953125
0 0.7578125 0.75390625 0.01953125 0.01953125
0 0.83984375 0.75390625 0.01953125 0.01953125
0 0.84375 0.75390625 0.01953125 0.01953125
0 0.7578125 0.7578125 0.01953125 0.01953125
0 0.8046875 0.7578125 0.01953125 0.01953125
0 0.83984375 0.7578125 0.01953125 0.01953125
0 0.84375 0.7578125 0.01953125 0.01953125
0 0.83203125 0.765625 0.01953125 0.01953125
0 0.859375 0.765625 0.01953125 0.01953125
0 0.38671875 0.76953125 0.01953125 0.01953125
0 0.44140625 0.76953125 0.01953125 0.01953125
0 0.859375 0.76953125 0.01953125 0.01953125
0 0.59375 0.7734375 0.01953125 0.01953125
0 0.62109375 0.7734375 0.01953125 0.01953125
0 0.6484375 0.7734375 0.01953125 0.01953125
0 0.67578125 0.7734375 0.01953125 0.01953125
0 0.09765625 0.80078125 0.01953125 0.01953125
0 0.0859375 0.80859375 0.01953125 0.01953125
0 0.109375 0.8671875 0.01953125 0.01953125
0 0.93359375 0.87109375 0.01953125 0.01953125
0 0.99609375 0.890625 0.01953125 0.01953125
0 0.921875 0.90234375 0.01953125 0.01953125
0 0.921875 0.90625 0.01953125 0.01953125
0 0.98828125 0.921875 0.01953125 0.01953125
0 0.109375 0.92578125 0.01953125 0.01953125
0 0.07421875 0.94140625 0.01953125 0.01953125
0 0.09375 0.94140625 0.01953125 0.01953125
0 0.09765625 0.94140625 0.01953125 0.01953125
0 0.109375 0.94921875 0.01953125 0.01953125
0 0.91796875 0.97265625 0.01953125 0.01953125
0 0.9921875 0.984375 0.01953125 0.01953125
0 0.109375 0.98828125 0.01953125 0.01953125
