0 0.84375 0.01171875 0.01953125 0.01953125
0 0.85546875 0.02734375 0.01953125 0.01953125
0 0.859375 0.02734375 0.01953125 0.01953125
0 0.85546875 0.03125 0.01953125 0.01953125
0 0.859375 0.03125 0.01953125 0.01953125
0 0.90625 0.046875 0.01953125 0.01953125
0 0.828125 0.05078125 0.01953125 0.01953125
0 0.8671875 0.06640625 0.01953125 0.01953125
0 0.87109375 0.06640625 0.01953125 0.01953125
0 0.90625 0.0703125 0.01953125 0.01953125
0 0.90625 0.07421875 0.01953125 0.01953125
0 0.87890625 0.078125 0.01953125 0.01953125
0 0.8828125 0.078125 0.01953125 0.01953125
0 0.90234375 0.09375 0.01953125 0.01953125
0 0.90625 0.09375 0.01953125 0.01953125
0 0.83984375 0.14453125 0.01953125 0.01953125
0 0.8671875 0.14453125 0.01953125 0.01953125
0 0.87890625 0.234375 0.01953125 0.01953125
0 0.8671875 0.24609375 0.01953125 0.01953125
0 0.79296875 0.25390625 0.01953125 0.01953125
0 0.83984375 0.26171875 0.01953125 0.01953125
0 0.796875 0.26953125 0.01953125 0.01953125
0 0.87890625 0.27734375 0.01953125 0.01953125
0 0.87890625 0.28125 0.01953125 0.01953125
0 0.46484375 0.30859375 0.01953125 0.01953125
0 0.46875 0.30859375 0.01953125 0.01953125
0 0.46484375 0.3125 0.01953125 0.01953125
0 0.46875 0.3125 0.01953125 0.01953125
0 0.80859375 0.36328125 0.01953125 0.01953125
0 0.8671875 0.38671875 0.01953125 0.01953125
0 0.80859375 0.41796875 0.01953125 0.01953125
0 0.90234375 0.42578125 0.01953125 0.01953125
0 0.90234375 0.44921875 0.01953125 0.01953125
0 0.90234375 0.453125 0.01953125 0.01953125
0 0.8984375 0.51953125 0.01953125 0.01953125
0 0.8828125 0.55859375 0.01953125 0.01953125
0 0.88671875 0.55859375 0.01953125 0.01953125
0 0.2578125 0.578125 0.01953125 0.01953125
0 0.8203125 0.578125 0.01953125 0.01953125
0 0.171875 0.58203125 0.01953125 0.01953125
0 0.2578125 0.58203125 0.01953125 0.01953125
0 0.46484375 0.58203125 0.01953125 0.01953125
0 0.4921875 0.58203125 0.01953125 0.01953125
0 0.515625 0.58203125 0.01953125 0.01953125
0 0.5390625 0.58203125 0.01953125 0.01953125
0 0.54296875 0.58203125 0.01953125 0.01953125
0 0.5625 0.58203125 0.01953125 0.01953125
0 0.5390625 0.5859375 0.01953125 0.01953125
0 0.54296875 0.5859375 0.01953125 0.01953125
0 0.5625 0.5859375 0.01953125 0.01953125
0 0.5859375 0.5859375 0.01953125 0.01953125
0 0.6171875 0.5859375 0.01953125 0.01953125
0 0.640625 0.5859375 0.01953125 0.01953125
0 0.67578125 0.5859375 0.01953125 0.01953125
0 0.6953125 0.5859375 0.01953125 0.01953125
0 0.71875 0.5859375 0.01953125 0.01953125
0 0.9453125 0.6171875 0.01953125 0.01953125
0 0.97265625 0.6171875 0.01953125 0.01953125
0 0.94140625 0.63671875 0.01953125 0.01953125
0 0.96875 0.63671875 0.01953125 0.01953125
0 0.94140625 0.640625 0.01953125 0.01953125
0 0.24609375 0.64453125 0.01953125 0.01953125
0 0.31640625 0.64453125 0.01953125 0.01953125
0 0.39453125 0.6484375 0.01953125 0.01953125
0 0.09375 0.65625 0.01953125 0.01953125
0 0.015625 0.6640625 0.01953125 0.01953125
0 0.73828125 0.671875 0.01953125 0.01953125
0 0.04296875 0.67578125 0.01953125 0.01953125
0 0.19921875 0.67578125 0.01953125 0.01953125
0 0.26953125 0.67578125 0.01953125 0.01953125
0 0.359375 0.67578125 0.01953125 0.01953125
0 0.35546875 0.73828125 0.01953125 0.01953125
0 0.359375 0.73828125 0.01953125 0.01953125
0 0.58203125 0.75390625 0.01953125 0.01953125
0 0.58203125 0.765625 0.01953125 0.01953125
0 0.6484375 0.765625 0.01953125 0.01953125
0 0.58203125 0.76953125 0.01953125 0.01953125
0 0.6484375 0.7734375 0.01953125 0.01953125
0 0.58203125 0.77734375 0.01953125 0.01953125
0 0.5859375 0.77734375 0.01953125 0.01953125
0 0.8984375 0.78125 0.01953125 0.01953125
0 0.58203125 0.78515625 0.01953125 0.01953125
0 0.6015625 0.78515625 0.01953125 0.01953125
0 0.65234375 0.78515625 0.01953125 0.01953125
0 0.6015625 0.7890625 0.01953125 0.01953125
0 0.6484375 0.79296875 0.01953125 0.01953125
0 0.65234375 0.79296875 0.01953125 0.01953125
0 0.359375 0.796875 0.01953125 0.01953125
0 0.5859375 0.796875 0.01953125 0.01953125
0 0.6015625 0.796875 0.01953125 0.01953125
0 0.60546875 0.796875 0.01953125 0.01953125
0 0.65234375 0.8046875 0.01953125 0.01953125
0 0.8984375 0.8046875 0.01953125 0.01953125
0 0.5859375 0.80859375 0.01953125 0.01953125
0 0.2265625 0.8125 0.01953125 0.01953125
0 0.234375 0.8125 0.01953125 0.01953125
0 0.65234375 0.8125 0.01953125 0.01953125
0 0.40625 0.81640625 0.01953125 0.01953125
0 0.4296875 0.81640625 0.01953125 0.01953125
0 0.47265625 0.81640625 0.01953125 0.01953125
0 0.5859375 0.81640625 0.01953125 0.01953125
0 0.65234375 0.8203125 0.01953125 0.01953125
0 0.65234375 0.82421875 0.01953125 0.01953125
0 0.58203125 0.828125 0.01953125 0.01953125
0 0.8984375 0.828125 0.01953125 0.01953125
0 0.6484375 0.83203125 0.01953125 0.01953125
0 0.58203125 0.8359375 0.01953125 0.01953125
0 0.65234375 0.83984375 0.01953125 0.01953125
0 0.55859375 0.84765625 0.01953125 0.01953125
0 0.58203125 0.84765625 0.01953125 0.01953125
0 0.65234375 0.84765625 0.01953125 0.01953125
0 0.65234375 0.8515625 0.01953125 0.01953125
0 0.51953125 0.859375 0.01953125 0.01953125
0 0.5234375 0.859375 0.01953125 0.01953125
0 0.58203125 0.859375 0.01953125 0.01953125
0 0.6484375 0.859375 0.01953125 0.01953125
0 0.41015625 0.86328125 0.01953125 0.01953125
0 0.46484375 0.86328125 0.01953125 0.01953125
0 0.51953125 0.86328125 0.01953125 0.01953125
0 0.5234375 0.86328125 0.01953125 0.01953125
0 0.60546875 0.8671875 0.01953125 0.01953125
0 0.51953125 0.87109375 0.01953125 0.01953125
0 0.5234375 0.87109375 0.01953125 0.01953125
0 0.58203125 0.87109375 0.01953125 0.01953125
0 0.46875 0.875 0.01953125 0.01953125
0 0.58203125 0.87890625 0.01953125 0.01953125
0 0.6484375 0.8828125 0.01953125 0.01953125
0 0.65234375 0.8828125 0.01953125 0.01953125
0 0.6484375 0.88671875 0.01953125 0.01953125
0 0.65234375 0.88671875 0.01953125 0.01953125
0 0.46875 0.890625 0.01953125 0.01953125
0 0.44921875 0.8984375 0.01953125 0.01953125
0 0.5234375 0.8984375 0.01953125 0.01953125
0 0.203125 0.90234375 0.01953125 0.01953125
0 0.44921875 0.90234375 0.01953125 0.01953125
0 0.46484375 0.91796875 0.01953125 0.01953125
0 0.46484375 0.921875 0.01953125 0.01953125
0 0.859375 0.92578125 0.01953125 0.01953125
0 0.46484375 0.93359375 0.01953125 0.01953125
0 0.4453125 0.9453125 0.01953125 0.01953125
0 0.9765625 0.95703125 0.01953125 0.01953125
0 0.8828125 0.99609375 0.01953125 0.01953125
