0 0.1875 0.02734375 0.01953125 0.01953125
0 0.21875 0.046875 0.01953125 0.01953125
0 0.21484375 0.05859375 0.01953125 0.01953125
0 0.2109375 0.06640625 0.01953125 0.01953125
0 0.14453125 0.078125 0.01953125 0.01953125
0 0.1484375 0.078125 0.01953125 0.01953125
0 0.1953125 0.0859375 0.01953125 0.01953125
0 0.25390625 0.0859375 0.01953125 0.01953125
0 0.25390625 0.08984375 0.01953125 0.01953125
0 0.13671875 0.09765625 0.01953125 0.01953125
0 0.12109375 0.109375 0.01953125 0.01953125
0 0.125 0.109375 0.01953125 0.01953125
0 0.37890625 0.109375 0.01953125 0.01953125
0 0.4140625 0.11328125 0.01953125 0.01953125
0 0.60546875 0.11328125 0.01953125 0.01953125
0 0.1171875 0.1171875 0.01953125 0.01953125
0 0.1875 0.1171875 0.01953125 0.01953125
0 0.19921875 0.1171875 0.01953125 0.01953125
0 0.1171875 0.12109375 0.01953125 0.01953125
0 0.1015625 0.125 0.01953125 0.01953125
0 0.109375 0.125 0.01953125 0.01953125
0 0.09375 0.1328125 0.01953125 0.01953125
0 0.08203125 0.140625 0.01953125 0.01953125
0 0.0546875 0.15625 0.01953125 0.01953125
0 0.05859375 0.15625 0.01953125 0.01953125
0 0.0546875 0.16015625 0.01953125 0.01953125
0 0.05859375 0.16015625 0.01953125 0.01953125
0 0.00390625 0.1640625 0.01953125 0.01953125
0 0.6015625 0.16796875 0.01953125 0.01953125
0 0.1875 0.17578125 0.01953125 0.01953125
0 0.20703125 0.17578125 0.01953125 0.01953125
0 0.23046875 0.17578125 0.01953125 0.01953125
0 0.2421875 0.17578125 0.01953125 0.01953125
0 0.26171875 0.17578125 0.01953125 0.01953125
0 0.00390625 0.1796875 0.01953125 0.01953125
0 0.078125 0.1953125 0.01953125 0.01953125
0 0.0234375 0.20703125 0.01953125 0.01953125
0 0.02734375 0.20703125 0.01953125 0.01953125
0 0.078125 0.21484375 0.01953125 0.01953125
0 0.31640625 0.21484375 0.01953125 0.01953125
0 0.0078125 0.2265625 0.01953125 0.01953125
0 0.078125 0.234375 0.01953125 0.01953125
0 0.078125 0.23828125 0.01953125 0.01953125
0 0.0078125 0.2421875 0.01953125 0.01953125
0 0.0078125 0.26171875 0.01953125 0.01953125
0 0.078125 0.27734375 0.01953125 0.01953125
0 0.53515625 0.2890625 0.01953125 0.01953125
0 0.67578125 0.2890625 0.01953125 0.01953125
0 0.6796875 0.2890625 0.01953125 0.01953125
0 0.76171875 0.2890625 0.01953125 0.01953125
0 0.7578125 0.30859375 0.01953125 0.01953125
0 0.76171875 0.30859375 0.01953125 0.01953125
0 0.828125 0.3125 0.01953125 0.01953125
0 0.83203125 0.3125 0.01953125 0.01953125
0 0.078125 0.3203125 0.01953125 0.01953125
0 0.07421875 0.34765625 0.01953125 0.01953125
0 0.078125 0.34765625 0.01953125 0.01953125
0 0.4296875 0.3515625 0.01953125 0.01953125
0 0.07421875 0.359375 0.01953125 0.01953125
0 0.078125 0.359375 0.01953125 0.01953125
0 0.73828125 0.3671875 0.01953125 0.01953125
0 0.73828125 0.38671875 0.01953125 0.01953125
0 0.73828125 0.390625 0.01953125 0.01953125
0 0.23046875 0.4140625 0.01953125 0.01953125
0 0.875 0.4453125 0.01953125 0.01953125
0 0.671875 0.46484375 0.01953125 0.01953125
0 0.73828125 0.46875 0.01953125 0.01953125
0 0.625 0.4765625 0.01953125 0.01953125
0 0.62890625 0.4765625 0.01953125 0.01953125
0 0.74609375 0.49609375 0.01953125 0.01953125
0 0.1953125 0.5234375 0.01953125 0.01953125
0 0.68359375 0.52734375 0.01953125 0.01953125
0 0.95703125 0.58984375 0.01953125 0.01953125
0 0.95703125 0.59765625 0.01953125 0.01953125
0 0.9609375 0.59765625 0.01953125 0.01953125
0 0.95703125 0.6015625 0.01953125 0.01953125
0 0.9609375 0.6015625 0.01953125 0.01953125
0 0.3046875 0.75 0.01953125 0.01953125
0 0.38671875 0.75 0.01953125 0.01953125
0 0.390625 0.75 0.01953125 0.01953125
0 0.45703125 0.75 0.01953125 0.01953125
0 0.48046875 0.75 0.01953125 0.01953125
0 0.484375 0.75 0.01953125 0.01953125
0 0.515625 0.75 0.01953125 0.01953125
0 0.51953125 0.75 0.01953125 0.01953125
0 0.9453125 0.75390625 0.01953125 0.01953125
0 0.9453125 0.7578125 0.01953125 0.01953125
0 0.98046875 0.7578125 0.01953125 0.01953125
0 0.36328125 0.7734375 0.01953125 0.01953125
0 0.69921875 0.7734375 0.01953125 0.01953125
0 0.703125 0.7734375 0.01953125 0.01953125
0 0.46484375 0.7890625 0.01953125 0.01953125
0 0.8671875 0.79296875 0.01953125 0.01953125
0 0.953125 0.79296875 0.01953125 0.01953125
0 0.8671875 0.796875 0.01953125 0.01953125
0 0.953125 0.796875 0.01953125 0.01953125
0 0.984375 0.796875 0.01953125 0.01953125
0 0.75390625 0.92578125 0.01953125 0.01953125
0 0.91015625 0.92578125 0.01953125 0.01953125
0 0.9140625 0.92578125 0.01953125 0.01953125
0 0.50390625 0.9296875 0.01953125 0.01953125
0 0.75390625 0.9296875 0.01953125 0.01953125
0 0.8203125 0.9296875 0.01953125 0.01953125
0 0.50390625 0.9375 0.01953125 0.01953125
0 0.65234375 0.94140625 0.01953125 0.01953125
0 0.50390625 0.94921875 0.01953125 0.01953125
0 0.75 0.94921875 0.01953125 0.01953125
0 0.63671875 0.953125 0.01953125 0.01953125
0 0.65625 0.9609375 0.01953125 0.01953125
0 0.81640625 0.9609375 0.01953125 0.01953125
0 0.4609375 0.96484375 0.01953125 0.01953125
0 0.65625 0.96484375 0.01953125 0.01953125
0 0.6875 0.96484375 0.01953125 0.01953125
0 0.4609375 0.96875 0.01953125 0.01953125
0 0.8125 0.96875 0.01953125 0.01953125
0 0.81640625 0.96875 0.01953125 0.01953125
0 0.84375 0.96875 0.01953125 0.01953125
0 0.65625 0.97265625 0.01953125 0.01953125
0 0.50390625 0.98046875 0.01953125 0.01953125
0 0.75 0.98046875 0.01953125 0.01953125
0 0.83203125 0.9921875 0.01953125 0.01953125
