0 0.94921875 0.0 0.01953125 0.044642857142857144
0 0.0 0.03571428571428571 0.01953125 0.044642857142857144
0 0.3046875 0.044642857142857144 0.01953125 0.044642857142857144
0 0.9453125 0.16964285714285715 0.01953125 0.044642857142857144
0 0.44921875 0.17857142857142858 0.01953125 0.044642857142857144
0 0.453125 0.17857142857142858 0.01953125 0.044642857142857144
0 0.5390625 0.20535714285714285 0.01953125 0.044642857142857144
0 0.8359375 0.20535714285714285 0.01953125 0.044642857142857144
0 0.375 0.21428571428571427 0.01953125 0.044642857142857144
0 0.7578125 0.21428571428571427 0.01953125 0.044642857142857144
0 0.70703125 0.22321428571428573 0.01953125 0.044642857142857144
0 0.7578125 0.22321428571428573 0.01953125 0.044642857142857144
0 0.7890625 0.22321428571428573 0.01953125 0.044642857142857144
0 0.83203125 0.22321428571428573 0.01953125 0.044642857142857144
0 0.73046875 0.24107142857142858 0.01953125 0.044642857142857144
0 0.875 0.24107142857142858 0.01953125 0.044642857142857144
0 0.87890625 0.24107142857142858 0.01953125 0.044642857142857144
0 0.828125 0.25 0.01953125 0.044642857142857144
0 0.25390625 0.26785714285714285 0.01953125 0.044642857142857144
0 0.5625 0.26785714285714285 0.01953125 0.044642857142857144
0 0.78515625 0.26785714285714285 0.01953125 0.044642857142857144
0 0.5625 0.2767857142857143 0.01953125 0.044642857142857144
0 0.82421875 0.2767857142857143 0.01953125 0.044642857142857144
0 0.15625 0.29464285714285715 0.01953125 0.044642857142857144
0 0.7578125 0.30357142857142855 0.01953125 0.044642857142857144
0 0.7890625 0.30357142857142855 0.01953125 0.044642857142857144
0 0.82421875 0.30357142857142855 0.01953125 0.044642857142857144
0 0.6015625 0.3125 0.01953125 0.044642857142857144
0 0.0234375 0.44642857142857145 0.01953125 0.044642857142857144
0 0.1796875 0.4732142857142857 0.01953125 0.044642857142857144
0 0.1796875 0.5178571428571429 0.01953125 0.044642857142857144
0 0.0234375 0.5267857142857143 0.01953125 0.044642857142857144
0 0.11328125 0.5357142857142857 0.01953125 0.044642857142857144
0 0.1796875 0.5357142857142857 0.01953125 0.044642857142857144
0 0.11328125 0.5446428571428571 0.01953125 0.044642857142857144
0 0.0234375 0.5803571428571429 0.01953125 0.044642857142857144
0 0.1796875 0.5803571428571429 0.01953125 0.044642857142857144
0 0.1796875 0.5892857142857143 0.01953125 0.044642857142857144
0 0.23046875 0.5892857142857143 0.01953125 0.044642857142857144
0 0.11328125 0.5982142857142857 0.01953125 0.044642857142857144
0 0.1171875 0.5982142857142857 0.01953125 0.044642857142857144
0 0.234375 0.6071428571428571 0.01953125 0.044642857142857144
0 0.23046875 0.6517857142857143 0.01953125 0.044642857142857144
0 0.23046875 0.6607142857142857 0.01953125 0.044642857142857144
0 0.640625 0.6696428571428571 0.01953125 0.044642857142857144
0 0.1484375 0.6964285714285714 0.01953125 0.044642857142857144
0 0.1484375 0.7053571428571429 0.01953125 0.044642857142857144
0 0.23046875 0.7053571428571429 0.01953125 0.044642857142857144
0 0.1484375 0.7232142857142857 0.01953125 0.044642857142857144
0 0.1484375 0.75 0.01953125 0.044642857142857144
0 0.1484375 0.7678571428571429 0.01953125 0.044642857142857144
0 0.1484375 0.7946428571428571 0.01953125 0.044642857142857144
0 0.99609375 0.7946428571428571 0.01953125 0.044642857142857144
0 0.99609375 0.8125 0.01953125 0.044642857142857144
0 0.1484375 0.8392857142857143 0.01953125 0.044642857142857144
0 0.87890625 0.8660714285714286 0.01953125 0.044642857142857144
0 0.9921875 0.8660714285714286 0.01953125 0.044642857142857144
0 0.14453125 0.9107142857142857 0.01953125 0.044642857142857144
0 0.1484375 0.9107142857142857 0.01953125 0.044642857142857144
