0 0.6953125 0.0 0.01953125 0.044642857142857144
0 0.9140625 0.017857142857142856 0.01953125 0.044642857142857144
0 0.10546875 0.03571428571428571 0.01953125 0.044642857142857144
0 0.10546875 0.044642857142857144 0.01953125 0.044642857142857144
0 0.47265625 0.05357142857142857 0.01953125 0.044642857142857144
0 0.98828125 0.05357142857142857 0.01953125 0.044642857142857144
0 0.6484375 0.125 0.01953125 0.044642857142857144
0 0.7109375 0.16071428571428573 0.01953125 0.044642857142857144
0 0.71484375 0.16071428571428573 0.01953125 0.044642857142857144
0 0.734375 0.16071428571428573 0.01953125 0.044642857142857144
0 0.0390625 0.16964285714285715 0.01953125 0.044642857142857144
0 0.2421875 0.16964285714285715 0.01953125 0.044642857142857144
0 0.24609375 0.16964285714285715 0.01953125 0.044642857142857144
0 0.7109375 0.16964285714285715 0.01953125 0.044642857142857144
0 0.71484375 0.16964285714285715 0.01953125 0.044642857142857144
0 0.734375 0.16964285714285715 0.01953125 0.044642857142857144
0 0.7578125 0.16964285714285715 0.01953125 0.044642857142857144
0 0.0390625 0.17857142857142858 0.01953125 0.044642857142857144
0 0.96875 0.19642857142857142 0.01953125 0.044642857142857144
0 0.1796875 0.20535714285714285 0.01953125 0.044642857142857144
0 0.2578125 0.20535714285714285 0.01953125 0.044642857142857144
0 0.1796875 0.21428571428571427 0.01953125 0.044642857142857144
0 0.671875 0.22321428571428573 0.01953125 0.044642857142857144
0 0.67578125 0.22321428571428573 0.01953125 0.044642857142857144
0 0.890625 0.23214285714285715 0.01953125 0.044642857142857144
0 0.125 0.41964285714285715 0.01953125 0.044642857142857144
0 0.13671875 0.41964285714285715 0.01953125 0.044642857142857144
0 0.38671875 0.4375 0.01953125 0.044642857142857144
0 0.39453125 0.4375 0.01953125 0.044642857142857144
0 0.84765625 0.4375 0.01953125 0.044642857142857144
0 0.87109375 0.4375 0.01953125 0.044642857142857144
0 0.19140625 0.44642857142857145 0.01953125 0.044642857142857144
0 0.375 0.44642857142857145 0.01953125 0.044642857142857144
0 0.38671875 0.44642857142857145 0.01953125 0.044642857142857144
0 0.40625 0.44642857142857145 0.01953125 0.044642857142857144
0 0.41796875 0.44642857142857145 0.01953125 0.044642857142857144
0 0.42578125 0.44642857142857145 0.01953125 0.044642857142857144
0 0.46875 0.44642857142857145 0.01953125 0.044642857142857144
0 0.47265625 0.44642857142857145 0.01953125 0.044642857142857144
0 0.49609375 0.44642857142857145 0.01953125 0.044642857142857144
0 0.19140625 0.45535714285714285 0.01953125 0.044642857142857144
0 0.3515625 0.45535714285714285 0.01953125 0.044642857142857144
0 0.42578125 0.45535714285714285 0.01953125 0.044642857142857144
0 0.453125 0.45535714285714285 0.01953125 0.044642857142857144
0 0.53515625 0.45535714285714285 0.01953125 0.044642857142857144
0 0.53515625 0.4642857142857143 0.01953125 0.044642857142857144
0 0.76171875 0.4642857142857143 0.01953125 0.044642857142857144
0 0.13671875 0.48214285714285715 0.01953125 0.044642857142857144
0 0.7578125 0.49107142857142855 0.01953125 0.044642857142857144
0 0.76171875 0.49107142857142855 0.01953125 0.044642857142857144
0 0.8359375 0.5089285714285714 0.01953125 0.044642857142857144
0 0.8359375 0.5178571428571429 0.01953125 0.044642857142857144
0 0.76171875 0.5267857142857143 0.01953125 0.044642857142857144
0 0.4765625 0.5357142857142857 0.01953125 0.044642857142857144
0 0.76171875 0.5446428571428571 0.01953125 0.044642857142857144
0 0.765625 0.5446428571428571 0.01953125 0.044642857142857144
0 0.35546875 0.5535714285714286 0.01953125 0.044642857142857144
0 0.76171875 0.5535714285714286 0.01953125 0.044642857142857144
0 0.765625 0.5535714285714286 0.01953125 0.044642857142857144
0 0.796875 0.5535714285714286 0.01953125 0.044642857142857144
0 0.35546875 0.5625 0.01953125 0.044642857142857144
0 0.36328125 0.5625 0.01953125 0.044642857142857144
0 0.3671875 0.5625 0.01953125 0.044642857142857144
0 0.375 0.5625 0.01953125 0.044642857142857144
0 0.38671875 0.5625 0.01953125 0.044642857142857144
0 0.3984375 0.5625 0.01953125 0.044642857142857144
0 0.40625 0.5625 0.01953125 0.044642857142857144
0 0.4140625 0.5625 0.01953125 0.044642857142857144
0 0.41796875 0.5625 0.01953125 0.044642857142857144
0 0.47265625 0.5625 0.01953125 0.044642857142857144
0 0.796875 0.5625 0.01953125 0.044642857142857144
0 0.40625 0.5714285714285714 0.01953125 0.044642857142857144
0 0.76171875 0.5714285714285714 0.01953125 0.044642857142857144
0 0.05859375 0.5892857142857143 0.01953125 0.044642857142857144
0 0.0625 0.5892857142857143 0.01953125 0.044642857142857144
0 0.3515625 0.6071428571428571 0.01953125 0.044642857142857144
0 0.375 0.6071428571428571 0.01953125 0.044642857142857144
0 0.3828125 0.6071428571428571 0.01953125 0.044642857142857144
0 0.38671875 0.6071428571428571 0.01953125 0.044642857142857144
0 0.39453125 0.6071428571428571 0.01953125 0.044642857142857144
0 0.76171875 0.6071428571428571 0.01953125 0.044642857142857144
0 0.3671875 0.6160714285714286 0.01953125 0.044642857142857144
0 0.40625 0.6160714285714286 0.01953125 0.044642857142857144
0 0.41796875 0.6160714285714286 0.01953125 0.044642857142857144
0 0.47265625 0.6160714285714286 0.01953125 0.044642857142857144
0 0.76171875 0.625 0.01953125 0.044642857142857144
0 0.03125 0.6607142857142857 0.01953125 0.044642857142857144
0 0.265625 0.6607142857142857 0.01953125 0.044642857142857144
0 0.16015625 0.6696428571428571 0.01953125 0.044642857142857144
0 0.16015625 0.6785714285714286 0.01953125 0.044642857142857144
0 0.45703125 0.6964285714285714 0.01953125 0.044642857142857144
0 0.81640625 0.6964285714285714 0.01953125 0.044642857142857144
0 0.8203125 0.6964285714285714 0.01953125 0.044642857142857144
0 0.83984375 0.6964285714285714 0.01953125 0.044642857142857144
0 0.87109375 0.6964285714285714 0.01953125 0.044642857142857144
0 0.91015625 0.6964285714285714 0.01953125 0.044642857142857144
0 0.9140625 0.6964285714285714 0.01953125 0.044642857142857144
0 0.23828125 0.7053571428571429 0.01953125 0.044642857142857144
0 0.2578125 0.7053571428571429 0.01953125 0.044642857142857144
0 0.84765625 0.7053571428571429 0.01953125 0.044642857142857144
0 0.21875 0.7142857142857143 0.01953125 0.044642857142857144
0 0.23046875 0.7142857142857143 0.01953125 0.044642857142857144
0 0.23828125 0.7142857142857143 0.01953125 0.044642857142857144
0 0.25 0.7142857142857143 0.01953125 0.044642857142857144
0 0.2578125 0.7142857142857143 0.01953125 0.044642857142857144
0 0.26953125 0.7142857142857143 0.01953125 0.044642857142857144
0 0.3046875 0.7142857142857143 0.01953125 0.044642857142857144
0 0.3125 0.7142857142857143 0.01953125 0.044642857142857144
0 0.20703125 0.7232142857142857 0.01953125 0.044642857142857144
0 0.21875 0.7232142857142857 0.01953125 0.044642857142857144
0 0.36328125 0.7232142857142857 0.01953125 0.044642857142857144
0 0.45703125 0.7232142857142857 0.01953125 0.044642857142857144
0 0.35546875 0.7321428571428571 0.01953125 0.044642857142857144
0 0.375 0.7321428571428571 0.01953125 0.044642857142857144
0 0.38671875 0.7321428571428571 0.01953125 0.044642857142857144
0 0.3984375 0.7321428571428571 0.01953125 0.044642857142857144
0 0.36328125 0.7678571428571429 0.01953125 0.044642857142857144
0 0.3671875 0.7678571428571429 0.01953125 0.044642857142857144
0 0.45703125 0.7678571428571429 0.01953125 0.044642857142857144
0 0.35546875 0.7767857142857143 0.01953125 0.044642857142857144
0 0.375 0.7767857142857143 0.01953125 0.044642857142857144
0 0.38671875 0.7767857142857143 0.01953125 0.044642857142857144
0 0.39453125 0.7767857142857143 0.01953125 0.044642857142857144
0 0.05859375 0.7946428571428571 0.01953125 0.044642857142857144
0 0.45703125 0.7946428571428571 0.01953125 0.044642857142857144
0 0.05859375 0.8035714285714286 0.01953125 0.044642857142857144
0 0.79296875 0.8035714285714286 0.01953125 0.044642857142857144
0 0.8046875 0.8035714285714286 0.01953125 0.044642857142857144
0 0.87109375 0.8035714285714286 0.01953125 0.044642857142857144
0 0.2109375 0.8125 0.01953125 0.044642857142857144
0 0.81640625 0.8125 0.01953125 0.044642857142857144
0 0.828125 0.8125 0.01953125 0.044642857142857144
0 0.83984375 0.8125 0.01953125 0.044642857142857144
0 0.84765625 0.8125 0.01953125 0.044642857142857144
0 0.890625 0.8125 0.01953125 0.044642857142857144
0 0.21484375 0.8571428571428571 0.01953125 0.044642857142857144
0 0.15625 0.8660714285714286 0.01953125 0.044642857142857144
0 0.16015625 0.8660714285714286 0.01953125 0.044642857142857144
0 0.2109375 0.8839285714285714 0.01953125 0.044642857142857144
0 0.26171875 0.8839285714285714 0.01953125 0.044642857142857144
0 0.2734375 0.8839285714285714 0.01953125 0.044642857142857144
0 0.28125 0.8839285714285714 0.01953125 0.044642857142857144
0 0.29296875 0.8839285714285714 0.01953125 0.044642857142857144
0 0.3046875 0.8839285714285714 0.01953125 0.044642857142857144
0 0.32421875 0.8839285714285714 0.01953125 0.044642857142857144
0 0.33203125 0.8839285714285714 0.01953125 0.044642857142857144
0 0.33984375 0.8839285714285714 0.01953125 0.044642857142857144
0 0.34375 0.8839285714285714 0.01953125 0.044642857142857144
0 0.35546875 0.8839285714285714 0.01953125 0.044642857142857144
0 0.36328125 0.8839285714285714 0.01953125 0.044642857142857144
0 0.75390625 0.8839285714285714 0.01953125 0.044642857142857144
0 0.7578125 0.8839285714285714 0.01953125 0.044642857142857144
0 0.3125 0.8928571428571429 0.01953125 0.044642857142857144
0 0.36328125 0.8928571428571429 0.01953125 0.044642857142857144
0 0.3828125 0.8928571428571429 0.01953125 0.044642857142857144
0 0.38671875 0.8928571428571429 0.01953125 0.044642857142857144
0 0.3984375 0.8928571428571429 0.01953125 0.044642857142857144
0 0.2109375 0.9017857142857143 0.01953125 0.044642857142857144
0 0.21484375 0.9017857142857143 0.01953125 0.044642857142857144
0 0.375 0.9017857142857143 0.01953125 0.044642857142857144
0 0.3984375 0.9017857142857143 0.01953125 0.044642857142857144
0 0.75390625 0.9017857142857143 0.01953125 0.044642857142857144
0 0.7578125 0.9017857142857143 0.01953125 0.044642857142857144
0 0.796875 0.9017857142857143 0.01953125 0.044642857142857144
0 0.21484375 0.9196428571428571 0.01953125 0.044642857142857144
0 0.21484375 0.9285714285714286 0.01953125 0.044642857142857144
0 0.26171875 0.9285714285714286 0.01953125 0.044642857142857144
0 0.30078125 0.9285714285714286 0.01953125 0.044642857142857144
0 0.3203125 0.9285714285714286 0.01953125 0.044642857142857144
0 0.26171875 0.9375 0.01953125 0.044642857142857144
0 0.26953125 0.9375 0.01953125 0.044642857142857144
0 0.28125 0.9375 0.01953125 0.044642857142857144
0 0.28515625 0.9375 0.01953125 0.044642857142857144
0 0.3125 0.9375 0.01953125 0.044642857142857144
0 0.3203125 0.9375 0.01953125 0.044642857142857144
0 0.33203125 0.9375 0.01953125 0.044642857142857144
0 0.34375 0.9375 0.01953125 0.044642857142857144
0 0.35546875 0.9375 0.01953125 0.044642857142857144
0 0.36328125 0.9375 0.01953125 0.044642857142857144
0 0.38671875 0.9375 0.01953125 0.044642857142857144
0 0.7578125 0.9375 0.01953125 0.044642857142857144
0 0.83984375 0.9375 0.01953125 0.044642857142857144
0 0.29296875 0.9464285714285714 0.01953125 0.044642857142857144
0 0.375 0.9464285714285714 0.01953125 0.044642857142857144
0 0.2109375 0.9553571428571429 0.01953125 0.044642857142857144
0 0.7578125 0.9642857142857143 0.01953125 0.044642857142857144
0 0.2109375 0.9732142857142857 0.01953125 0.044642857142857144
0 0.2109375 0.9821428571428571 0.01953125 0.044642857142857144
0 0.7578125 0.9910714285714286 0.01953125 0.044642857142857144
