0 0.140625 0.0 0.01953125 0.01953125
0 0.15625 0.0 0.01953125 0.01953125
0 0.2109375 0.0 0.01953125 0.01953125
0 0.86328125 0.0 0.01953125 0.01953125
0 0.8671875 0.0 0.01953125 0.01953125
0 0.01171875 0.00390625 0.01953125 0.01953125
0 0.81640625 0.00390625 0.01953125 0.01953125
0 0.8203125 0.00390625 0.01953125 0.01953125
0 0.85546875 0.00390625 0.01953125 0.01953125
0 0.90625 0.00390625 0.01953125 0.01953125
0 0.94921875 0.00390625 0.01953125 0.01953125
0 0.96875 0.00390625 0.01953125 0.01953125
0 0.98046875 0.00390625 0.01953125 0.01953125
0 0.01171875 0.0078125 0.01953125 0.01953125
0 0.0859375 0.0078125 0.01953125 0.01953125
0 0.9375 0.0078125 0.01953125 0.01953125
0 0.13671875 0.01171875 0.01953125 0.01953125
0 0.15625 0.01171875 0.01953125 0.01953125
0 0.2109375 0.01171875 0.01953125 0.01953125
0 0.31640625 0.01171875 0.01953125 0.01953125
0 0.3515625 0.015625 0.01953125 0.01953125
0 0.66796875 0.015625 0.01953125 0.01953125
0 0.13671875 0.01953125 0.01953125 0.01953125
0 0.16015625 0.01953125 0.01953125 0.01953125
0 0.2109375 0.01953125 0.01953125 0.01953125
0 0.58984375 0.02734375 0.01953125 0.01953125
0 0.13671875 0.03125 0.01953125 0.01953125
0 0.16015625 0.03125 0.01953125 0.01953125
0 0.2109375 0.03125 0.01953125 0.01953125
0 0.58984375 0.03125 0.01953125 0.01953125
0 0.6328125 0.03125 0.01953125 0.01953125
0 0.08203125 0.03515625 0.01953125 0.01953125
0 0.08203125 0.0390625 0.01953125 0.01953125
0 0.2109375 0.0390625 0.01953125 0.01953125
0 0.66796875 0.0390625 0.01953125 0.01953125
0 0.13671875 0.04296875 0.01953125 0.01953125
0 0.16015625 0.04296875 0.01953125 0.01953125
0 0.2109375 0.04296875 0.01953125 0.01953125
0 0.2109375 0.05078125 0.01953125 0.01953125
0 0.26953125 0.05078125 0.01953125 0.01953125
0 0.3515625 0.0546875 0.01953125 0.01953125
0 0.35546875 0.0546875 0.01953125 0.01953125
0 0.8984375 0.0546875 0.01953125 0.01953125
0 0.25 0.05859375 0.01953125 0.01953125
0 0.25390625 0.05859375 0.01953125 0.01953125
0 0.3203125 0.05859375 0.01953125 0.01953125
0 0.33203125 0.05859375 0.01953125 0.01953125
0 0.66796875 0.05859375 0.01953125 0.01953125
0 0.2109375 0.0625 0.01953125 0.01953125
0 0.26953125 0.0625 0.01953125 0.01953125
0 0.2109375 0.0703125 0.01953125 0.01953125
0 0.25 0.0703125 0.01953125 0.01953125
0 0.25390625 0.0703125 0.01953125 0.01953125
0 0.26953125 0.07421875 0.01953125 0.01953125
0 0.6328125 0.078125 0.01953125 0.01953125
0 0.25 0.08203125 0.01953125 0.01953125
0 0.25390625 0.08203125 0.01953125 0.01953125
0 0.25 0.09375 0.01953125 0.01953125
0 0.3515625 0.09375 0.01953125 0.01953125
0 0.33203125 0.09765625 0.01953125 0.01953125
0 0.37109375 0.09765625 0.01953125 0.01953125
0 0.25 0.1015625 0.01953125 0.01953125
0 0.25390625 0.1015625 0.01953125 0.01953125
0 0.25 0.10546875 0.01953125 0.01953125
0 0.25390625 0.10546875 0.01953125 0.01953125
0 0.62890625 0.10546875 0.01953125 0.01953125
0 0.25 0.1171875 0.01953125 0.01953125
0 0.26953125 0.1171875 0.01953125 0.01953125
0 0.26953125 0.12109375 0.01953125 0.01953125
0 0.48828125 0.125 0.01953125 0.01953125
0 0.5 0.125 0.01953125 0.01953125
0 0.51171875 0.125 0.01953125 0.01953125
0 0.03125 0.12890625 0.01953125 0.01953125
0 0.51171875 0.12890625 0.01953125 0.01953125
0 0.99609375 0.13671875 0.01953125 0.01953125
0 0.03125 0.140625 0.01953125 0.01953125
0 0.24609375 0.140625 0.01953125 0.01953125
0 0.34375 0.140625 0.01953125 0.01953125
0 0.02734375 0.15234375 0.01953125 0.01953125
0 0.6015625 0.15234375 0.01953125 0.01953125
0 0.9921875 0.15625 0.01953125 0.01953125
0 0.77734375 0.1640625 0.01953125 0.01953125
0 0.78125 0.1640625 0.01953125 0.01953125
0 0.80078125 0.1640625 0.01953125 0.01953125
0 0.9921875 0.1640625 0.01953125 0.01953125
0 0.9921875 0.16796875 0.01953125 0.01953125
0 0.6015625 0.18359375 0.01953125 0.01953125
0 0.19140625 0.1953125 0.01953125 0.01953125
0 0.6015625 0.20703125 0.01953125 0.01953125
0 0.19140625 0.21484375 0.01953125 0.01953125
0 0.19140625 0.21875 0.01953125 0.01953125
0 0.19140625 0.2265625 0.01953125 0.01953125
0 0.8359375 0.2265625 0.01953125 0.01953125
0 0.83984375 0.2265625 0.01953125 0.01953125
0 0.6015625 0.23046875 0.01953125 0.01953125
0 0.60546875 0.23046875 0.01953125 0.01953125
0 0.87109375 0.23046875 0.01953125 0.01953125
0 0.02734375 0.234375 0.01953125 0.01953125
0 0.03125 0.234375 0.01953125 0.01953125
0 0.05078125 0.234375 0.01953125 0.01953125
0 0.0546875 0.234375 0.01953125 0.01953125
0 0.05078125 0.23828125 0.01953125 0.01953125
0 0.0546875 0.23828125 0.01953125 0.01953125
0 0.19140625 0.23828125 0.01953125 0.01953125
0 0.21484375 0.2421875 0.01953125 0.01953125
0 0.8671875 0.25390625 0.01953125 0.01953125
0 0.87109375 0.25390625 0.01953125 0.01953125
0 0.19140625 0.2578125 0.01953125 0.01953125
0 0.6015625 0.2578125 0.01953125 0.01953125
0 0.19140625 0.26953125 0.01953125 0.01953125
0 0.234375 0.2890625 0.01953125 0.01953125
0 0.28515625 0.29296875 0.01953125 0.01953125
0 0.7265625 0.29296875 0.01953125 0.01953125
0 0.77734375 0.29296875 0.01953125 0.01953125
0 0.78125 0.29296875 0.01953125 0.01953125
0 0.69921875 0.30078125 0.01953125 0.01953125
0 0.2109375 0.3046875 0.01953125 0.01953125
0 0.69921875 0.3046875 0.01953125 0.01953125
0 0.80078125 0.3046875 0.01953125 0.01953125
0 0.2109375 0.30859375 0.01953125 0.01953125
0 0.08203125 0.31640625 0.01953125 0.01953125
0 0.19921875 0.31640625 0.01953125 0.01953125
0 0.703125 0.31640625 0.01953125 0.01953125
0 0.75390625 0.31640625 0.01953125 0.01953125
0 0.921875 0.3203125 0.01953125 0.01953125
0 0.53125 0.359375 0.01953125 0.01953125
0 0.33984375 0.37109375 0.01953125 0.01953125
0 0.234375 0.375 0.01953125 0.01953125
0 0.27734375 0.375 0.01953125 0.01953125
0 0.44140625 0.3828125 0.01953125 0.01953125
0 0.23828125 0.39453125 0.01953125 0.01953125
0 0.3984375 0.39453125 0.01953125 0.01953125
0 0.94921875 0.39453125 0.01953125 0.01953125
0 0.3984375 0.3984375 0.01953125 0.01953125
0 0.6484375 0.41796875 0.01953125 0.01953125
0 0.640625 0.4609375 0.01953125 0.01953125
0 0.64453125 0.4609375 0.01953125 0.01953125
0 0.796875 0.47265625 0.01953125 0.01953125
0 0.79296875 0.48046875 0.01953125 0.01953125
0 0.64453125 0.484375 0.01953125 0.01953125
0 0.79296875 0.48828125 0.01953125 0.01953125
0 0.57421875 0.4921875 0.01953125 0.01953125
0 0.578125 0.4921875 0.01953125 0.01953125
0 0.73046875 0.5 0.01953125 0.01953125
0 0.78515625 0.5 0.01953125 0.01953125
0 0.7890625 0.5 0.01953125 0.01953125
0 0.8984375 0.5 0.01953125 0.01953125
0 0.90234375 0.5 0.01953125 0.01953125
0 0.71875 0.5078125 0.01953125 0.01953125
0 0.78125 0.51171875 0.01953125 0.01953125
0 0.7734375 0.515625 0.01953125 0.01953125
0 0.57421875 0.51953125 0.01953125 0.01953125
0 0.578125 0.51953125 0.01953125 0.01953125
0 0.7734375 0.51953125 0.01953125 0.01953125
0 0.765625 0.5234375 0.01953125 0.01953125
0 0.87109375 0.5234375 0.01953125 0.01953125
0 0.765625 0.52734375 0.01953125 0.01953125
0 0.578125 0.53515625 0.01953125 0.01953125
0 0.75 0.5390625 0.01953125 0.01953125
0 0.57421875 0.55078125 0.01953125 0.01953125
0 0.6796875 0.55859375 0.01953125 0.01953125
0 0.70703125 0.55859375 0.01953125 0.01953125
0 0.85546875 0.55859375 0.01953125 0.01953125
0 0.8671875 0.55859375 0.01953125 0.01953125
0 0.6796875 0.5625 0.01953125 0.01953125
0 0.8671875 0.5625 0.01953125 0.01953125
0 0.578125 0.57421875 0.01953125 0.01953125
0 0.578125 0.578125 0.01953125 0.01953125
0 0.66015625 0.59765625 0.01953125 0.01953125
0 0.66015625 0.64453125 0.01953125 0.01953125
0 0.79296875 0.64453125 0.01953125 0.01953125
0 0.8046875 0.64453125 0.01953125 0.01953125
0 0.82421875 0.64453125 0.01953125 0.01953125
0 0.8359375 0.64453125 0.01953125 0.01953125
0 0.84375 0.64453125 0.01953125 0.01953125
0 0.78125 0.6484375 0.01953125 0.01953125
0 0.78515625 0.6484375 0.01953125 0.01953125
0 0.8125 0.6484375 0.01953125 0.01953125
0 0.85546875 0.6484375 0.01953125 0.01953125
0 0.8671875 0.65625 0.01953125 0.01953125
0 0.57421875 0.6875 0.01953125 0.01953125
0 0.81640625 0.69140625 0.01953125 0.01953125
0 0.84375 0.69140625 0.01953125 0.01953125
0 0.78515625 0.6953125 0.01953125 0.01953125
0 0.57421875 0.73828125 0.01953125 0.01953125
0 0.65234375 0.9765625 0.01953125 0.01953125
