0 0.328125 0.0 0.01953125 0.044642857142857144
0 0.37890625 0.0 0.01953125 0.044642857142857144
0 0.328125 0.008928571428571428 0.01953125 0.044642857142857144
0 0.37890625 0.008928571428571428 0.01953125 0.044642857142857144
0 0.32421875 0.026785714285714284 0.01953125 0.044642857142857144
0 0.328125 0.05357142857142857 0.01953125 0.044642857142857144
0 0.59765625 0.11607142857142858 0.01953125 0.044642857142857144
0 0.59765625 0.125 0.01953125 0.044642857142857144
0 0.00390625 0.22321428571428573 0.01953125 0.044642857142857144
0 0.1328125 0.22321428571428573 0.01953125 0.044642857142857144
0 0.22265625 0.22321428571428573 0.01953125 0.044642857142857144
0 0.80078125 0.23214285714285715 0.01953125 0.044642857142857144
0 0.734375 0.24107142857142858 0.01953125 0.044642857142857144
0 0.73828125 0.24107142857142858 0.01953125 0.044642857142857144
0 0.859375 0.24107142857142858 0.01953125 0.044642857142857144
0 0.8828125 0.24107142857142858 0.01953125 0.044642857142857144
0 0.63671875 0.2767857142857143 0.01953125 0.044642857142857144
0 0.640625 0.2767857142857143 0.01953125 0.044642857142857144
0 0.7578125 0.36607142857142855 0.01953125 0.044642857142857144
0 0.76171875 0.36607142857142855 0.01953125 0.044642857142857144
0 0.71484375 0.4107142857142857 0.01953125 0.044642857142857144
0 0.8359375 0.4107142857142857 0.01953125 0.044642857142857144
0 0.97265625 0.4107142857142857 0.01953125 0.044642857142857144
0 0.10546875 0.5178571428571429 0.01953125 0.044642857142857144
0 0.109375 0.5178571428571429 0.01953125 0.044642857142857144
0 0.203125 0.5178571428571429 0.01953125 0.044642857142857144
0 0.20703125 0.5178571428571429 0.01953125 0.044642857142857144
0 0.10546875 0.5267857142857143 0.01953125 0.044642857142857144
0 0.109375 0.5267857142857143 0.01953125 0.044642857142857144
0 0.12109375 0.5267857142857143 0.01953125 0.044642857142857144
0 0.1328125 0.5267857142857143 0.01953125 0.044642857142857144
0 0.15625 0.5267857142857143 0.01953125 0.044642857142857144
0 0.1796875 0.5267857142857143 0.01953125 0.044642857142857144
0 0.19140625 0.5267857142857143 0.01953125 0.044642857142857144
0 0.2265625 0.5267857142857143 0.01953125 0.044642857142857144
0 0.25 0.5267857142857143 0.01953125 0.044642857142857144
0 0.61328125 0.5357142857142857 0.01953125 0.044642857142857144
0 0.03125 0.5625 0.01953125 0.044642857142857144
0 0.03515625 0.5625 0.01953125 0.044642857142857144
0 0.3203125 0.5625 0.01953125 0.044642857142857144
0 0.03125 0.5892857142857143 0.01953125 0.044642857142857144
0 0.03515625 0.5892857142857143 0.01953125 0.044642857142857144
0 0.37890625 0.6071428571428571 0.01953125 0.044642857142857144
0 0.11328125 0.6160714285714286 0.01953125 0.044642857142857144
0 0.140625 0.6160714285714286 0.01953125 0.044642857142857144
0 0.21484375 0.6160714285714286 0.01953125 0.044642857142857144
0 0.12890625 0.625 0.01953125 0.044642857142857144
0 0.140625 0.625 0.01953125 0.044642857142857144
0 0.1875 0.625 0.01953125 0.044642857142857144
0 0.19140625 0.625 0.01953125 0.044642857142857144
0 0.21484375 0.625 0.01953125 0.044642857142857144
0 0.234375 0.625 0.01953125 0.044642857142857144
0 0.24609375 0.625 0.01953125 0.044642857142857144
0 0.2578125 0.625 0.01953125 0.044642857142857144
0 0.26953125 0.625 0.01953125 0.044642857142857144
0 0.3203125 0.6339285714285714 0.01953125 0.044642857142857144
0 0.31640625 0.6517857142857143 0.01953125 0.044642857142857144
0 0.37890625 0.6696428571428571 0.01953125 0.044642857142857144
0 0.37890625 0.7232142857142857 0.01953125 0.044642857142857144
0 0.68359375 0.7321428571428571 0.01953125 0.044642857142857144
0 0.3203125 0.7410714285714286 0.01953125 0.044642857142857144
0 0.9609375 0.7410714285714286 0.01953125 0.044642857142857144
0 0.75 0.8392857142857143 0.01953125 0.044642857142857144
0 0.96484375 0.8482142857142857 0.01953125 0.044642857142857144
0 0.984375 0.8571428571428571 0.01953125 0.044642857142857144
0 0.98828125 0.8571428571428571 0.01953125 0.044642857142857144
0 0.3984375 0.8660714285714286 0.01953125 0.044642857142857144
0 0.41015625 0.8660714285714286 0.01953125 0.044642857142857144
0 0.3984375 0.875 0.01953125 0.044642857142857144
0 0.74609375 0.875 0.01953125 0.044642857142857144
0 0.56640625 0.8928571428571429 0.01953125 0.044642857142857144
0 0.74609375 0.9017857142857143 0.01953125 0.044642857142857144
0 0.75 0.9017857142857143 0.01953125 0.044642857142857144
0 0.74609375 0.9107142857142857 0.01953125 0.044642857142857144
0 0.75 0.9107142857142857 0.01953125 0.044642857142857144
0 0.12890625 0.9285714285714286 0.01953125 0.044642857142857144
0 0.56640625 0.9285714285714286 0.01953125 0.044642857142857144
0 0.20703125 0.9375 0.01953125 0.044642857142857144
0 0.34765625 0.9375 0.01953125 0.044642857142857144
0 0.74609375 0.9375 0.01953125 0.044642857142857144
0 0.21484375 0.9464285714285714 0.01953125 0.044642857142857144
0 0.21875 0.9464285714285714 0.01953125 0.044642857142857144
0 0.23828125 0.9464285714285714 0.01953125 0.044642857142857144
0 0.74609375 0.9464285714285714 0.01953125 0.044642857142857144
0 0.0546875 0.9553571428571429 0.01953125 0.044642857142857144
0 0.16796875 0.9821428571428571 0.01953125 0.044642857142857144
0 0.171875 0.9821428571428571 0.01953125 0.044642857142857144
0 0.56640625 0.9821428571428571 0.01953125 0.044642857142857144
