0 0.09821428571428571 0.25892857142857145 0.044642857142857144 0.044642857142857144
0 0.09821428571428571 0.26785714285714285 0.044642857142857144 0.044642857142857144
0 0.16071428571428573 0.3392857142857143 0.044642857142857144 0.044642857142857144
0 0.16071428571428573 0.3482142857142857 0.044642857142857144 0.044642857142857144
0 0.6517857142857143 0.375 0.044642857142857144 0.044642857142857144
0 0.5535714285714286 0.4017857142857143 0.044642857142857144 0.044642857142857144
0 0.08035714285714286 0.42857142857142855 0.044642857142857144 0.044642857142857144
0 0.25892857142857145 0.42857142857142855 0.044642857142857144 0.044642857142857144
0 0.26785714285714285 0.42857142857142855 0.044642857142857144 0.044642857142857144
0 0.9375 0.5446428571428571 0.044642857142857144 0.044642857142857144
0 0.4375 0.6428571428571429 0.044642857142857144 0.044642857142857144
0 0.9375 0.6517857142857143 0.044642857142857144 0.044642857142857144
0 0.9553571428571429 0.7053571428571429 0.044642857142857144 0.044642857142857144
0 0.8125 0.7589285714285714 0.044642857142857144 0.044642857142857144
0 0.8125 0.7678571428571429 0.044642857142857144 0.044642857142857144
0 0.39285714285714285 0.8214285714285714 0.044642857142857144 0.044642857142857144
