0 0.9765625 0.01171875 0.01953125 0.01953125
0 0.98828125 0.01171875 0.01953125 0.01953125
0 0.99609375 0.01171875 0.01953125 0.01953125
0 0.19921875 0.01953125 0.01953125 0.01953125
0 0.203125 0.01953125 0.01953125 0.01953125
0 0.96484375 0.03515625 0.01953125 0.01953125
0 0.375 0.0625 0.01953125 0.01953125
0 0.9453125 0.0703125 0.01953125 0.01953125
0 0.984375 0.0703125 0.01953125 0.01953125
0 0.98828125 0.0703125 0.01953125 0.01953125
0 0.99609375 0.0703125 0.01953125 0.01953125
0 0.375 0.0859375 0.01953125 0.01953125
0 0.375 0.08984375 0.01953125 0.01953125
0 0.859375 0.10546875 0.01953125 0.01953125
0 0.18359375 0.14453125 0.01953125 0.01953125
0 0.37109375 0.16015625 0.01953125 0.01953125
0 0.375 0.16015625 0.01953125 0.01953125
0 0.37109375 0.1640625 0.01953125 0.01953125
0 0.375 0.1640625 0.01953125 0.01953125
0 0.5703125 0.16796875 0.01953125 0.01953125
0 0.3671875 0.19921875 0.01953125 0.01953125
0 0.37109375 0.19921875 0.01953125 0.01953125
0 0.609375 0.203125 0.01953125 0.01953125
0 0.796875 0.22265625 0.01953125 0.01953125
0 0.80078125 0.22265625 0.01953125 0.01953125
0 0.59765625 0.234375 0.01953125 0.01953125
0 0.59765625 0.23828125 0.01953125 0.01953125
0 0.484375 0.26171875 0.01953125 0.01953125
0 0.6640625 0.26171875 0.01953125 0.01953125
0 0.69140625 0.26171875 0.01953125 0.01953125
0 0.62109375 0.265625 0.01953125 0.01953125
0 0.69140625 0.265625 0.01953125 0.01953125
0 0.7421875 0.265625 0.01953125 0.01953125
0 0.74609375 0.265625 0.01953125 0.01953125
0 0.75390625 0.265625 0.01953125 0.01953125
0 0.45703125 0.2734375 0.01953125 0.01953125
0 0.45703125 0.28515625 0.01953125 0.01953125
0 0.95703125 0.28515625 0.01953125 0.01953125
0 0.45703125 0.29296875 0.01953125 0.01953125
0 0.5703125 0.29296875 0.01953125 0.01953125
0 0.59375 0.29296875 0.01953125 0.01953125
0 0.59375 0.296875 0.01953125 0.01953125
0 0.64453125 0.3046875 0.01953125 0.01953125
0 0.5703125 0.3203125 0.01953125 0.01953125
0 0.60546875 0.3203125 0.01953125 0.01953125
0 0.59375 0.33203125 0.01953125 0.01953125
0 0.59375 0.3359375 0.01953125 0.01953125
0 0.6640625 0.34375 0.01953125 0.01953125
0 0.5703125 0.34765625 0.01953125 0.01953125
0 0.59375 0.34765625 0.01953125 0.01953125
0 0.59765625 0.34765625 0.01953125 0.01953125
0 0.6640625 0.34765625 0.01953125 0.01953125
0 0.5703125 0.36328125 0.01953125 0.01953125
0 0.640625 0.36328125 0.01953125 0.01953125
0 0.58984375 0.3671875 0.01953125 0.01953125
0 0.59375 0.3671875 0.01953125 0.01953125
0 0.5703125 0.375 0.01953125 0.01953125
0 0.5703125 0.37890625 0.01953125 0.01953125
0 0.640625 0.37890625 0.01953125 0.01953125
0 0.52734375 0.3828125 0.01953125 0.01953125
0 0.53125 0.3828125 0.01953125 0.01953125
0 0.59375 0.38671875 0.01953125 0.01953125
0 0.5703125 0.390625 0.01953125 0.01953125
0 0.640625 0.39453125 0.01953125 0.01953125
0 0.64453125 0.39453125 0.01953125 0.01953125
0 0.52734375 0.3984375 0.01953125 0.01953125
0 0.640625 0.3984375 0.01953125 0.01953125
0 0.64453125 0.3984375 0.01953125 0.01953125
0 0.5703125 0.40625 0.01953125 0.01953125
0 0.640625 0.40625 0.01953125 0.01953125
0 0.52734375 0.41015625 0.01953125 0.01953125
0 0.53125 0.41015625 0.01953125 0.01953125
0 0.640625 0.41015625 0.01953125 0.01953125
0 0.80859375 0.41015625 0.01953125 0.01953125
0 0.80859375 0.4140625 0.01953125 0.01953125
0 0.56640625 0.41796875 0.01953125 0.01953125
0 0.52734375 0.421875 0.01953125 0.01953125
0 0.56640625 0.421875 0.01953125 0.01953125
0 0.640625 0.421875 0.01953125 0.01953125
0 0.5703125 0.4296875 0.01953125 0.01953125
0 0.52734375 0.43359375 0.01953125 0.01953125
0 0.52734375 0.44140625 0.01953125 0.01953125
0 0.85546875 0.44140625 0.01953125 0.01953125
0 0.6171875 0.46484375 0.01953125 0.01953125
0 0.51171875 0.46875 0.01953125 0.01953125
0 0.2265625 0.49609375 0.01953125 0.01953125
0 0.30859375 0.49609375 0.01953125 0.01953125
0 0.2265625 0.5 0.01953125 0.01953125
0 0.30859375 0.5 0.01953125 0.01953125
0 0.75390625 0.515625 0.01953125 0.01953125
0 0.7578125 0.515625 0.01953125 0.01953125
0 0.75390625 0.51953125 0.01953125 0.01953125
0 0.7578125 0.51953125 0.01953125 0.01953125
0 0.56640625 0.52734375 0.01953125 0.01953125
0 0.60546875 0.52734375 0.01953125 0.01953125
0 0.63671875 0.52734375 0.01953125 0.01953125
0 0.703125 0.52734375 0.01953125 0.01953125
0 0.640625 0.54296875 0.01953125 0.01953125
0 0.6640625 0.54296875 0.01953125 0.01953125
0 0.6953125 0.54296875 0.01953125 0.01953125
0 0.72265625 0.54296875 0.01953125 0.01953125
0 0.74609375 0.54296875 0.01953125 0.01953125
0 0.84765625 0.5546875 0.01953125 0.01953125
0 0.75390625 0.57421875 0.01953125 0.01953125
0 0.84765625 0.5859375 0.01953125 0.01953125
0 0.88671875 0.65234375 0.01953125 0.01953125
0 0.890625 0.65234375 0.01953125 0.01953125
0 0.78515625 0.68359375 0.01953125 0.01953125
0 0.828125 0.69921875 0.01953125 0.01953125
0 0.86328125 0.71484375 0.01953125 0.01953125
0 0.875 0.73828125 0.01953125 0.01953125
0 0.88671875 0.76171875 0.01953125 0.01953125
0 0.88671875 0.78515625 0.01953125 0.01953125
0 0.76953125 0.8046875 0.01953125 0.01953125
0 0.76953125 0.8125 0.01953125 0.01953125
0 0.76953125 0.81640625 0.01953125 0.01953125
0 0.78125 0.8203125 0.01953125 0.01953125
0 0.78125 0.82421875 0.01953125 0.01953125
0 0.88671875 0.90625 0.01953125 0.01953125
0 0.8125 0.94921875 0.01953125 0.01953125
0 0.81640625 0.94921875 0.01953125 0.01953125
0 0.8515625 0.953125 0.01953125 0.01953125
0 0.88671875 0.96875 0.01953125 0.01953125
0 0.88671875 0.9921875 0.01953125 0.01953125
0 0.88671875 0.99609375 0.01953125 0.01953125
