0 0.7890625 0.0 0.01953125 0.044642857142857144
0 0.1953125 0.008928571428571428 0.01953125 0.044642857142857144
0 0.20703125 0.008928571428571428 0.01953125 0.044642857142857144
0 0.21875 0.008928571428571428 0.01953125 0.044642857142857144
0 0.23046875 0.008928571428571428 0.01953125 0.044642857142857144
0 0.23828125 0.008928571428571428 0.01953125 0.044642857142857144
0 0.2421875 0.008928571428571428 0.01953125 0.044642857142857144
0 0.25390625 0.008928571428571428 0.01953125 0.044642857142857144
0 0.265625 0.008928571428571428 0.01953125 0.044642857142857144
0 0.27734375 0.008928571428571428 0.01953125 0.044642857142857144
0 0.2890625 0.008928571428571428 0.01953125 0.044642857142857144
0 0.30078125 0.008928571428571428 0.01953125 0.044642857142857144
0 0.3125 0.008928571428571428 0.01953125 0.044642857142857144
0 0.32421875 0.008928571428571428 0.01953125 0.044642857142857144
0 0.3359375 0.008928571428571428 0.01953125 0.044642857142857144
0 0.34765625 0.008928571428571428 0.01953125 0.044642857142857144
0 0.359375 0.008928571428571428 0.01953125 0.044642857142857144
0 0.36328125 0.008928571428571428 0.01953125 0.044642857142857144
0 0.37109375 0.008928571428571428 0.01953125 0.044642857142857144
0 0.3828125 0.008928571428571428 0.01953125 0.044642857142857144
0 0.1953125 0.017857142857142856 0.01953125 0.044642857142857144
0 0.20703125 0.017857142857142856 0.01953125 0.044642857142857144
0 0.21875 0.017857142857142856 0.01953125 0.044642857142857144
0 0.23046875 0.017857142857142856 0.01953125 0.044642857142857144
0 0.265625 0.017857142857142856 0.01953125 0.044642857142857144
0 0.37109375 0.017857142857142856 0.01953125 0.044642857142857144
0 0.98046875 0.017857142857142856 0.01953125 0.044642857142857144
0 0.421875 0.026785714285714284 0.01953125 0.044642857142857144
0 0.421875 0.03571428571428571 0.01953125 0.044642857142857144
0 0.7890625 0.03571428571428571 0.01953125 0.044642857142857144
0 0.01171875 0.044642857142857144 0.01953125 0.044642857142857144
0 0.015625 0.044642857142857144 0.01953125 0.044642857142857144
0 0.7890625 0.044642857142857144 0.01953125 0.044642857142857144
0 0.7890625 0.0625 0.01953125 0.044642857142857144
0 0.02734375 0.08035714285714286 0.01953125 0.044642857142857144
0 0.05078125 0.08035714285714286 0.01953125 0.044642857142857144
0 0.05859375 0.08035714285714286 0.01953125 0.044642857142857144
0 0.0625 0.08035714285714286 0.01953125 0.044642857142857144
0 0.0859375 0.08035714285714286 0.01953125 0.044642857142857144
0 0.09765625 0.08035714285714286 0.01953125 0.044642857142857144
0 0.12109375 0.08035714285714286 0.01953125 0.044642857142857144
0 0.14453125 0.08035714285714286 0.01953125 0.044642857142857144
0 0.19140625 0.08035714285714286 0.01953125 0.044642857142857144
0 0.83984375 0.08035714285714286 0.01953125 0.044642857142857144
0 0.03515625 0.08928571428571429 0.01953125 0.044642857142857144
0 0.0390625 0.08928571428571429 0.01953125 0.044642857142857144
0 0.05859375 0.08928571428571429 0.01953125 0.044642857142857144
0 0.0625 0.08928571428571429 0.01953125 0.044642857142857144
0 0.0703125 0.08928571428571429 0.01953125 0.044642857142857144
0 0.12890625 0.08928571428571429 0.01953125 0.044642857142857144
0 0.14453125 0.08928571428571429 0.01953125 0.044642857142857144
0 0.19140625 0.08928571428571429 0.01953125 0.044642857142857144
0 0.203125 0.08928571428571429 0.01953125 0.044642857142857144
0 0.21484375 0.08928571428571429 0.01953125 0.044642857142857144
0 0.2265625 0.08928571428571429 0.01953125 0.044642857142857144
0 0.23828125 0.08928571428571429 0.01953125 0.044642857142857144
0 0.25 0.08928571428571429 0.01953125 0.044642857142857144
0 0.26171875 0.08928571428571429 0.01953125 0.044642857142857144
0 0.26953125 0.08928571428571429 0.01953125 0.044642857142857144
0 0.2734375 0.08928571428571429 0.01953125 0.044642857142857144
0 0.31640625 0.08928571428571429 0.01953125 0.044642857142857144
0 0.328125 0.08928571428571429 0.01953125 0.044642857142857144
0 0.375 0.08928571428571429 0.01953125 0.044642857142857144
0 0.3828125 0.08928571428571429 0.01953125 0.044642857142857144
0 0.421875 0.08928571428571429 0.01953125 0.044642857142857144
0 0.83984375 0.08928571428571429 0.01953125 0.044642857142857144
0 0.98046875 0.08928571428571429 0.01953125 0.044642857142857144
0 0.26171875 0.09821428571428571 0.01953125 0.044642857142857144
0 0.28125 0.09821428571428571 0.01953125 0.044642857142857144
0 0.29296875 0.09821428571428571 0.01953125 0.044642857142857144
0 0.3046875 0.09821428571428571 0.01953125 0.044642857142857144
0 0.31640625 0.09821428571428571 0.01953125 0.044642857142857144
0 0.328125 0.09821428571428571 0.01953125 0.044642857142857144
0 0.33984375 0.09821428571428571 0.01953125 0.044642857142857144
0 0.34765625 0.09821428571428571 0.01953125 0.044642857142857144
0 0.3515625 0.09821428571428571 0.01953125 0.044642857142857144
0 0.359375 0.09821428571428571 0.01953125 0.044642857142857144
0 0.36328125 0.09821428571428571 0.01953125 0.044642857142857144
0 0.375 0.09821428571428571 0.01953125 0.044642857142857144
0 0.3828125 0.09821428571428571 0.01953125 0.044642857142857144
0 0.7890625 0.10714285714285714 0.01953125 0.044642857142857144
0 0.83984375 0.10714285714285714 0.01953125 0.044642857142857144
0 0.16015625 0.17857142857142858 0.01953125 0.044642857142857144
0 0.16015625 0.1875 0.01953125 0.044642857142857144
0 0.0 0.19642857142857142 0.01953125 0.044642857142857144
0 0.02734375 0.19642857142857142 0.01953125 0.044642857142857144
0 0.046875 0.19642857142857142 0.01953125 0.044642857142857144
0 0.0703125 0.19642857142857142 0.01953125 0.044642857142857144
0 0.09375 0.19642857142857142 0.01953125 0.044642857142857144
0 0.09375 0.20535714285714285 0.01953125 0.044642857142857144
0 0.19921875 0.20535714285714285 0.01953125 0.044642857142857144
0 0.2265625 0.20535714285714285 0.01953125 0.044642857142857144
0 0.25390625 0.20535714285714285 0.01953125 0.044642857142857144
0 0.27734375 0.20535714285714285 0.01953125 0.044642857142857144
0 0.296875 0.20535714285714285 0.01953125 0.044642857142857144
0 0.30078125 0.20535714285714285 0.01953125 0.044642857142857144
0 0.33984375 0.20535714285714285 0.01953125 0.044642857142857144
0 0.36328125 0.20535714285714285 0.01953125 0.044642857142857144
0 0.3671875 0.20535714285714285 0.01953125 0.044642857142857144
0 0.85546875 0.21428571428571427 0.01953125 0.044642857142857144
0 0.875 0.21428571428571427 0.01953125 0.044642857142857144
0 0.98046875 0.21428571428571427 0.01953125 0.044642857142857144
0 0.98046875 0.22321428571428573 0.01953125 0.044642857142857144
0 0.72265625 0.2767857142857143 0.01953125 0.044642857142857144
0 0.1953125 0.30357142857142855 0.01953125 0.044642857142857144
0 0.19921875 0.30357142857142855 0.01953125 0.044642857142857144
0 0.1328125 0.36607142857142855 0.01953125 0.044642857142857144
0 0.1328125 0.375 0.01953125 0.044642857142857144
0 0.26953125 0.375 0.01953125 0.044642857142857144
0 0.2734375 0.375 0.01953125 0.044642857142857144
0 0.203125 0.5 0.01953125 0.044642857142857144
0 0.234375 0.5 0.01953125 0.044642857142857144
0 0.2421875 0.5 0.01953125 0.044642857142857144
0 0.25 0.5 0.01953125 0.044642857142857144
0 0.25390625 0.5 0.01953125 0.044642857142857144
0 0.28515625 0.5 0.01953125 0.044642857142857144
0 0.09375 0.5089285714285714 0.01953125 0.044642857142857144
0 0.234375 0.5089285714285714 0.01953125 0.044642857142857144
0 0.25 0.5089285714285714 0.01953125 0.044642857142857144
0 0.25390625 0.5089285714285714 0.01953125 0.044642857142857144
0 0.28515625 0.5089285714285714 0.01953125 0.044642857142857144
0 0.38671875 0.5089285714285714 0.01953125 0.044642857142857144
0 0.83203125 0.5089285714285714 0.01953125 0.044642857142857144
0 0.26171875 0.5178571428571429 0.01953125 0.044642857142857144
0 0.2734375 0.5178571428571429 0.01953125 0.044642857142857144
0 0.3671875 0.5178571428571429 0.01953125 0.044642857142857144
0 0.3671875 0.5267857142857143 0.01953125 0.044642857142857144
0 0.9609375 0.5267857142857143 0.01953125 0.044642857142857144
0 0.84765625 0.5982142857142857 0.01953125 0.044642857142857144
0 0.88671875 0.5982142857142857 0.01953125 0.044642857142857144
0 0.90625 0.5982142857142857 0.01953125 0.044642857142857144
0 0.91015625 0.5982142857142857 0.01953125 0.044642857142857144
0 0.67578125 0.6071428571428571 0.01953125 0.044642857142857144
0 0.828125 0.6071428571428571 0.01953125 0.044642857142857144
0 0.84765625 0.6071428571428571 0.01953125 0.044642857142857144
0 0.875 0.6071428571428571 0.01953125 0.044642857142857144
0 0.88671875 0.6071428571428571 0.01953125 0.044642857142857144
0 0.21875 0.6160714285714286 0.01953125 0.044642857142857144
0 0.23046875 0.6160714285714286 0.01953125 0.044642857142857144
0 0.23828125 0.6160714285714286 0.01953125 0.044642857142857144
0 0.2421875 0.6160714285714286 0.01953125 0.044642857142857144
0 0.25 0.6160714285714286 0.01953125 0.044642857142857144
0 0.2578125 0.6160714285714286 0.01953125 0.044642857142857144
0 0.26953125 0.6160714285714286 0.01953125 0.044642857142857144
0 0.28125 0.6160714285714286 0.01953125 0.044642857142857144
0 0.2890625 0.6160714285714286 0.01953125 0.044642857142857144
0 0.36328125 0.6160714285714286 0.01953125 0.044642857142857144
0 0.3671875 0.6160714285714286 0.01953125 0.044642857142857144
0 0.67578125 0.6160714285714286 0.01953125 0.044642857142857144
0 0.75 0.6339285714285714 0.01953125 0.044642857142857144
0 0.17578125 0.6517857142857143 0.01953125 0.044642857142857144
0 0.17578125 0.6607142857142857 0.01953125 0.044642857142857144
0 0.23046875 0.6607142857142857 0.01953125 0.044642857142857144
0 0.2421875 0.6607142857142857 0.01953125 0.044642857142857144
0 0.25 0.6607142857142857 0.01953125 0.044642857142857144
0 0.26171875 0.6607142857142857 0.01953125 0.044642857142857144
0 0.26953125 0.6607142857142857 0.01953125 0.044642857142857144
0 0.28125 0.6607142857142857 0.01953125 0.044642857142857144
0 0.29296875 0.6607142857142857 0.01953125 0.044642857142857144
0 0.3515625 0.6607142857142857 0.01953125 0.044642857142857144
0 0.74609375 0.6875 0.01953125 0.044642857142857144
0 0.42578125 0.6964285714285714 0.01953125 0.044642857142857144
0 0.17578125 0.7142857142857143 0.01953125 0.044642857142857144
0 0.4296875 0.7142857142857143 0.01953125 0.044642857142857144
0 0.4296875 0.7232142857142857 0.01953125 0.044642857142857144
0 0.75 0.7410714285714286 0.01953125 0.044642857142857144
0 0.4296875 0.75 0.01953125 0.044642857142857144
0 0.75 0.75 0.01953125 0.044642857142857144
0 0.91796875 0.7589285714285714 0.01953125 0.044642857142857144
0 0.23046875 0.7678571428571429 0.01953125 0.044642857142857144
0 0.27734375 0.7678571428571429 0.01953125 0.044642857142857144
0 0.33203125 0.7678571428571429 0.01953125 0.044642857142857144
0 0.36328125 0.7678571428571429 0.01953125 0.044642857142857144
0 0.42578125 0.7678571428571429 0.01953125 0.044642857142857144
0 0.4296875 0.7678571428571429 0.01953125 0.044642857142857144
0 0.91796875 0.7678571428571429 0.01953125 0.044642857142857144
0 0.171875 0.7767857142857143 0.01953125 0.044642857142857144
0 0.1875 0.7767857142857143 0.01953125 0.044642857142857144
0 0.23828125 0.7767857142857143 0.01953125 0.044642857142857144
0 0.25 0.7767857142857143 0.01953125 0.044642857142857144
0 0.2578125 0.7767857142857143 0.01953125 0.044642857142857144
0 0.26953125 0.7767857142857143 0.01953125 0.044642857142857144
0 0.2890625 0.7767857142857143 0.01953125 0.044642857142857144
0 0.34375 0.7767857142857143 0.01953125 0.044642857142857144
0 0.95703125 0.7946428571428571 0.01953125 0.044642857142857144
0 0.21484375 0.8125 0.01953125 0.044642857142857144
0 0.21875 0.8125 0.01953125 0.044642857142857144
0 0.2265625 0.8125 0.01953125 0.044642857142857144
0 0.23046875 0.8125 0.01953125 0.044642857142857144
0 0.25 0.8125 0.01953125 0.044642857142857144
0 0.2890625 0.8125 0.01953125 0.044642857142857144
0 0.33203125 0.8125 0.01953125 0.044642857142857144
0 0.42578125 0.8125 0.01953125 0.044642857142857144
0 0.4296875 0.8125 0.01953125 0.044642857142857144
0 0.2578125 0.8214285714285714 0.01953125 0.044642857142857144
0 0.26953125 0.8214285714285714 0.01953125 0.044642857142857144
0 0.27734375 0.8214285714285714 0.01953125 0.044642857142857144
0 0.2890625 0.8214285714285714 0.01953125 0.044642857142857144
0 0.34375 0.8214285714285714 0.01953125 0.044642857142857144
0 0.42578125 0.8214285714285714 0.01953125 0.044642857142857144
0 0.4296875 0.8214285714285714 0.01953125 0.044642857142857144
0 0.86328125 0.8303571428571429 0.01953125 0.044642857142857144
0 0.953125 0.8392857142857143 0.01953125 0.044642857142857144
0 0.17578125 0.8482142857142857 0.01953125 0.044642857142857144
0 0.42578125 0.8660714285714286 0.01953125 0.044642857142857144
0 0.953125 0.8928571428571429 0.01953125 0.044642857142857144
0 0.17578125 0.9017857142857143 0.01953125 0.044642857142857144
0 0.046875 0.9196428571428571 0.01953125 0.044642857142857144
0 0.2578125 0.9196428571428571 0.01953125 0.044642857142857144
0 0.26953125 0.9196428571428571 0.01953125 0.044642857142857144
0 0.27734375 0.9196428571428571 0.01953125 0.044642857142857144
0 0.65625 0.9196428571428571 0.01953125 0.044642857142857144
0 0.02734375 0.9285714285714286 0.01953125 0.044642857142857144
0 0.05859375 0.9285714285714286 0.01953125 0.044642857142857144
0 0.1953125 0.9285714285714286 0.01953125 0.044642857142857144
0 0.20703125 0.9285714285714286 0.01953125 0.044642857142857144
0 0.26953125 0.9285714285714286 0.01953125 0.044642857142857144
0 0.27734375 0.9285714285714286 0.01953125 0.044642857142857144
0 0.015625 0.9375 0.01953125 0.044642857142857144
0 0.890625 0.9464285714285714 0.01953125 0.044642857142857144
0 0.890625 0.9642857142857143 0.01953125 0.044642857142857144
0 0.94921875 0.9732142857142857 0.01953125 0.044642857142857144
0 0.94921875 0.9910714285714286 0.01953125 0.044642857142857144
