0 0.9609375 0.08928571428571429 0.01953125 0.044642857142857144
0 0.98828125 0.08928571428571429 0.01953125 0.044642857142857144
0 0.91015625 0.19642857142857142 0.01953125 0.044642857142857144
0 0.9140625 0.19642857142857142 0.01953125 0.044642857142857144
0 0.953125 0.19642857142857142 0.01953125 0.044642857142857144
0 0.97265625 0.19642857142857142 0.01953125 0.044642857142857144
0 0.56640625 0.21428571428571427 0.01953125 0.044642857142857144
0 0.7109375 0.3125 0.01953125 0.044642857142857144
0 0.7109375 0.32142857142857145 0.01953125 0.044642857142857144
0 0.0234375 0.33035714285714285 0.01953125 0.044642857142857144
0 0.04296875 0.33035714285714285 0.01953125 0.044642857142857144
0 0.2578125 0.33035714285714285 0.01953125 0.044642857142857144
0 0.27734375 0.33035714285714285 0.01953125 0.044642857142857144
0 0.2578125 0.3392857142857143 0.01953125 0.044642857142857144
0 0.27734375 0.3392857142857143 0.01953125 0.044642857142857144
0 0.32421875 0.3392857142857143 0.01953125 0.044642857142857144
0 0.37890625 0.3392857142857143 0.01953125 0.044642857142857144
0 0.46875 0.3392857142857143 0.01953125 0.044642857142857144
0 0.53125 0.3392857142857143 0.01953125 0.044642857142857144
0 0.5546875 0.3392857142857143 0.01953125 0.044642857142857144
0 0.57421875 0.3392857142857143 0.01953125 0.044642857142857144
0 0.83203125 0.3392857142857143 0.01953125 0.044642857142857144
0 0.53125 0.3482142857142857 0.01953125 0.044642857142857144
0 0.5546875 0.3482142857142857 0.01953125 0.044642857142857144
0 0.83203125 0.3482142857142857 0.01953125 0.044642857142857144
0 0.76171875 0.35714285714285715 0.01953125 0.044642857142857144
0 0.9453125 0.36607142857142855 0.01953125 0.044642857142857144
0 0.140625 0.38392857142857145 0.01953125 0.044642857142857144
0 0.15625 0.38392857142857145 0.01953125 0.044642857142857144
0 0.171875 0.38392857142857145 0.01953125 0.044642857142857144
0 0.18359375 0.38392857142857145 0.01953125 0.044642857142857144
0 0.1875 0.38392857142857145 0.01953125 0.044642857142857144
0 0.96875 0.39285714285714285 0.01953125 0.044642857142857144
0 0.96875 0.4017857142857143 0.01953125 0.044642857142857144
0 0.98828125 0.4017857142857143 0.01953125 0.044642857142857144
0 0.10546875 0.49107142857142855 0.01953125 0.044642857142857144
0 0.109375 0.5982142857142857 0.01953125 0.044642857142857144
0 0.109375 0.6071428571428571 0.01953125 0.044642857142857144
0 0.10546875 0.6517857142857143 0.01953125 0.044642857142857144
0 0.765625 0.6607142857142857 0.01953125 0.044642857142857144
0 0.8203125 0.6964285714285714 0.01953125 0.044642857142857144
0 0.7890625 0.7321428571428571 0.01953125 0.044642857142857144
0 0.79296875 0.7321428571428571 0.01953125 0.044642857142857144
0 0.10546875 0.7410714285714286 0.01953125 0.044642857142857144
0 0.0 0.7946428571428571 0.01953125 0.044642857142857144
0 0.76171875 0.8303571428571429 0.01953125 0.044642857142857144
0 0.765625 0.8303571428571429 0.01953125 0.044642857142857144
0 0.125 0.8392857142857143 0.01953125 0.044642857142857144
0 0.125 0.8482142857142857 0.01953125 0.044642857142857144
0 0.0546875 0.9017857142857143 0.01953125 0.044642857142857144
0 0.0625 0.9017857142857143 0.01953125 0.044642857142857144
0 0.0703125 0.9017857142857143 0.01953125 0.044642857142857144
0 0.08203125 0.9017857142857143 0.01953125 0.044642857142857144
0 0.1328125 0.9017857142857143 0.01953125 0.044642857142857144
0 0.0546875 0.9107142857142857 0.01953125 0.044642857142857144
0 0.84765625 0.9642857142857143 0.01953125 0.044642857142857144
0 0.078125 0.9732142857142857 0.01953125 0.044642857142857144
0 0.83203125 0.9821428571428571 0.01953125 0.044642857142857144
