0 0.6785714285714286 0.0078125 0.044642857142857144 0.01953125
0 0.7142857142857143 0.0078125 0.044642857142857144 0.01953125
0 0.6428571428571429 0.01171875 0.044642857142857144 0.01953125
0 0.6517857142857143 0.01171875 0.044642857142857144 0.01953125
0 0.4107142857142857 0.01953125 0.044642857142857144 0.01953125
0 0.41964285714285715 0.04296875 0.044642857142857144 0.01953125
0 0.38392857142857145 0.0625 0.044642857142857144 0.01953125
0 0.42857142857142855 0.11328125 0.044642857142857144 0.01953125
0 0.41964285714285715 0.12109375 0.044642857142857144 0.01953125
0 0.41964285714285715 0.125 0.044642857142857144 0.01953125
0 0.41964285714285715 0.1328125 0.044642857142857144 0.01953125
0 0.7232142857142857 0.140625 0.044642857142857144 0.01953125
0 0.41964285714285715 0.14453125 0.044642857142857144 0.01953125
0 0.7232142857142857 0.14453125 0.044642857142857144 0.01953125
0 0.23214285714285715 0.265625 0.044642857142857144 0.01953125
0 0.23214285714285715 0.26953125 0.044642857142857144 0.01953125
0 0.26785714285714285 0.36328125 0.044642857142857144 0.01953125
0 0.26785714285714285 0.375 0.044642857142857144 0.01953125
0 0.26785714285714285 0.38671875 0.044642857142857144 0.01953125
0 0.0 0.3984375 0.044642857142857144 0.01953125
0 0.05357142857142857 0.3984375 0.044642857142857144 0.01953125
0 0.26785714285714285 0.40625 0.044642857142857144 0.01953125
0 0.26785714285714285 0.4140625 0.044642857142857144 0.01953125
0 0.5625 0.4140625 0.044642857142857144 0.01953125
0 0.5892857142857143 0.4140625 0.044642857142857144 0.01953125
0 0.17857142857142858 0.41796875 0.044642857142857144 0.01953125
0 0.1875 0.42578125 0.044642857142857144 0.01953125
0 0.19642857142857142 0.42578125 0.044642857142857144 0.01953125
0 0.25892857142857145 0.42578125 0.044642857142857144 0.01953125
0 0.26785714285714285 0.42578125 0.044642857142857144 0.01953125
0 0.026785714285714284 0.43359375 0.044642857142857144 0.01953125
0 0.1875 0.4375 0.044642857142857144 0.01953125
0 0.26785714285714285 0.4375 0.044642857142857144 0.01953125
0 0.26785714285714285 0.4453125 0.044642857142857144 0.01953125
0 0.26785714285714285 0.44921875 0.044642857142857144 0.01953125
0 0.26785714285714285 0.45703125 0.044642857142857144 0.01953125
0 0.4375 0.45703125 0.044642857142857144 0.01953125
0 0.4375 0.46484375 0.044642857142857144 0.01953125
0 0.5089285714285714 0.46875 0.044642857142857144 0.01953125
0 0.5267857142857143 0.46875 0.044642857142857144 0.01953125
0 0.5535714285714286 0.46875 0.044642857142857144 0.01953125
0 0.5803571428571429 0.46875 0.044642857142857144 0.01953125
0 0.5982142857142857 0.46875 0.044642857142857144 0.01953125
0 0.625 0.46875 0.044642857142857144 0.01953125
0 0.6428571428571429 0.46875 0.044642857142857144 0.01953125
0 0.6696428571428571 0.46875 0.044642857142857144 0.01953125
0 0.4375 0.4765625 0.044642857142857144 0.01953125
0 0.044642857142857144 0.49609375 0.044642857142857144 0.01953125
0 0.13392857142857142 0.49609375 0.044642857142857144 0.01953125
0 0.14285714285714285 0.49609375 0.044642857142857144 0.01953125
0 0.09821428571428571 0.5 0.044642857142857144 0.01953125
0 0.9017857142857143 0.51171875 0.044642857142857144 0.01953125
0 0.08928571428571429 0.54296875 0.044642857142857144 0.01953125
0 0.08928571428571429 0.546875 0.044642857142857144 0.01953125
0 0.14285714285714285 0.546875 0.044642857142857144 0.01953125
0 0.16071428571428573 0.546875 0.044642857142857144 0.01953125
0 0.6160714285714286 0.61328125 0.044642857142857144 0.01953125
0 0.625 0.61328125 0.044642857142857144 0.01953125
0 0.5714285714285714 0.640625 0.044642857142857144 0.01953125
0 0.8571428571428571 0.640625 0.044642857142857144 0.01953125
0 0.8660714285714286 0.640625 0.044642857142857144 0.01953125
0 0.09821428571428571 0.65625 0.044642857142857144 0.01953125
0 0.8571428571428571 0.66015625 0.044642857142857144 0.01953125
0 0.8660714285714286 0.66015625 0.044642857142857144 0.01953125
0 0.14285714285714285 0.6953125 0.044642857142857144 0.01953125
0 0.14285714285714285 0.69921875 0.044642857142857144 0.01953125
0 0.36607142857142855 0.71484375 0.044642857142857144 0.01953125
0 0.36607142857142855 0.71875 0.044642857142857144 0.01953125
0 0.08035714285714286 0.7578125 0.044642857142857144 0.01953125
0 0.5892857142857143 0.765625 0.044642857142857144 0.01953125
0 0.8571428571428571 0.78125 0.044642857142857144 0.01953125
0 0.375 0.78515625 0.044642857142857144 0.01953125
0 0.41964285714285715 0.78515625 0.044642857142857144 0.01953125
0 0.44642857142857145 0.78515625 0.044642857142857144 0.01953125
0 0.8571428571428571 0.80078125 0.044642857142857144 0.01953125
0 0.05357142857142857 0.80859375 0.044642857142857144 0.01953125
0 0.3482142857142857 0.82421875 0.044642857142857144 0.01953125
0 0.41964285714285715 0.82421875 0.044642857142857144 0.01953125
0 0.42857142857142855 0.82421875 0.044642857142857144 0.01953125
0 0.7232142857142857 0.890625 0.044642857142857144 0.01953125
0 0.7232142857142857 0.89453125 0.044642857142857144 0.01953125
0 0.6696428571428571 0.9453125 0.044642857142857144 0.01953125
0 0.5 0.94921875 0.044642857142857144 0.01953125
0 0.6160714285714286 0.94921875 0.044642857142857144 0.01953125
0 0.625 0.94921875 0.044642857142857144 0.01953125
