0 0.6328125 0.0 0.01953125 0.044642857142857144
0 0.54296875 0.017857142857142856 0.01953125 0.044642857142857144
0 0.96484375 0.03571428571428571 0.01953125 0.044642857142857144
0 0.8671875 0.05357142857142857 0.01953125 0.044642857142857144
0 0.76171875 0.15178571428571427 0.01953125 0.044642857142857144
0 0.00390625 0.24107142857142858 0.01953125 0.044642857142857144
0 0.0234375 0.24107142857142858 0.01953125 0.044642857142857144
0 0.05078125 0.24107142857142858 0.01953125 0.044642857142857144
0 0.07421875 0.24107142857142858 0.01953125 0.044642857142857144
0 0.234375 0.25 0.01953125 0.044642857142857144
0 0.2578125 0.25 0.01953125 0.044642857142857144
0 0.3125 0.25 0.01953125 0.044642857142857144
0 0.3359375 0.25 0.01953125 0.044642857142857144
0 0.38671875 0.25 0.01953125 0.044642857142857144
0 0.609375 0.25 0.01953125 0.044642857142857144
0 0.61328125 0.25 0.01953125 0.044642857142857144
0 0.79296875 0.25892857142857145 0.01953125 0.044642857142857144
0 0.89453125 0.25892857142857145 0.01953125 0.044642857142857144
0 0.95703125 0.29464285714285715 0.01953125 0.044642857142857144
0 0.1640625 0.3125 0.01953125 0.044642857142857144
0 0.44140625 0.3125 0.01953125 0.044642857142857144
0 0.44140625 0.32142857142857145 0.01953125 0.044642857142857144
0 0.54296875 0.32142857142857145 0.01953125 0.044642857142857144
0 0.546875 0.32142857142857145 0.01953125 0.044642857142857144
0 0.68359375 0.32142857142857145 0.01953125 0.044642857142857144
0 0.69921875 0.35714285714285715 0.01953125 0.044642857142857144
0 0.703125 0.35714285714285715 0.01953125 0.044642857142857144
0 0.3203125 0.375 0.01953125 0.044642857142857144
0 0.09765625 0.4107142857142857 0.01953125 0.044642857142857144
0 0.15234375 0.4107142857142857 0.01953125 0.044642857142857144
0 0.15625 0.4107142857142857 0.01953125 0.044642857142857144
0 0.24609375 0.41964285714285715 0.01953125 0.044642857142857144
0 0.60546875 0.41964285714285715 0.01953125 0.044642857142857144
0 0.6640625 0.42857142857142855 0.01953125 0.044642857142857144
0 0.7421875 0.42857142857142855 0.01953125 0.044642857142857144
0 0.80859375 0.42857142857142855 0.01953125 0.044642857142857144
0 0.8359375 0.42857142857142855 0.01953125 0.044642857142857144
0 0.83984375 0.42857142857142855 0.01953125 0.044642857142857144
0 0.515625 0.5178571428571429 0.01953125 0.044642857142857144
0 0.51953125 0.5178571428571429 0.01953125 0.044642857142857144
0 0.79296875 0.6875 0.01953125 0.044642857142857144
0 0.79296875 0.6964285714285714 0.01953125 0.044642857142857144
0 0.00390625 0.75 0.01953125 0.044642857142857144
0 0.6640625 0.7767857142857143 0.01953125 0.044642857142857144
0 0.46484375 0.7946428571428571 0.01953125 0.044642857142857144
0 0.71484375 0.875 0.01953125 0.044642857142857144
0 0.71875 0.875 0.01953125 0.044642857142857144
0 0.46484375 0.9017857142857143 0.01953125 0.044642857142857144
0 0.7109375 0.9017857142857143 0.01953125 0.044642857142857144
0 0.70703125 0.9196428571428571 0.01953125 0.044642857142857144
