0 0.14453125 0.0 0.01953125 0.01953125
0 0.1484375 0.0 0.01953125 0.01953125
0 0.3125 0.00390625 0.01953125 0.01953125
0 0.99609375 0.0078125 0.01953125 0.01953125
0 0.54296875 0.015625 0.01953125 0.01953125
0 0.5546875 0.0234375 0.01953125 0.01953125
0 0.5625 0.02734375 0.01953125 0.01953125
0 0.57421875 0.03515625 0.01953125 0.01953125
0 0.5859375 0.0390625 0.01953125 0.01953125
0 0.04296875 0.15625 0.01953125 0.01953125
0 0.66796875 0.17578125 0.01953125 0.01953125
0 0.67578125 0.1796875 0.01953125 0.01953125
0 0.05078125 0.1875 0.01953125 0.01953125
0 0.05078125 0.19140625 0.01953125 0.01953125
0 0.72265625 0.2109375 0.01953125 0.01953125
0 0.9375 0.2109375 0.01953125 0.01953125
0 0.72265625 0.21484375 0.01953125 0.01953125
0 0.734375 0.21875 0.01953125 0.01953125
0 0.75390625 0.23046875 0.01953125 0.01953125
0 0.98046875 0.2734375 0.01953125 0.01953125
0 0.08203125 0.28515625 0.01953125 0.01953125
0 0.4140625 0.37109375 0.01953125 0.01953125
0 0.01171875 0.3828125 0.01953125 0.01953125
0 0.0859375 0.38671875 0.01953125 0.01953125
0 0.08984375 0.38671875 0.01953125 0.01953125
0 0.34375 0.4375 0.01953125 0.01953125
0 0.08203125 0.453125 0.01953125 0.01953125
0 0.08203125 0.45703125 0.01953125 0.01953125
0 0.328125 0.4765625 0.01953125 0.01953125
0 0.31640625 0.49609375 0.01953125 0.01953125
0 0.0703125 0.5625 0.01953125 0.01953125
0 0.0859375 0.5625 0.01953125 0.01953125
0 0.0859375 0.56640625 0.01953125 0.01953125
0 0.4921875 0.61328125 0.01953125 0.01953125
0 0.4453125 0.65234375 0.01953125 0.01953125
0 0.98828125 0.68359375 0.01953125 0.01953125
0 0.9765625 0.703125 0.01953125 0.01953125
0 0.4296875 0.71875 0.01953125 0.01953125
0 0.96484375 0.71875 0.01953125 0.01953125
0 0.96875 0.71875 0.01953125 0.01953125
0 0.99609375 0.73046875 0.01953125 0.01953125
0 0.98828125 0.73828125 0.01953125 0.01953125
0 0.3671875 0.74609375 0.01953125 0.01953125
0 0.984375 0.74609375 0.01953125 0.01953125
0 0.375 0.75 0.01953125 0.01953125
0 0.98046875 0.7578125 0.01953125 0.01953125
0 0.984375 0.7578125 0.01953125 0.01953125
0 0.06640625 0.85546875 0.01953125 0.01953125
0 0.546875 0.8984375 0.01953125 0.01953125
0 0.55078125 0.8984375 0.01953125 0.01953125
0 0.0625 0.90234375 0.01953125 0.01953125
0 0.1640625 0.92578125 0.01953125 0.01953125
0 0.6015625 0.9375 0.01953125 0.01953125
