0 0.9035532994923858 0.03225806451612903 0.025380710659898477 0.02304147465437788
0 0.8984771573604061 0.1382488479262673 0.025380710659898477 0.02304147465437788
0 0.9086294416243654 0.14285714285714285 0.025380710659898477 0.02304147465437788
0 0.9137055837563451 0.14285714285714285 0.025380710659898477 0.02304147465437788
0 0.9441624365482234 0.16129032258064516 0.025380710659898477 0.02304147465437788
0 0.5939086294416244 0.3087557603686636 0.025380710659898477 0.02304147465437788
0 0.5126903553299492 0.31797235023041476 0.025380710659898477 0.02304147465437788
0 0.6040609137055838 0.31797235023041476 0.025380710659898477 0.02304147465437788
0 0.5685279187817259 0.3271889400921659 0.025380710659898477 0.02304147465437788
0 0.5736040609137056 0.3271889400921659 0.025380710659898477 0.02304147465437788
0 0.5888324873096447 0.34101382488479265 0.025380710659898477 0.02304147465437788
0 0.5939086294416244 0.34101382488479265 0.025380710659898477 0.02304147465437788
0 0.47715736040609136 0.35023041474654376 0.025380710659898477 0.02304147465437788
0 0.5989847715736041 0.35023041474654376 0.025380710659898477 0.02304147465437788
0 0.6192893401015228 0.3640552995391705 0.025380710659898477 0.02304147465437788
0 0.467005076142132 0.37327188940092165 0.025380710659898477 0.02304147465437788
0 0.5380710659898477 0.37327188940092165 0.025380710659898477 0.02304147465437788
0 0.5482233502538071 0.3824884792626728 0.025380710659898477 0.02304147465437788
0 0.649746192893401 0.3824884792626728 0.025380710659898477 0.02304147465437788
0 0.5583756345177665 0.3870967741935484 0.025380710659898477 0.02304147465437788
0 0.5177664974619289 0.391705069124424 0.025380710659898477 0.02304147465437788
0 0.6598984771573604 0.391705069124424 0.025380710659898477 0.02304147465437788
0 0.7106598984771574 0.391705069124424 0.025380710659898477 0.02304147465437788
0 0.4365482233502538 0.39631336405529954 0.025380710659898477 0.02304147465437788
0 0.4416243654822335 0.39631336405529954 0.025380710659898477 0.02304147465437788
0 0.5634517766497462 0.39631336405529954 0.025380710659898477 0.02304147465437788
0 0.5685279187817259 0.39631336405529954 0.025380710659898477 0.02304147465437788
0 0.4365482233502538 0.4009216589861751 0.025380710659898477 0.02304147465437788
0 0.4416243654822335 0.4009216589861751 0.025380710659898477 0.02304147465437788
0 0.5279187817258884 0.4009216589861751 0.025380710659898477 0.02304147465437788
0 0.5329949238578681 0.4009216589861751 0.025380710659898477 0.02304147465437788
0 0.5786802030456852 0.4009216589861751 0.025380710659898477 0.02304147465437788
0 0.6802030456852792 0.4009216589861751 0.025380710659898477 0.02304147465437788
0 0.5431472081218274 0.4055299539170507 0.025380710659898477 0.02304147465437788
0 0.4365482233502538 0.41013824884792627 0.025380710659898477 0.02304147465437788
0 0.583756345177665 0.41013824884792627 0.025380710659898477 0.02304147465437788
0 0.5532994923857868 0.4147465437788018 0.025380710659898477 0.02304147465437788
0 0.5939086294416244 0.4147465437788018 0.025380710659898477 0.02304147465437788
0 0.5583756345177665 0.41935483870967744 0.025380710659898477 0.02304147465437788
0 0.5634517766497462 0.41935483870967744 0.025380710659898477 0.02304147465437788
0 0.6040609137055838 0.423963133640553 0.025380710659898477 0.02304147465437788
0 0.41624365482233505 0.42857142857142855 0.025380710659898477 0.02304147465437788
0 0.4213197969543147 0.42857142857142855 0.025380710659898477 0.02304147465437788
0 0.6142131979695431 0.42857142857142855 0.025380710659898477 0.02304147465437788
0 0.7055837563451777 0.42857142857142855 0.025380710659898477 0.02304147465437788
0 0.48223350253807107 0.43317972350230416 0.025380710659898477 0.02304147465437788
0 0.6142131979695431 0.43317972350230416 0.025380710659898477 0.02304147465437788
0 0.48223350253807107 0.4377880184331797 0.025380710659898477 0.02304147465437788
0 0.5786802030456852 0.4377880184331797 0.025380710659898477 0.02304147465437788
0 0.6243654822335025 0.4377880184331797 0.025380710659898477 0.02304147465437788
0 0.7258883248730964 0.4377880184331797 0.025380710659898477 0.02304147465437788
0 0.49238578680203043 0.4423963133640553 0.025380710659898477 0.02304147465437788
0 0.5888324873096447 0.4423963133640553 0.025380710659898477 0.02304147465437788
0 0.6345177664974619 0.4423963133640553 0.025380710659898477 0.02304147465437788
0 0.7258883248730964 0.4423963133640553 0.025380710659898477 0.02304147465437788
0 0.40609137055837563 0.4470046082949309 0.025380710659898477 0.02304147465437788
0 0.7360406091370558 0.4470046082949309 0.025380710659898477 0.02304147465437788
0 0.467005076142132 0.45161290322580644 0.025380710659898477 0.02304147465437788
0 0.5989847715736041 0.45161290322580644 0.025380710659898477 0.02304147465437788
0 0.6446700507614214 0.45161290322580644 0.025380710659898477 0.02304147465437788
0 0.7360406091370558 0.45161290322580644 0.025380710659898477 0.02304147465437788
0 0.5126903553299492 0.45622119815668205 0.025380710659898477 0.02304147465437788
0 0.6446700507614214 0.45622119815668205 0.025380710659898477 0.02304147465437788
0 0.47715736040609136 0.4608294930875576 0.025380710659898477 0.02304147465437788
0 0.5126903553299492 0.4608294930875576 0.025380710659898477 0.02304147465437788
0 0.6548223350253807 0.4608294930875576 0.025380710659898477 0.02304147465437788
0 0.5228426395939086 0.46543778801843316 0.025380710659898477 0.02304147465437788
0 0.6649746192893401 0.46543778801843316 0.025380710659898477 0.02304147465437788
0 0.4873096446700508 0.4700460829493088 0.025380710659898477 0.02304147465437788
0 0.5329949238578681 0.4700460829493088 0.025380710659898477 0.02304147465437788
0 0.49746192893401014 0.47465437788018433 0.025380710659898477 0.02304147465437788
0 0.6802030456852792 0.4792626728110599 0.025380710659898477 0.02304147465437788
0 0.5076142131979695 0.4838709677419355 0.025380710659898477 0.02304147465437788
0 0.5532994923857868 0.4838709677419355 0.025380710659898477 0.02304147465437788
0 0.5583756345177665 0.4838709677419355 0.025380710659898477 0.02304147465437788
0 0.649746192893401 0.4838709677419355 0.025380710659898477 0.02304147465437788
0 0.6903553299492385 0.48847926267281105 0.025380710659898477 0.02304147465437788
0 0.6954314720812182 0.48847926267281105 0.025380710659898477 0.02304147465437788
0 0.5279187817258884 0.4930875576036866 0.025380710659898477 0.02304147465437788
0 0.6598984771573604 0.4930875576036866 0.025380710659898477 0.02304147465437788
0 0.700507614213198 0.4930875576036866 0.025380710659898477 0.02304147465437788
0 0.5279187817258884 0.4976958525345622 0.025380710659898477 0.02304147465437788
0 0.5736040609137056 0.4976958525345622 0.025380710659898477 0.02304147465437788
0 0.6700507614213198 0.4976958525345622 0.025380710659898477 0.02304147465437788
0 0.5380710659898477 0.5023041474654378 0.025380710659898477 0.02304147465437788
0 0.5736040609137056 0.5023041474654378 0.025380710659898477 0.02304147465437788
0 0.583756345177665 0.5069124423963134 0.025380710659898477 0.02304147465437788
0 0.6802030456852792 0.5069124423963134 0.025380710659898477 0.02304147465437788
0 0.7208121827411168 0.5069124423963134 0.025380710659898477 0.02304147465437788
0 0.7258883248730964 0.5069124423963134 0.025380710659898477 0.02304147465437788
0 0.5482233502538071 0.511520737327189 0.025380710659898477 0.02304147465437788
0 0.5888324873096447 0.511520737327189 0.025380710659898477 0.02304147465437788
0 0.5939086294416244 0.511520737327189 0.025380710659898477 0.02304147465437788
0 0.6852791878172588 0.511520737327189 0.025380710659898477 0.02304147465437788
0 0.5583756345177665 0.5161290322580645 0.025380710659898477 0.02304147465437788
0 0.5888324873096447 0.5161290322580645 0.025380710659898477 0.02304147465437788
0 0.5939086294416244 0.5161290322580645 0.025380710659898477 0.02304147465437788
0 0.6040609137055838 0.5161290322580645 0.025380710659898477 0.02304147465437788
0 0.5685279187817259 0.5207373271889401 0.025380710659898477 0.02304147465437788
0 0.6040609137055838 0.5207373271889401 0.025380710659898477 0.02304147465437788
0 0.6954314720812182 0.5207373271889401 0.025380710659898477 0.02304147465437788
0 0.700507614213198 0.5207373271889401 0.025380710659898477 0.02304147465437788
0 0.5685279187817259 0.5253456221198156 0.025380710659898477 0.02304147465437788
0 0.6091370558375635 0.5253456221198156 0.025380710659898477 0.02304147465437788
0 0.5786802030456852 0.5299539170506913 0.025380710659898477 0.02304147465437788
0 0.6091370558375635 0.5299539170506913 0.025380710659898477 0.02304147465437788
0 0.49746192893401014 0.5345622119815668 0.025380710659898477 0.02304147465437788
0 0.5076142131979695 0.5391705069124424 0.025380710659898477 0.02304147465437788
0 0.583756345177665 0.5391705069124424 0.025380710659898477 0.02304147465437788
0 0.6345177664974619 0.5391705069124424 0.025380710659898477 0.02304147465437788
0 0.5076142131979695 0.543778801843318 0.025380710659898477 0.02304147465437788
0 0.5939086294416244 0.543778801843318 0.025380710659898477 0.02304147465437788
0 0.6040609137055838 0.5529953917050692 0.025380710659898477 0.02304147465437788
0 0.6345177664974619 0.5576036866359447 0.025380710659898477 0.02304147465437788
0 0.1116751269035533 0.7557603686635944 0.025380710659898477 0.02304147465437788
0 0.2131979695431472 0.8617511520737328 0.025380710659898477 0.02304147465437788
0 0.2131979695431472 0.8663594470046083 0.025380710659898477 0.02304147465437788
0 0.27411167512690354 0.8709677419354839 0.025380710659898477 0.02304147465437788
0 0.27411167512690354 0.8755760368663594 0.025380710659898477 0.02304147465437788
0 0.08121827411167512 0.9354838709677419 0.025380710659898477 0.02304147465437788
0 0.05583756345177665 0.967741935483871 0.025380710659898477 0.02304147465437788
0 0.08121827411167512 0.967741935483871 0.025380710659898477 0.02304147465437788
0 0.050761421319796954 0.9769585253456221 0.025380710659898477 0.02304147465437788
