0 0.078125 0.01171875 0.01953125 0.01953125
0 0.13671875 0.01171875 0.01953125 0.01953125
0 0.23828125 0.02734375 0.01953125 0.01953125
0 0.234375 0.0390625 0.01953125 0.01953125
0 0.23828125 0.0390625 0.01953125 0.01953125
0 0.1171875 0.04296875 0.01953125 0.01953125
0 0.1484375 0.0859375 0.01953125 0.01953125
0 0.0859375 0.08984375 0.01953125 0.01953125
0 0.13671875 0.109375 0.01953125 0.01953125
0 0.08984375 0.15234375 0.01953125 0.01953125
0 0.046875 0.17578125 0.01953125 0.01953125
0 0.046875 0.1796875 0.01953125 0.01953125
0 0.0625 0.19140625 0.01953125 0.01953125
0 0.06640625 0.19140625 0.01953125 0.01953125
0 0.15625 0.1953125 0.01953125 0.01953125
0 0.0859375 0.20703125 0.01953125 0.01953125
0 0.08984375 0.20703125 0.01953125 0.01953125
0 0.109375 0.21875 0.01953125 0.01953125
0 0.33984375 0.51953125 0.01953125 0.01953125
0 0.33203125 0.52734375 0.01953125 0.01953125
0 0.03125 0.62109375 0.01953125 0.01953125
0 0.03125 0.625 0.01953125 0.01953125
0 0.328125 0.63671875 0.01953125 0.01953125
0 0.33203125 0.63671875 0.01953125 0.01953125
0 0.328125 0.640625 0.01953125 0.01953125
0 0.33203125 0.640625 0.01953125 0.01953125
0 0.32421875 0.64453125 0.01953125 0.01953125
0 0.10546875 0.6484375 0.01953125 0.01953125
0 0.32421875 0.6484375 0.01953125 0.01953125
0 0.0390625 0.65234375 0.01953125 0.01953125
0 0.1015625 0.65625 0.01953125 0.01953125
0 0.03515625 0.66015625 0.01953125 0.01953125
0 0.3125 0.66015625 0.01953125 0.01953125
0 0.03515625 0.6640625 0.01953125 0.01953125
0 0.3125 0.6640625 0.01953125 0.01953125
0 0.3046875 0.66796875 0.01953125 0.01953125
0 0.30859375 0.66796875 0.01953125 0.01953125
0 0.02734375 0.671875 0.01953125 0.01953125
0 0.03125 0.671875 0.01953125 0.01953125
0 0.08984375 0.671875 0.01953125 0.01953125
0 0.08203125 0.6796875 0.01953125 0.01953125
0 0.0859375 0.6796875 0.01953125 0.01953125
0 0.08203125 0.68359375 0.01953125 0.01953125
0 0.0859375 0.68359375 0.01953125 0.01953125
0 0.10546875 0.68359375 0.01953125 0.01953125
0 0.01953125 0.6875 0.01953125 0.01953125
0 0.015625 0.6953125 0.01953125 0.01953125
0 0.18359375 0.6953125 0.01953125 0.01953125
0 0.07421875 0.69921875 0.01953125 0.01953125
0 0.09375 0.69921875 0.01953125 0.01953125
0 0.0078125 0.703125 0.01953125 0.01953125
0 0.0078125 0.70703125 0.01953125 0.01953125
0 0.0703125 0.70703125 0.01953125 0.01953125
0 0.08984375 0.7109375 0.01953125 0.01953125
0 0.0625 0.71484375 0.01953125 0.01953125
0 0.0546875 0.73046875 0.01953125 0.01953125
0 0.1328125 0.73828125 0.01953125 0.01953125
0 0.15234375 0.73828125 0.01953125 0.01953125
0 0.0703125 0.7421875 0.01953125 0.01953125
0 0.125 0.74609375 0.01953125 0.01953125
0 0.12890625 0.74609375 0.01953125 0.01953125
0 0.04296875 0.75 0.01953125 0.01953125
0 0.0625 0.75 0.01953125 0.01953125
0 0.0625 0.76171875 0.01953125 0.01953125
0 0.13671875 0.765625 0.01953125 0.01953125
0 0.140625 0.765625 0.01953125 0.01953125
0 0.0234375 0.76953125 0.01953125 0.01953125
0 0.02734375 0.76953125 0.01953125 0.01953125
0 0.0546875 0.76953125 0.01953125 0.01953125
0 0.0234375 0.7734375 0.01953125 0.01953125
0 0.02734375 0.7734375 0.01953125 0.01953125
0 0.1328125 0.7734375 0.01953125 0.01953125
0 0.0234375 0.78125 0.01953125 0.01953125
0 0.04296875 0.78125 0.01953125 0.01953125
0 0.046875 0.78125 0.01953125 0.01953125
0 0.1015625 0.78125 0.01953125 0.01953125
0 0.10546875 0.78125 0.01953125 0.01953125
0 0.12890625 0.78125 0.01953125 0.01953125
0 0.04296875 0.78515625 0.01953125 0.01953125
0 0.046875 0.78515625 0.01953125 0.01953125
0 0.015625 0.7890625 0.01953125 0.01953125
0 0.08984375 0.796875 0.01953125 0.01953125
0 0.11328125 0.80078125 0.01953125 0.01953125
0 0.1171875 0.80078125 0.01953125 0.01953125
0 0.0390625 0.8046875 0.01953125 0.01953125
0 0.08203125 0.81640625 0.01953125 0.01953125
0 0.078125 0.82421875 0.01953125 0.01953125
0 0.078125 0.828125 0.01953125 0.01953125
0 0.578125 0.88671875 0.01953125 0.01953125
0 0.58203125 0.88671875 0.01953125 0.01953125
0 0.3515625 0.91015625 0.01953125 0.01953125
0 0.35546875 0.91015625 0.01953125 0.01953125
0 0.45703125 0.92578125 0.01953125 0.01953125
0 0.48046875 0.9296875 0.01953125 0.01953125
0 0.46484375 0.9453125 0.01953125 0.01953125
0 0.37109375 0.953125 0.01953125 0.01953125
0 0.4609375 0.953125 0.01953125 0.01953125
0 0.43359375 0.95703125 0.01953125 0.01953125
0 0.36328125 0.96484375 0.01953125 0.01953125
0 0.4453125 0.96875 0.01953125 0.01953125
0 0.44921875 0.96875 0.01953125 0.01953125
