0 0.1796875 0.0078125 0.01953125 0.01953125
0 0.29296875 0.0546875 0.01953125 0.01953125
0 0.671875 0.15234375 0.01953125 0.01953125
0 0.6640625 0.2578125 0.01953125 0.01953125
0 0.7734375 0.2734375 0.01953125 0.01953125
0 0.65625 0.28515625 0.01953125 0.01953125
0 0.59375 0.40625 0.01953125 0.01953125
0 0.6015625 0.40625 0.01953125 0.01953125
0 0.60546875 0.40625 0.01953125 0.01953125
0 0.57421875 0.41015625 0.01953125 0.01953125
0 0.296875 0.43359375 0.01953125 0.01953125
0 0.62109375 0.45703125 0.01953125 0.01953125
0 0.890625 0.45703125 0.01953125 0.01953125
0 0.62109375 0.46875 0.01953125 0.01953125
