0 0.94140625 0.16015625 0.01953125 0.01953125
0 0.9453125 0.16015625 0.01953125 0.01953125
0 0.69921875 0.1640625 0.01953125 0.01953125
0 0.64453125 0.2109375 0.01953125 0.01953125
0 0.96875 0.24609375 0.01953125 0.01953125
0 0.96875 0.25 0.01953125 0.01953125
0 0.8125 0.265625 0.01953125 0.01953125
0 0.66796875 0.359375 0.01953125 0.01953125
0 0.59375 0.40234375 0.01953125 0.01953125
0 0.75390625 0.46484375 0.01953125 0.01953125
0 0.7578125 0.46484375 0.01953125 0.01953125
0 0.89453125 0.63671875 0.01953125 0.01953125
0 0.87109375 0.6796875 0.01953125 0.01953125
0 0.85546875 0.68359375 0.01953125 0.01953125
0 0.89453125 0.69140625 0.01953125 0.01953125
0 0.671875 0.7265625 0.01953125 0.01953125
0 0.5 0.7734375 0.01953125 0.01953125
0 0.40625 0.78125 0.01953125 0.01953125
0 0.41015625 0.78125 0.01953125 0.01953125
0 0.9765625 0.80859375 0.01953125 0.01953125
0 0.28125 0.86328125 0.01953125 0.01953125
0 0.828125 0.87109375 0.01953125 0.01953125
0 0.84765625 0.87890625 0.01953125 0.01953125
