0 0.50390625 0.16015625 0.01953125 0.01953125
0 0.50390625 0.1640625 0.01953125 0.01953125
0 0.49609375 0.16796875 0.01953125 0.01953125
0 0.46875 0.17578125 0.01953125 0.01953125
0 0.4765625 0.17578125 0.01953125 0.01953125
0 0.46875 0.1796875 0.01953125 0.01953125
0 0.453125 0.19140625 0.01953125 0.01953125
0 0.45703125 0.19140625 0.01953125 0.01953125
0 0.53125 0.203125 0.01953125 0.01953125
0 0.48828125 0.23046875 0.01953125 0.01953125
0 0.4921875 0.23046875 0.01953125 0.01953125
0 0.4765625 0.2421875 0.01953125 0.01953125
0 0.015625 0.29296875 0.01953125 0.01953125
0 0.015625 0.296875 0.01953125 0.01953125
0 0.27734375 0.31640625 0.01953125 0.01953125
0 0.484375 0.55078125 0.01953125 0.01953125
0 0.48828125 0.55078125 0.01953125 0.01953125
0 0.45703125 0.5546875 0.01953125 0.01953125
0 0.45703125 0.55859375 0.01953125 0.01953125
0 0.46875 0.5703125 0.01953125 0.01953125
0 0.46875 0.57421875 0.01953125 0.01953125
0 0.4765625 0.58203125 0.01953125 0.01953125
0 0.48046875 0.58984375 0.01953125 0.01953125
0 0.51171875 0.59375 0.01953125 0.01953125
0 0.484375 0.59765625 0.01953125 0.01953125
0 0.484375 0.6015625 0.01953125 0.01953125
0 0.51953125 0.6015625 0.01953125 0.01953125
0 0.19140625 0.60546875 0.01953125 0.01953125
0 0.19140625 0.609375 0.01953125 0.01953125
0 0.52734375 0.609375 0.01953125 0.01953125
0 0.49609375 0.6171875 0.01953125 0.01953125
0 0.5 0.625 0.01953125 0.01953125
0 0.50390625 0.625 0.01953125 0.01953125
0 0.26171875 0.6328125 0.01953125 0.01953125
0 0.28125 0.65625 0.01953125 0.01953125
0 0.46875 0.66796875 0.01953125 0.01953125
0 0.5390625 0.67578125 0.01953125 0.01953125
0 0.2890625 0.6796875 0.01953125 0.01953125
0 0.5390625 0.6796875 0.01953125 0.01953125
0 0.296875 0.69140625 0.01953125 0.01953125
0 0.30078125 0.69140625 0.01953125 0.01953125
0 0.546875 0.6953125 0.01953125 0.01953125
0 0.30859375 0.69921875 0.01953125 0.01953125
0 0.31640625 0.7109375 0.01953125 0.01953125
0 0.32421875 0.72265625 0.01953125 0.01953125
0 0.3359375 0.7421875 0.01953125 0.01953125
0 0.64453125 0.75 0.01953125 0.01953125
0 0.62890625 0.7578125 0.01953125 0.01953125
0 0.6328125 0.7578125 0.01953125 0.01953125
0 0.34765625 0.76171875 0.01953125 0.01953125
0 0.3515625 0.76171875 0.01953125 0.01953125
0 0.35546875 0.7734375 0.01953125 0.01953125
0 0.359375 0.7734375 0.01953125 0.01953125
0 0.22265625 0.78515625 0.01953125 0.01953125
0 0.36328125 0.7890625 0.01953125 0.01953125
0 0.37109375 0.80078125 0.01953125 0.01953125
0 0.37890625 0.80859375 0.01953125 0.01953125
0 0.38671875 0.8203125 0.01953125 0.01953125
0 0.23828125 0.84375 0.01953125 0.01953125
0 0.23828125 0.84765625 0.01953125 0.01953125
