0 0.4375 0.046875 0.01953125 0.01953125
0 0.4921875 0.0546875 0.01953125 0.01953125
0 0.98046875 0.0625 0.01953125 0.01953125
0 0.640625 0.109375 0.01953125 0.01953125
0 0.7890625 0.12109375 0.01953125 0.01953125
0 0.76171875 0.1484375 0.01953125 0.01953125
0 0.6875 0.15234375 0.01953125 0.01953125
0 0.6875 0.15625 0.01953125 0.01953125
0 0.70703125 0.15625 0.01953125 0.01953125
0 0.70703125 0.16015625 0.01953125 0.01953125
0 0.7578125 0.16015625 0.01953125 0.01953125
0 0.22265625 0.16796875 0.01953125 0.01953125
0 0.69921875 0.23046875 0.01953125 0.01953125
0 0.3984375 0.265625 0.01953125 0.01953125
0 0.1875 0.2890625 0.01953125 0.01953125
0 0.19140625 0.2890625 0.01953125 0.01953125
0 0.1875 0.3046875 0.01953125 0.01953125
0 0.19140625 0.3046875 0.01953125 0.01953125
0 0.55078125 0.328125 0.01953125 0.01953125
0 0.55078125 0.33203125 0.01953125 0.01953125
0 0.84375 0.375 0.01953125 0.01953125
0 0.86328125 0.37890625 0.01953125 0.01953125
0 0.5234375 0.4453125 0.01953125 0.01953125
0 0.6484375 0.4609375 0.01953125 0.01953125
0 0.671875 0.51171875 0.01953125 0.01953125
0 0.875 0.5390625 0.01953125 0.01953125
0 0.89453125 0.5390625 0.01953125 0.01953125
0 0.15234375 0.546875 0.01953125 0.01953125
0 0.15625 0.546875 0.01953125 0.01953125
0 0.875 0.546875 0.01953125 0.01953125
0 0.15234375 0.55078125 0.01953125 0.01953125
0 0.15625 0.55078125 0.01953125 0.01953125
0 0.17578125 0.55078125 0.01953125 0.01953125
0 0.453125 0.5703125 0.01953125 0.01953125
0 0.45703125 0.5703125 0.01953125 0.01953125
0 0.91015625 0.578125 0.01953125 0.01953125
0 0.48046875 0.609375 0.01953125 0.01953125
