0 0.3203125 0.0 0.01953125 0.01953125
0 0.29296875 0.01171875 0.01953125 0.01953125
0 0.3359375 0.01953125 0.01953125 0.01953125
0 0.3046875 0.02734375 0.01953125 0.01953125
0 0.1953125 0.05859375 0.01953125 0.01953125
0 0.3359375 0.05859375 0.01953125 0.01953125
0 0.33984375 0.05859375 0.01953125 0.01953125
0 0.3671875 0.078125 0.01953125 0.01953125
0 0.38671875 0.0859375 0.01953125 0.01953125
0 0.1328125 0.140625 0.01953125 0.01953125
0 0.1875 0.16796875 0.01953125 0.01953125
0 0.55859375 0.19921875 0.01953125 0.01953125
0 0.51953125 0.203125 0.01953125 0.01953125
0 0.5234375 0.203125 0.01953125 0.01953125
0 0.04296875 0.23046875 0.01953125 0.01953125
0 0.10546875 0.26171875 0.01953125 0.01953125
0 0.65234375 0.31640625 0.01953125 0.01953125
0 0.49609375 0.35546875 0.01953125 0.01953125
0 0.625 0.48046875 0.01953125 0.01953125
0 0.64453125 0.48828125 0.01953125 0.01953125
0 0.5546875 0.5078125 0.01953125 0.01953125
0 0.5546875 0.51171875 0.01953125 0.01953125
0 0.6171875 0.51171875 0.01953125 0.01953125
0 0.62109375 0.51171875 0.01953125 0.01953125
0 0.62890625 0.515625 0.01953125 0.01953125
0 0.62890625 0.51953125 0.01953125 0.01953125
0 0.7421875 0.59375 0.01953125 0.01953125
0 0.74609375 0.59375 0.01953125 0.01953125
0 0.7421875 0.59765625 0.01953125 0.01953125
0 0.74609375 0.59765625 0.01953125 0.01953125
