0 0.921875 0.01171875 0.01953125 0.01953125
0 0.94921875 0.015625 0.01953125 0.01953125
0 0.41015625 0.125 0.01953125 0.01953125
0 0.40625 0.13671875 0.01953125 0.01953125
0 0.42578125 0.21875 0.01953125 0.01953125
0 0.8984375 0.3671875 0.01953125 0.01953125
0 0.37109375 0.40234375 0.01953125 0.01953125
0 0.37109375 0.40625 0.01953125 0.01953125
0 0.39453125 0.484375 0.01953125 0.01953125
0 0.78125 0.48828125 0.01953125 0.01953125
0 0.78515625 0.48828125 0.01953125 0.01953125
0 0.7421875 0.5390625 0.01953125 0.01953125
0 0.7421875 0.54296875 0.01953125 0.01953125
0 0.94140625 0.546875 0.01953125 0.01953125
0 0.21875 0.625 0.01953125 0.01953125
0 0.5078125 0.671875 0.01953125 0.01953125
0 0.49609375 0.67578125 0.01953125 0.01953125
0 0.5 0.67578125 0.01953125 0.01953125
0 0.41015625 0.703125 0.01953125 0.01953125
0 0.48828125 0.78125 0.01953125 0.01953125
0 0.484375 0.80078125 0.01953125 0.01953125
0 0.484375 0.83203125 0.01953125 0.01953125
0 0.28125 0.875 0.01953125 0.01953125
0 0.1171875 0.88671875 0.01953125 0.01953125
0 0.125 0.98828125 0.01953125 0.01953125
0 0.1953125 0.99609375 0.01953125 0.01953125
