0 0.26171875 0.03515625 0.01953125 0.01953125
0 0.0546875 0.078125 0.01953125 0.01953125
0 0.53515625 0.078125 0.01953125 0.01953125
0 0.54296875 0.09375 0.01953125 0.01953125
0 0.1953125 0.09765625 0.01953125 0.01953125
0 0.54296875 0.125 0.01953125 0.01953125
0 0.59765625 0.13671875 0.01953125 0.01953125
0 0.6015625 0.13671875 0.01953125 0.01953125
0 0.24609375 0.1953125 0.01953125 0.01953125
0 0.6875 0.2421875 0.01953125 0.01953125
0 0.20703125 0.25390625 0.01953125 0.01953125
0 0.23046875 0.25390625 0.01953125 0.01953125
0 0.0625 0.26171875 0.01953125 0.01953125
0 0.23828125 0.265625 0.01953125 0.01953125
0 0.2421875 0.265625 0.01953125 0.01953125
0 0.21484375 0.2734375 0.01953125 0.01953125
0 0.2421875 0.37109375 0.01953125 0.01953125
0 0.4453125 0.6171875 0.01953125 0.01953125
0 0.03125 0.6875 0.01953125 0.01953125
0 0.03125 0.69140625 0.01953125 0.01953125
0 0.34765625 0.74609375 0.01953125 0.01953125
0 0.3671875 0.75 0.01953125 0.01953125
0 0.34765625 0.7578125 0.01953125 0.01953125
0 0.3671875 0.76171875 0.01953125 0.01953125
0 0.34375 0.7734375 0.01953125 0.01953125
0 0.34765625 0.7734375 0.01953125 0.01953125
0 0.34765625 0.78125 0.01953125 0.01953125
0 0.3359375 0.8046875 0.01953125 0.01953125
0 0.3359375 0.80859375 0.01953125 0.01953125
0 0.37109375 0.81640625 0.01953125 0.01953125
0 0.40234375 0.94140625 0.01953125 0.01953125
0 0.4609375 0.96484375 0.01953125 0.01953125
