0 0.09765625 0.078125 0.01953125 0.01953125
0 0.1015625 0.078125 0.01953125 0.01953125
0 0.09765625 0.09765625 0.01953125 0.01953125
0 0.09765625 0.1015625 0.01953125 0.01953125
0 0.0703125 0.13671875 0.01953125 0.01953125
0 0.08984375 0.15234375 0.01953125 0.01953125
0 0.08984375 0.171875 0.01953125 0.01953125
0 0.15625 0.1796875 0.01953125 0.01953125
0 0.16015625 0.1796875 0.01953125 0.01953125
0 0.05859375 0.18359375 0.01953125 0.01953125
0 0.0625 0.18359375 0.01953125 0.01953125
0 0.0546875 0.19140625 0.01953125 0.01953125
