0 0.54296875 0.0078125 0.01953125 0.01953125
0 0.5859375 0.01953125 0.01953125 0.01953125
0 0.5859375 0.03125 0.01953125 0.01953125
0 0.78125 0.04296875 0.01953125 0.01953125
0 0.515625 0.0703125 0.01953125 0.01953125
0 0.76953125 0.12890625 0.01953125 0.01953125
0 0.70703125 0.140625 0.01953125 0.01953125
0 0.76953125 0.328125 0.01953125 0.01953125
0 0.2109375 0.33984375 0.01953125 0.01953125
0 0.2109375 0.34375 0.01953125 0.01953125
0 0.578125 0.3515625 0.01953125 0.01953125
0 0.6875 0.3828125 0.01953125 0.01953125
0 0.26171875 0.41015625 0.01953125 0.01953125
0 0.23046875 0.4375 0.01953125 0.01953125
0 0.23046875 0.44140625 0.01953125 0.01953125
0 0.76171875 0.48046875 0.01953125 0.01953125
0 0.71875 0.578125 0.01953125 0.01953125
0 0.6328125 0.65625 0.01953125 0.01953125
0 0.69140625 0.6875 0.01953125 0.01953125
0 0.6953125 0.6875 0.01953125 0.01953125
