0 0.06640625 0.39453125 0.01953125 0.01953125
0 0.14453125 0.578125 0.01953125 0.01953125
0 0.14453125 0.58203125 0.01953125 0.01953125
0 0.15625 0.66796875 0.01953125 0.01953125
0 0.03515625 0.77734375 0.01953125 0.01953125
0 0.203125 0.84375 0.01953125 0.01953125
0 0.3125 0.84765625 0.01953125 0.01953125
0 0.3984375 0.87890625 0.01953125 0.01953125
0 0.42578125 0.89453125 0.01953125 0.01953125
0 0.22265625 0.8984375 0.01953125 0.01953125
0 0.4296875 0.8984375 0.01953125 0.01953125
0 0.02734375 0.921875 0.01953125 0.01953125
0 0.32421875 0.96875 0.01953125 0.01953125
0 0.30078125 0.9921875 0.01953125 0.01953125
