0 0.8046875 0.05078125 0.01953125 0.01953125
0 0.9921875 0.21875 0.01953125 0.01953125
0 0.9296875 0.34375 0.01953125 0.01953125
0 0.8359375 0.4375 0.01953125 0.01953125
0 0.97265625 0.44921875 0.01953125 0.01953125
0 0.8359375 0.453125 0.01953125 0.01953125
0 0.97265625 0.453125 0.01953125 0.01953125
0 0.91015625 0.60546875 0.01953125 0.01953125
0 0.92578125 0.61328125 0.01953125 0.01953125
0 0.1796875 0.77734375 0.01953125 0.01953125
0 0.51953125 0.8125 0.01953125 0.01953125
0 0.56640625 0.8203125 0.01953125 0.01953125
0 0.56640625 0.82421875 0.01953125 0.01953125
0 0.82421875 0.90625 0.01953125 0.01953125
0 0.19140625 0.93359375 0.01953125 0.01953125
0 0.2265625 0.9375 0.01953125 0.01953125
0 0.13671875 0.9609375 0.01953125 0.01953125
0 0.140625 0.9609375 0.01953125 0.01953125
0 0.13671875 0.96484375 0.01953125 0.01953125
0 0.140625 0.96484375 0.01953125 0.01953125
