0 0.90625 0.23828125 0.01953125 0.01953125
0 0.24609375 0.3671875 0.01953125 0.01953125
0 0.9375 0.3984375 0.01953125 0.01953125
0 0.94140625 0.3984375 0.01953125 0.01953125
0 0.1015625 0.5390625 0.01953125 0.01953125
0 0.29296875 0.5390625 0.01953125 0.01953125
0 0.1796875 0.578125 0.01953125 0.01953125
0 0.9921875 0.578125 0.01953125 0.01953125
0 0.1796875 0.58203125 0.01953125 0.01953125
0 0.99609375 0.5859375 0.01953125 0.01953125
0 0.7421875 0.6640625 0.01953125 0.01953125
0 0.26953125 0.68359375 0.01953125 0.01953125
0 0.50390625 0.7265625 0.01953125 0.01953125
0 0.5078125 0.7265625 0.01953125 0.01953125
0 0.50390625 0.73046875 0.01953125 0.01953125
0 0.5078125 0.73046875 0.01953125 0.01953125
0 0.62890625 0.76953125 0.01953125 0.01953125
0 0.65625 0.76953125 0.01953125 0.01953125
0 0.6328125 0.77734375 0.01953125 0.01953125
0 0.6328125 0.78515625 0.01953125 0.01953125
0 0.6328125 0.7890625 0.01953125 0.01953125
0 0.6953125 0.8125 0.01953125 0.01953125
0 0.48046875 0.89453125 0.01953125 0.01953125
0 0.484375 0.89453125 0.01953125 0.01953125
0 0.48046875 0.8984375 0.01953125 0.01953125
0 0.484375 0.8984375 0.01953125 0.01953125
0 0.75 0.99609375 0.01953125 0.01953125
0 0.75390625 0.99609375 0.01953125 0.01953125
