0 0.15625 0.0 0.01953125 0.01953125
0 0.3203125 0.11328125 0.01953125 0.01953125
0 0.3203125 0.1171875 0.01953125 0.01953125
0 0.390625 0.12890625 0.01953125 0.01953125
0 0.29296875 0.21484375 0.01953125 0.01953125
0 0.40625 0.23046875 0.01953125 0.01953125
0 0.05859375 0.234375 0.01953125 0.01953125
0 0.82421875 0.328125 0.01953125 0.01953125
0 0.82421875 0.33203125 0.01953125 0.01953125
0 0.625 0.37109375 0.01953125 0.01953125
0 0.51171875 0.37890625 0.01953125 0.01953125
0 0.93359375 0.40234375 0.01953125 0.01953125
0 0.1328125 0.453125 0.01953125 0.01953125
0 0.4140625 0.453125 0.01953125 0.01953125
0 0.87109375 0.53515625 0.01953125 0.01953125
0 0.82421875 0.546875 0.01953125 0.01953125
0 0.8671875 0.546875 0.01953125 0.01953125
0 0.87109375 0.546875 0.01953125 0.01953125
0 0.8515625 0.55078125 0.01953125 0.01953125
0 0.92578125 0.72265625 0.01953125 0.01953125
0 0.87109375 0.8046875 0.01953125 0.01953125
0 0.91015625 0.8203125 0.01953125 0.01953125
0 0.9453125 0.8359375 0.01953125 0.01953125
0 0.40234375 0.859375 0.01953125 0.01953125
0 0.41015625 0.8671875 0.01953125 0.01953125
0 0.96875 0.89453125 0.01953125 0.01953125
0 0.97265625 0.89453125 0.01953125 0.01953125
0 0.97265625 0.9296875 0.01953125 0.01953125
0 0.859375 0.984375 0.01953125 0.01953125
