0 0.21484375 0.546875 0.01953125 0.01953125
0 0.21484375 0.55078125 0.01953125 0.01953125
0 0.36328125 0.57421875 0.01953125 0.01953125
0 0.37109375 0.57421875 0.01953125 0.01953125
0 0.375 0.57421875 0.01953125 0.01953125
0 0.3828125 0.578125 0.01953125 0.01953125
0 0.39453125 0.578125 0.01953125 0.01953125
0 0.40625 0.578125 0.01953125 0.01953125
0 0.40625 0.58203125 0.01953125 0.01953125
0 0.515625 0.6171875 0.01953125 0.01953125
0 0.0625 0.625 0.01953125 0.01953125
0 0.07421875 0.62890625 0.01953125 0.01953125
0 0.0390625 0.78125 0.01953125 0.01953125
0 0.296875 0.78515625 0.01953125 0.01953125
0 0.03515625 0.7890625 0.01953125 0.01953125
0 0.04296875 0.80078125 0.01953125 0.01953125
0 0.04296875 0.80859375 0.01953125 0.01953125
0 0.11328125 0.828125 0.01953125 0.01953125
0 0.1171875 0.828125 0.01953125 0.01953125
0 0.0390625 0.83203125 0.01953125 0.01953125
0 0.11328125 0.83203125 0.01953125 0.01953125
0 0.1171875 0.83203125 0.01953125 0.01953125
0 0.12890625 0.8359375 0.01953125 0.01953125
0 0.0390625 0.8515625 0.01953125 0.01953125
0 0.03515625 0.875 0.01953125 0.01953125
