0 0.984375 0.05078125 0.01953125 0.01953125
0 0.41796875 0.09765625 0.01953125 0.01953125
0 0.0078125 0.234375 0.01953125 0.01953125
0 0.01953125 0.234375 0.01953125 0.01953125
0 0.03125 0.23828125 0.01953125 0.01953125
0 0.04296875 0.23828125 0.01953125 0.01953125
0 0.0546875 0.2421875 0.01953125 0.01953125
0 0.07421875 0.28125 0.01953125 0.01953125
0 0.046875 0.328125 0.01953125 0.01953125
0 0.0625 0.3515625 0.01953125 0.01953125
0 0.0625 0.35546875 0.01953125 0.01953125
0 0.59765625 0.36328125 0.01953125 0.01953125
0 0.6015625 0.36328125 0.01953125 0.01953125
0 0.85546875 0.46875 0.01953125 0.01953125
0 0.859375 0.46875 0.01953125 0.01953125
0 0.85546875 0.4765625 0.01953125 0.01953125
0 0.85546875 0.48046875 0.01953125 0.01953125
0 0.8984375 0.48046875 0.01953125 0.01953125
0 0.90234375 0.48046875 0.01953125 0.01953125
0 0.85546875 0.48828125 0.01953125 0.01953125
0 0.015625 0.4921875 0.01953125 0.01953125
0 0.01953125 0.4921875 0.01953125 0.01953125
0 0.85546875 0.49609375 0.01953125 0.01953125
0 0.91796875 0.50390625 0.01953125 0.01953125
0 0.921875 0.50390625 0.01953125 0.01953125
0 0.62890625 0.51953125 0.01953125 0.01953125
0 0.62890625 0.5234375 0.01953125 0.01953125
0 0.84375 0.5234375 0.01953125 0.01953125
0 0.86328125 0.5234375 0.01953125 0.01953125
0 0.328125 0.53125 0.01953125 0.01953125
0 0.484375 0.53125 0.01953125 0.01953125
0 0.921875 0.53125 0.01953125 0.01953125
0 0.92578125 0.53125 0.01953125 0.01953125
0 0.52734375 0.5546875 0.01953125 0.01953125
0 0.890625 0.5546875 0.01953125 0.01953125
0 0.71484375 0.55859375 0.01953125 0.01953125
0 0.71484375 0.5625 0.01953125 0.01953125
0 0.2421875 0.625 0.01953125 0.01953125
0 0.25390625 0.625 0.01953125 0.01953125
0 0.15234375 0.62890625 0.01953125 0.01953125
0 0.28125 0.62890625 0.01953125 0.01953125
0 0.64453125 0.63671875 0.01953125 0.01953125
0 0.6953125 0.640625 0.01953125 0.01953125
0 0.69921875 0.640625 0.01953125 0.01953125
0 0.640625 0.66015625 0.01953125 0.01953125
0 0.69140625 0.6640625 0.01953125 0.01953125
0 0.6953125 0.6640625 0.01953125 0.01953125
0 0.69140625 0.671875 0.01953125 0.01953125
0 0.3125 0.67578125 0.01953125 0.01953125
0 0.69140625 0.67578125 0.01953125 0.01953125
0 0.63671875 0.68359375 0.01953125 0.01953125
0 0.640625 0.68359375 0.01953125 0.01953125
0 0.6953125 0.68359375 0.01953125 0.01953125
0 0.69140625 0.69921875 0.01953125 0.01953125
0 0.6953125 0.69921875 0.01953125 0.01953125
0 0.91015625 0.74609375 0.01953125 0.01953125
0 0.83203125 0.75 0.01953125 0.01953125
0 0.66796875 0.75390625 0.01953125 0.01953125
0 0.83203125 0.75390625 0.01953125 0.01953125
0 0.66796875 0.7578125 0.01953125 0.01953125
0 0.6796875 0.7578125 0.01953125 0.01953125
0 0.68359375 0.7578125 0.01953125 0.01953125
0 0.12109375 0.8203125 0.01953125 0.01953125
0 0.12109375 0.82421875 0.01953125 0.01953125
0 0.66015625 0.84375 0.01953125 0.01953125
0 0.98046875 0.84375 0.01953125 0.01953125
0 0.98046875 0.84765625 0.01953125 0.01953125
0 0.46875 0.85546875 0.01953125 0.01953125
0 0.0546875 0.87109375 0.01953125 0.01953125
0 0.484375 0.87109375 0.01953125 0.01953125
0 0.328125 0.875 0.01953125 0.01953125
0 0.33203125 0.875 0.01953125 0.01953125
0 0.328125 0.87890625 0.01953125 0.01953125
0 0.33203125 0.87890625 0.01953125 0.01953125
0 0.765625 0.87890625 0.01953125 0.01953125
0 0.765625 0.890625 0.01953125 0.01953125
0 0.4296875 0.91015625 0.01953125 0.01953125
0 0.15625 0.9296875 0.01953125 0.01953125
0 0.20703125 0.98046875 0.01953125 0.01953125
