0 0.15234375 0.4375 0.01953125 0.01953125
0 0.1796875 0.54296875 0.01953125 0.01953125
0 0.1875 0.578125 0.01953125 0.01953125
0 0.1953125 0.6015625 0.01953125 0.01953125
0 0.23046875 0.61328125 0.01953125 0.01953125
0 0.20703125 0.6484375 0.01953125 0.01953125
0 0.2109375 0.66796875 0.01953125 0.01953125
0 0.22265625 0.7109375 0.01953125 0.01953125
0 0.2265625 0.88671875 0.01953125 0.01953125
0 0.57421875 0.890625 0.01953125 0.01953125
0 0.57421875 0.90234375 0.01953125 0.01953125
0 0.546875 0.9296875 0.01953125 0.01953125
0 0.55078125 0.9296875 0.01953125 0.01953125
0 0.00390625 0.95703125 0.01953125 0.01953125
