0 0.609375 0.0 0.01953125 0.01953125
0 0.66796875 0.00390625 0.01953125 0.01953125
0 0.7734375 0.00390625 0.01953125 0.01953125
0 0.046875 0.0078125 0.01953125 0.01953125
0 0.6484375 0.0078125 0.01953125 0.01953125
0 0.65625 0.0078125 0.01953125 0.01953125
0 0.7734375 0.0078125 0.01953125 0.01953125
0 0.62890625 0.01171875 0.01953125 0.01953125
0 0.62109375 0.015625 0.01953125 0.01953125
0 0.62109375 0.01953125 0.01953125 0.01953125
0 0.4296875 0.0234375 0.01953125 0.01953125
0 0.51953125 0.03125 0.01953125 0.01953125
0 0.0859375 0.04296875 0.01953125 0.01953125
0 0.10546875 0.04296875 0.01953125 0.01953125
0 0.109375 0.04296875 0.01953125 0.01953125
0 0.0234375 0.05078125 0.01953125 0.01953125
0 0.1953125 0.05078125 0.01953125 0.01953125
0 0.2421875 0.05078125 0.01953125 0.01953125
0 0.64453125 0.05078125 0.01953125 0.01953125
0 0.72265625 0.05078125 0.01953125 0.01953125
0 0.15234375 0.0546875 0.01953125 0.01953125
0 0.65625 0.0546875 0.01953125 0.01953125
0 0.73046875 0.06640625 0.01953125 0.01953125
0 0.734375 0.06640625 0.01953125 0.01953125
0 0.6640625 0.0703125 0.01953125 0.01953125
0 0.74609375 0.0859375 0.01953125 0.01953125
0 0.74609375 0.08984375 0.01953125 0.01953125
0 0.62109375 0.10546875 0.01953125 0.01953125
0 0.81640625 0.11328125 0.01953125 0.01953125
0 0.78125 0.1328125 0.01953125 0.01953125
0 0.796875 0.13671875 0.01953125 0.01953125
0 0.80859375 0.140625 0.01953125 0.01953125
0 0.8125 0.140625 0.01953125 0.01953125
0 0.8984375 0.140625 0.01953125 0.01953125
0 0.80859375 0.14453125 0.01953125 0.01953125
0 0.8125 0.14453125 0.01953125 0.01953125
0 0.8203125 0.14453125 0.01953125 0.01953125
0 0.828125 0.1484375 0.01953125 0.01953125
0 0.83203125 0.1484375 0.01953125 0.01953125
0 0.8046875 0.1640625 0.01953125 0.01953125
0 0.984375 0.1640625 0.01953125 0.01953125
0 0.98828125 0.1640625 0.01953125 0.01953125
0 0.87109375 0.16796875 0.01953125 0.01953125
0 0.87890625 0.16796875 0.01953125 0.01953125
0 0.8203125 0.171875 0.01953125 0.01953125
0 0.83203125 0.171875 0.01953125 0.01953125
0 0.89453125 0.17578125 0.01953125 0.01953125
0 0.8984375 0.17578125 0.01953125 0.01953125
0 0.9140625 0.18359375 0.01953125 0.01953125
0 0.9296875 0.1875 0.01953125 0.01953125
0 0.9453125 0.1953125 0.01953125 0.01953125
0 0.53515625 0.2421875 0.01953125 0.01953125
0 0.53515625 0.24609375 0.01953125 0.01953125
0 0.54296875 0.24609375 0.01953125 0.01953125
0 0.55078125 0.24609375 0.01953125 0.01953125
0 0.51953125 0.265625 0.01953125 0.01953125
0 0.46484375 0.26953125 0.01953125 0.01953125
0 0.33203125 0.27734375 0.01953125 0.01953125
0 0.171875 0.2890625 0.01953125 0.01953125
0 0.57421875 0.30078125 0.01953125 0.01953125
0 0.5625 0.3046875 0.01953125 0.01953125
0 0.57421875 0.3046875 0.01953125 0.01953125
0 0.51953125 0.30859375 0.01953125 0.01953125
0 0.5625 0.30859375 0.01953125 0.01953125
0 0.109375 0.3203125 0.01953125 0.01953125
0 0.01171875 0.32421875 0.01953125 0.01953125
0 0.01953125 0.32421875 0.01953125 0.01953125
0 0.0390625 0.32421875 0.01953125 0.01953125
0 0.6640625 0.3359375 0.01953125 0.01953125
0 0.6640625 0.33984375 0.01953125 0.01953125
0 0.65234375 0.359375 0.01953125 0.01953125
0 0.63671875 0.3984375 0.01953125 0.01953125
0 0.6328125 0.40625 0.01953125 0.01953125
0 0.7890625 0.44140625 0.01953125 0.01953125
0 0.796875 0.47265625 0.01953125 0.01953125
0 0.7734375 0.48046875 0.01953125 0.01953125
0 0.8046875 0.4921875 0.01953125 0.01953125
0 0.73828125 0.5 0.01953125 0.01953125
0 0.7578125 0.546875 0.01953125 0.01953125
0 0.0234375 0.55859375 0.01953125 0.01953125
0 0.01171875 0.59375 0.01953125 0.01953125
0 0.33203125 0.6171875 0.01953125 0.01953125
0 0.44921875 0.625 0.01953125 0.01953125
0 0.0859375 0.62890625 0.01953125 0.01953125
0 0.5078125 0.64453125 0.01953125 0.01953125
0 0.515625 0.64453125 0.01953125 0.01953125
0 0.51953125 0.64453125 0.01953125 0.01953125
0 0.125 0.6484375 0.01953125 0.01953125
0 0.5234375 0.65234375 0.01953125 0.01953125
0 0.52734375 0.65234375 0.01953125 0.01953125
0 0.14453125 0.65625 0.01953125 0.01953125
0 0.3515625 0.65625 0.01953125 0.01953125
0 0.35546875 0.65625 0.01953125 0.01953125
0 0.5234375 0.65625 0.01953125 0.01953125
0 0.52734375 0.65625 0.01953125 0.01953125
0 0.50390625 0.66015625 0.01953125 0.01953125
0 0.37109375 0.6640625 0.01953125 0.01953125
0 0.421875 0.66796875 0.01953125 0.01953125
0 0.51171875 0.66796875 0.01953125 0.01953125
0 0.3828125 0.6796875 0.01953125 0.01953125
0 0.46875 0.68359375 0.01953125 0.01953125
0 0.37890625 0.6875 0.01953125 0.01953125
0 0.4765625 0.6875 0.01953125 0.01953125
0 0.37890625 0.69140625 0.01953125 0.01953125
0 0.4765625 0.69140625 0.01953125 0.01953125
0 0.45703125 0.6953125 0.01953125 0.01953125
0 0.484375 0.6953125 0.01953125 0.01953125
0 0.48828125 0.6953125 0.01953125 0.01953125
0 0.3046875 0.69921875 0.01953125 0.01953125
0 0.30859375 0.69921875 0.01953125 0.01953125
0 0.37890625 0.69921875 0.01953125 0.01953125
0 0.46484375 0.703125 0.01953125 0.01953125
0 0.9140625 0.71484375 0.01953125 0.01953125
0 0.9140625 0.71875 0.01953125 0.01953125
0 0.3671875 0.72265625 0.01953125 0.01953125
0 0.44140625 0.72265625 0.01953125 0.01953125
0 0.3671875 0.7265625 0.01953125 0.01953125
0 0.359375 0.734375 0.01953125 0.01953125
0 0.859375 0.7421875 0.01953125 0.01953125
0 0.3359375 0.75 0.01953125 0.01953125
0 0.90625 0.765625 0.01953125 0.01953125
0 0.453125 0.76953125 0.01953125 0.01953125
0 0.4609375 0.7734375 0.01953125 0.01953125
0 0.48828125 0.77734375 0.01953125 0.01953125
0 0.5625 0.78125 0.01953125 0.01953125
0 0.5625 0.78515625 0.01953125 0.01953125
0 0.55078125 0.796875 0.01953125 0.01953125
0 0.58203125 0.80078125 0.01953125 0.01953125
0 0.11328125 0.8046875 0.01953125 0.01953125
0 0.58984375 0.80859375 0.01953125 0.01953125
0 0.640625 0.8203125 0.01953125 0.01953125
0 0.6015625 0.82421875 0.01953125 0.01953125
0 0.30859375 0.8671875 0.01953125 0.01953125
0 0.5703125 0.8828125 0.01953125 0.01953125
0 0.57421875 0.8828125 0.01953125 0.01953125
0 0.5703125 0.88671875 0.01953125 0.01953125
0 0.57421875 0.88671875 0.01953125 0.01953125
0 0.546875 0.89453125 0.01953125 0.01953125
0 0.84765625 0.90234375 0.01953125 0.01953125
0 0.91796875 0.9140625 0.01953125 0.01953125
0 0.92578125 0.92578125 0.01953125 0.01953125
0 0.9375 0.9296875 0.01953125 0.01953125
0 0.6640625 0.93359375 0.01953125 0.01953125
0 0.9375 0.93359375 0.01953125 0.01953125
0 0.80078125 0.94140625 0.01953125 0.01953125
0 0.953125 0.94140625 0.01953125 0.01953125
0 0.07421875 0.9453125 0.01953125 0.01953125
0 0.9609375 0.94921875 0.01953125 0.01953125
0 0.98046875 0.96484375 0.01953125 0.01953125
0 0.28515625 0.98828125 0.01953125 0.01953125
0 0.6640625 0.98828125 0.01953125 0.01953125
0 0.66796875 0.98828125 0.01953125 0.01953125
0 0.28125 0.99609375 0.01953125 0.01953125
0 0.90625 0.99609375 0.01953125 0.01953125
0 0.98046875 0.99609375 0.01953125 0.01953125
