0 0.78125 0.1171875 0.01953125 0.01953125
0 0.7890625 0.125 0.01953125 0.01953125
0 0.8046875 0.16015625 0.01953125 0.01953125
0 0.80859375 0.16015625 0.01953125 0.01953125
0 0.515625 0.18359375 0.01953125 0.01953125
0 0.515625 0.1953125 0.01953125 0.01953125
0 0.515625 0.19921875 0.01953125 0.01953125
0 0.62109375 0.203125 0.01953125 0.01953125
0 0.82421875 0.203125 0.01953125 0.01953125
0 0.51953125 0.20703125 0.01953125 0.01953125
0 0.51953125 0.2109375 0.01953125 0.01953125
0 0.828125 0.2109375 0.01953125 0.01953125
0 0.65234375 0.21484375 0.01953125 0.01953125
0 0.5234375 0.21875 0.01953125 0.01953125
0 0.65234375 0.21875 0.01953125 0.01953125
0 0.51953125 0.23046875 0.01953125 0.01953125
0 0.5234375 0.23046875 0.01953125 0.01953125
0 0.5234375 0.2421875 0.01953125 0.01953125
0 0.796875 0.2421875 0.01953125 0.01953125
0 0.81640625 0.25390625 0.01953125 0.01953125
0 0.90625 0.26171875 0.01953125 0.01953125
0 0.91796875 0.26171875 0.01953125 0.01953125
0 0.9609375 0.2734375 0.01953125 0.01953125
0 0.8515625 0.453125 0.01953125 0.01953125
