0 0.08542713567839195 0.0390625 0.02512562814070352 0.01953125
0 0.09547738693467336 0.09765625 0.02512562814070352 0.01953125
0 0.09547738693467336 0.1015625 0.02512562814070352 0.01953125
0 0.1306532663316583 0.12109375 0.02512562814070352 0.01953125
0 0.4321608040201005 0.32421875 0.02512562814070352 0.01953125
0 0.4371859296482412 0.32421875 0.02512562814070352 0.01953125
0 0.5025125628140703 0.328125 0.02512562814070352 0.01953125
0 0.21105527638190955 0.46484375 0.02512562814070352 0.01953125
0 0.3316582914572864 0.5390625 0.02512562814070352 0.01953125
0 0.3417085427135678 0.55078125 0.02512562814070352 0.01953125
0 0.3417085427135678 0.5546875 0.02512562814070352 0.01953125
0 0.04522613065326633 0.70703125 0.02512562814070352 0.01953125
0 0.11055276381909548 0.765625 0.02512562814070352 0.01953125
0 0.1306532663316583 0.7734375 0.02512562814070352 0.01953125
0 0.135678391959799 0.7734375 0.02512562814070352 0.01953125
0 0.2613065326633166 0.82421875 0.02512562814070352 0.01953125
0 0.3015075376884422 0.84375 0.02512562814070352 0.01953125
0 0.3065326633165829 0.84375 0.02512562814070352 0.01953125
0 0.31155778894472363 0.87109375 0.02512562814070352 0.01953125
0 0.3165829145728643 0.87109375 0.02512562814070352 0.01953125
0 0.37185929648241206 0.875 0.02512562814070352 0.01953125
0 0.3768844221105528 0.875 0.02512562814070352 0.01953125
0 0.49246231155778897 0.90625 0.02512562814070352 0.01953125
0 0.47738693467336685 0.9375 0.02512562814070352 0.01953125
0 0.8140703517587939 0.984375 0.02512562814070352 0.01953125
0 0.8140703517587939 0.98828125 0.02512562814070352 0.01953125
