0 0.84765625 0.5078125 0.01953125 0.01953125
0 0.8515625 0.515625 0.01953125 0.01953125
0 0.85546875 0.515625 0.01953125 0.01953125
0 0.86328125 0.53125 0.01953125 0.01953125
0 0.87109375 0.546875 0.01953125 0.01953125
0 0.98046875 0.63671875 0.01953125 0.01953125
0 0.1796875 0.80078125 0.01953125 0.01953125
0 0.21484375 0.828125 0.01953125 0.01953125
0 0.15625 0.8515625 0.01953125 0.01953125
0 0.7734375 0.85546875 0.01953125 0.01953125
0 0.76953125 0.875 0.01953125 0.01953125
0 0.765625 0.8828125 0.01953125 0.01953125
0 0.55078125 0.9609375 0.01953125 0.01953125
0 0.8359375 0.96484375 0.01953125 0.01953125
0 0.51171875 0.9765625 0.01953125 0.01953125
0 0.82421875 0.984375 0.01953125 0.01953125
