0 0.875 0.00390625 0.01953125 0.01953125
0 0.18359375 0.0078125 0.01953125 0.01953125
0 0.25390625 0.0078125 0.01953125 0.01953125
0 0.2734375 0.0078125 0.01953125 0.01953125
0 0.28125 0.0078125 0.01953125 0.01953125
0 0.8671875 0.0078125 0.01953125 0.01953125
0 0.25390625 0.01171875 0.01953125 0.01953125
0 0.8671875 0.01171875 0.01953125 0.01953125
0 0.76171875 0.03125 0.01953125 0.01953125
0 0.73828125 0.03515625 0.01953125 0.01953125
0 0.7421875 0.03515625 0.01953125 0.01953125
0 0.76171875 0.03515625 0.01953125 0.01953125
0 0.87890625 0.03515625 0.01953125 0.01953125
0 0.73828125 0.0390625 0.01953125 0.01953125
0 0.7421875 0.0390625 0.01953125 0.01953125
0 0.86328125 0.0390625 0.01953125 0.01953125
0 0.87109375 0.0390625 0.01953125 0.01953125
0 0.6875 0.046875 0.01953125 0.01953125
0 0.828125 0.046875 0.01953125 0.01953125
0 0.66796875 0.05078125 0.01953125 0.01953125
0 0.625 0.05859375 0.01953125 0.01953125
0 0.5625 0.0703125 0.01953125 0.01953125
0 0.5390625 0.07421875 0.01953125 0.01953125
0 0.8828125 0.07421875 0.01953125 0.01953125
0 0.88671875 0.07421875 0.01953125 0.01953125
0 0.86328125 0.078125 0.01953125 0.01953125
0 0.87109375 0.078125 0.01953125 0.01953125
0 0.8828125 0.078125 0.01953125 0.01953125
0 0.8515625 0.08203125 0.01953125 0.01953125
0 0.46875 0.0859375 0.01953125 0.01953125
0 0.4921875 0.0859375 0.01953125 0.01953125
0 0.8359375 0.0859375 0.01953125 0.01953125
0 0.84375 0.0859375 0.01953125 0.01953125
0 0.87890625 0.11328125 0.01953125 0.01953125
0 0.8828125 0.11328125 0.01953125 0.01953125
0 0.86328125 0.1171875 0.01953125 0.01953125
0 0.90625 0.12890625 0.01953125 0.01953125
0 0.91015625 0.12890625 0.01953125 0.01953125
0 0.91796875 0.12890625 0.01953125 0.01953125
0 0.890625 0.1328125 0.01953125 0.01953125
0 0.8984375 0.1328125 0.01953125 0.01953125
0 0.85546875 0.13671875 0.01953125 0.01953125
0 0.86328125 0.13671875 0.01953125 0.01953125
0 0.875 0.13671875 0.01953125 0.01953125
0 0.8828125 0.13671875 0.01953125 0.01953125
0 0.8984375 0.171875 0.01953125 0.01953125
0 0.32421875 0.18359375 0.01953125 0.01953125
0 0.3125 0.19921875 0.01953125 0.01953125
0 0.91796875 0.20703125 0.01953125 0.01953125
0 0.921875 0.20703125 0.01953125 0.01953125
0 0.9296875 0.20703125 0.01953125 0.01953125
0 0.91015625 0.2109375 0.01953125 0.01953125
0 0.91796875 0.2109375 0.01953125 0.01953125
0 0.921875 0.2109375 0.01953125 0.01953125
0 0.9296875 0.2109375 0.01953125 0.01953125
0 0.90234375 0.21484375 0.01953125 0.01953125
0 0.97265625 0.21484375 0.01953125 0.01953125
0 0.89453125 0.21875 0.01953125 0.01953125
0 0.875 0.22265625 0.01953125 0.01953125
0 0.8828125 0.22265625 0.01953125 0.01953125
0 0.359375 0.2265625 0.01953125 0.01953125
0 0.86328125 0.2265625 0.01953125 0.01953125
0 0.97265625 0.2265625 0.01953125 0.01953125
0 0.37109375 0.23828125 0.01953125 0.01953125
0 0.9765625 0.23828125 0.01953125 0.01953125
0 0.921875 0.25 0.01953125 0.01953125
0 0.92578125 0.25 0.01953125 0.01953125
0 0.93359375 0.25 0.01953125 0.01953125
0 0.98046875 0.25 0.01953125 0.01953125
0 0.90625 0.25390625 0.01953125 0.01953125
0 0.9140625 0.25390625 0.01953125 0.01953125
0 0.921875 0.25390625 0.01953125 0.01953125
0 0.92578125 0.25390625 0.01953125 0.01953125
0 0.8984375 0.2578125 0.01953125 0.01953125
0 0.3125 0.2890625 0.01953125 0.01953125
0 0.3828125 0.30078125 0.01953125 0.01953125
0 0.35546875 0.3125 0.01953125 0.01953125
0 0.39453125 0.3125 0.01953125 0.01953125
0 0.43359375 0.3125 0.01953125 0.01953125
0 0.39453125 0.31640625 0.01953125 0.01953125
0 0.80078125 0.31640625 0.01953125 0.01953125
0 0.7734375 0.32421875 0.01953125 0.01953125
0 0.44921875 0.328125 0.01953125 0.01953125
0 0.7734375 0.328125 0.01953125 0.01953125
0 0.3203125 0.3359375 0.01953125 0.01953125
0 0.32421875 0.3359375 0.01953125 0.01953125
0 0.328125 0.34375 0.01953125 0.01953125
0 0.42578125 0.34375 0.01953125 0.01953125
0 0.4609375 0.34375 0.01953125 0.01953125
0 0.46484375 0.34375 0.01953125 0.01953125
0 0.328125 0.35546875 0.01953125 0.01953125
0 0.44140625 0.359375 0.01953125 0.01953125
0 0.48046875 0.359375 0.01953125 0.01953125
0 0.44140625 0.36328125 0.01953125 0.01953125
0 0.45703125 0.37890625 0.01953125 0.01953125
0 0.9921875 0.4453125 0.01953125 0.01953125
0 0.62890625 0.515625 0.01953125 0.01953125
0 0.65625 0.53125 0.01953125 0.01953125
0 0.671875 0.5390625 0.01953125 0.01953125
0 0.671875 0.54296875 0.01953125 0.01953125
0 0.73828125 0.54296875 0.01953125 0.01953125
0 0.76171875 0.54296875 0.01953125 0.01953125
0 0.765625 0.54296875 0.01953125 0.01953125
0 0.73828125 0.546875 0.01953125 0.01953125
0 0.7734375 0.546875 0.01953125 0.01953125
0 0.77734375 0.546875 0.01953125 0.01953125
0 0.765625 0.5859375 0.01953125 0.01953125
0 0.765625 0.58984375 0.01953125 0.01953125
0 0.79296875 0.59765625 0.01953125 0.01953125
0 0.79296875 0.6015625 0.01953125 0.01953125
0 0.82421875 0.61328125 0.01953125 0.01953125
0 0.85546875 0.625 0.01953125 0.01953125
0 0.96484375 0.640625 0.01953125 0.01953125
0 0.15625 0.6640625 0.01953125 0.01953125
0 0.91796875 0.66796875 0.01953125 0.01953125
0 0.4296875 0.7890625 0.01953125 0.01953125
0 0.43359375 0.7890625 0.01953125 0.01953125
0 0.4296875 0.79296875 0.01953125 0.01953125
0 0.43359375 0.79296875 0.01953125 0.01953125
0 0.5 0.80078125 0.01953125 0.01953125
0 0.94921875 0.81640625 0.01953125 0.01953125
0 0.8359375 0.8203125 0.01953125 0.01953125
0 0.4765625 0.8359375 0.01953125 0.01953125
0 0.5390625 0.84765625 0.01953125 0.01953125
0 0.49609375 0.8515625 0.01953125 0.01953125
0 0.5 0.8515625 0.01953125 0.01953125
0 0.49609375 0.85546875 0.01953125 0.01953125
0 0.5 0.85546875 0.01953125 0.01953125
0 0.5078125 0.85546875 0.01953125 0.01953125
0 0.5078125 0.859375 0.01953125 0.01953125
0 0.59375 0.91015625 0.01953125 0.01953125
0 0.21484375 0.9140625 0.01953125 0.01953125
0 0.625 0.93359375 0.01953125 0.01953125
0 0.63671875 0.96484375 0.01953125 0.01953125
0 0.171875 0.97265625 0.01953125 0.01953125
