0 0.078125 0.07421875 0.01953125 0.01953125
0 0.09765625 0.0859375 0.01953125 0.01953125
0 0.09375 0.1328125 0.01953125 0.01953125
0 0.75390625 0.1328125 0.01953125 0.01953125
0 0.12890625 0.13671875 0.01953125 0.01953125
0 0.15234375 0.13671875 0.01953125 0.01953125
0 0.20703125 0.13671875 0.01953125 0.01953125
0 0.15234375 0.140625 0.01953125 0.01953125
0 0.1796875 0.140625 0.01953125 0.01953125
0 0.20703125 0.140625 0.01953125 0.01953125
0 0.75390625 0.14453125 0.01953125 0.01953125
0 0.7578125 0.14453125 0.01953125 0.01953125
0 0.75390625 0.15234375 0.01953125 0.01953125
0 0.82421875 0.15625 0.01953125 0.01953125
0 0.75390625 0.16015625 0.01953125 0.01953125
0 0.82421875 0.16015625 0.01953125 0.01953125
0 0.75390625 0.171875 0.01953125 0.01953125
0 0.75 0.234375 0.01953125 0.01953125
0 0.75 0.24609375 0.01953125 0.01953125
0 0.03125 0.25 0.01953125 0.01953125
0 0.74609375 0.25390625 0.01953125 0.01953125
0 0.75 0.25390625 0.01953125 0.01953125
0 0.74609375 0.26171875 0.01953125 0.01953125
0 0.390625 0.28125 0.01953125 0.01953125
0 0.98828125 0.28125 0.01953125 0.01953125
0 0.28125 0.28515625 0.01953125 0.01953125
0 0.4453125 0.28515625 0.01953125 0.01953125
0 0.46875 0.28515625 0.01953125 0.01953125
0 0.98828125 0.28515625 0.01953125 0.01953125
0 0.09375 0.2890625 0.01953125 0.01953125
0 0.09765625 0.2890625 0.01953125 0.01953125
0 0.09375 0.29296875 0.01953125 0.01953125
0 0.09765625 0.29296875 0.01953125 0.01953125
0 0.54296875 0.29296875 0.01953125 0.01953125
0 0.5625 0.29296875 0.01953125 0.01953125
0 0.984375 0.29296875 0.01953125 0.01953125
0 0.2265625 0.296875 0.01953125 0.01953125
0 0.66015625 0.30078125 0.01953125 0.01953125
0 0.7421875 0.30078125 0.01953125 0.01953125
0 0.39453125 0.3046875 0.01953125 0.01953125
0 0.7421875 0.3046875 0.01953125 0.01953125
0 0.9765625 0.3046875 0.01953125 0.01953125
0 0.7421875 0.3203125 0.01953125 0.01953125
0 0.7421875 0.32421875 0.01953125 0.01953125
0 0.4296875 0.359375 0.01953125 0.01953125
0 0.1796875 0.49609375 0.01953125 0.01953125
0 0.1796875 0.50390625 0.01953125 0.01953125
0 0.1796875 0.5078125 0.01953125 0.01953125
0 0.671875 0.5078125 0.01953125 0.01953125
0 0.6640625 0.53125 0.01953125 0.01953125
0 0.8984375 0.55078125 0.01953125 0.01953125
0 0.6328125 0.5859375 0.01953125 0.01953125
0 0.62109375 0.6015625 0.01953125 0.01953125
0 0.62109375 0.60546875 0.01953125 0.01953125
0 0.60546875 0.62109375 0.01953125 0.01953125
0 0.25390625 0.74609375 0.01953125 0.01953125
0 0.09765625 0.76953125 0.01953125 0.01953125
0 0.0078125 0.7734375 0.01953125 0.01953125
0 0.09765625 0.7734375 0.01953125 0.01953125
0 0.94921875 0.7890625 0.01953125 0.01953125
0 0.15234375 0.94140625 0.01953125 0.01953125
0 0.15234375 0.9453125 0.01953125 0.01953125
0 0.42578125 0.95703125 0.01953125 0.01953125
0 0.0546875 0.96875 0.01953125 0.01953125
0 0.35546875 0.9921875 0.01953125 0.01953125
