0 0.953125 0.10546875 0.01953125 0.01953125
0 0.84375 0.25 0.01953125 0.01953125
0 0.84765625 0.25 0.01953125 0.01953125
0 0.859375 0.25 0.01953125 0.01953125
0 0.84375 0.25390625 0.01953125 0.01953125
0 0.84765625 0.25390625 0.01953125 0.01953125
0 0.859375 0.2578125 0.01953125 0.01953125
0 0.9140625 0.328125 0.01953125 0.01953125
0 0.93359375 0.3359375 0.01953125 0.01953125
0 0.91015625 0.375 0.01953125 0.01953125
0 0.91015625 0.39453125 0.01953125 0.01953125
0 0.95703125 0.4140625 0.01953125 0.01953125
0 0.97265625 0.4375 0.01953125 0.01953125
0 0.97265625 0.44140625 0.01953125 0.01953125
0 0.96484375 0.47265625 0.01953125 0.01953125
0 0.96875 0.47265625 0.01953125 0.01953125
0 0.9765625 0.47265625 0.01953125 0.01953125
0 0.98046875 0.47265625 0.01953125 0.01953125
0 0.98828125 0.47265625 0.01953125 0.01953125
0 0.95703125 0.4765625 0.01953125 0.01953125
0 0.01953125 0.49609375 0.01953125 0.01953125
0 0.9453125 0.5546875 0.01953125 0.01953125
0 0.9609375 0.5546875 0.01953125 0.01953125
0 0.97265625 0.5546875 0.01953125 0.01953125
0 0.98046875 0.5546875 0.01953125 0.01953125
0 0.984375 0.5546875 0.01953125 0.01953125
0 0.9453125 0.55859375 0.01953125 0.01953125
