0 0.1875 0.03125 0.01953125 0.01953125
0 0.1875 0.03515625 0.01953125 0.01953125
0 0.05859375 0.04296875 0.01953125 0.01953125
0 0.703125 0.04296875 0.01953125 0.01953125
0 0.20703125 0.046875 0.01953125 0.01953125
0 0.34375 0.046875 0.01953125 0.01953125
0 0.71875 0.05078125 0.01953125 0.01953125
0 0.05078125 0.05859375 0.01953125 0.01953125
0 0.13671875 0.05859375 0.01953125 0.01953125
0 0.14453125 0.06640625 0.01953125 0.01953125
0 0.28515625 0.0703125 0.01953125 0.01953125
0 0.39453125 0.0703125 0.01953125 0.01953125
0 0.41796875 0.0703125 0.01953125 0.01953125
0 0.75 0.0703125 0.01953125 0.01953125
0 0.3046875 0.07421875 0.01953125 0.01953125
0 0.6796875 0.07421875 0.01953125 0.01953125
0 0.68359375 0.07421875 0.01953125 0.01953125
0 0.38671875 0.078125 0.01953125 0.01953125
0 0.765625 0.078125 0.01953125 0.01953125
0 0.67578125 0.08203125 0.01953125 0.01953125
0 0.703125 0.0859375 0.01953125 0.01953125
0 0.03125 0.08984375 0.01953125 0.01953125
0 0.6953125 0.08984375 0.01953125 0.01953125
0 0.78515625 0.08984375 0.01953125 0.01953125
0 0.6953125 0.09375 0.01953125 0.01953125
0 0.7265625 0.09765625 0.01953125 0.01953125
0 0.8046875 0.1015625 0.01953125 0.01953125
0 0.01171875 0.12890625 0.01953125 0.01953125
0 0.890625 0.13671875 0.01953125 0.01953125
0 0.30078125 0.1484375 0.01953125 0.01953125
0 0.91796875 0.16796875 0.01953125 0.01953125
0 0.921875 0.16796875 0.01953125 0.01953125
0 0.09375 0.18359375 0.01953125 0.01953125
0 0.09765625 0.18359375 0.01953125 0.01953125
0 0.96875 0.19921875 0.01953125 0.01953125
0 0.40234375 0.22265625 0.01953125 0.01953125
0 0.40625 0.22265625 0.01953125 0.01953125
0 0.359375 0.25 0.01953125 0.01953125
0 0.40234375 0.25 0.01953125 0.01953125
0 0.09375 0.3125 0.01953125 0.01953125
0 0.1875 0.3203125 0.01953125 0.01953125
0 0.1875 0.32421875 0.01953125 0.01953125
0 0.48828125 0.32421875 0.01953125 0.01953125
0 0.23828125 0.328125 0.01953125 0.01953125
0 0.3203125 0.33203125 0.01953125 0.01953125
0 0.125 0.3515625 0.01953125 0.01953125
0 0.12890625 0.3515625 0.01953125 0.01953125
0 0.44140625 0.3515625 0.01953125 0.01953125
0 0.46484375 0.35546875 0.01953125 0.01953125
0 0.5234375 0.375 0.01953125 0.01953125
0 0.60546875 0.375 0.01953125 0.01953125
0 0.625 0.37890625 0.01953125 0.01953125
0 0.7109375 0.37890625 0.01953125 0.01953125
0 0.40234375 0.40234375 0.01953125 0.01953125
0 0.40625 0.40234375 0.01953125 0.01953125
0 0.6875 0.4296875 0.01953125 0.01953125
0 0.37890625 0.5 0.01953125 0.01953125
0 0.37890625 0.51171875 0.01953125 0.01953125
0 0.41796875 0.51171875 0.01953125 0.01953125
0 0.421875 0.51171875 0.01953125 0.01953125
0 0.81640625 0.51171875 0.01953125 0.01953125
0 0.41796875 0.515625 0.01953125 0.01953125
0 0.421875 0.515625 0.01953125 0.01953125
0 0.8203125 0.53125 0.01953125 0.01953125
0 0.42578125 0.546875 0.01953125 0.01953125
0 0.265625 0.55859375 0.01953125 0.01953125
0 0.265625 0.5625 0.01953125 0.01953125
0 0.06640625 0.5703125 0.01953125 0.01953125
0 0.4296875 0.5703125 0.01953125 0.01953125
0 0.8515625 0.5703125 0.01953125 0.01953125
0 0.11328125 0.57421875 0.01953125 0.01953125
0 0.15625 0.57421875 0.01953125 0.01953125
0 0.15625 0.578125 0.01953125 0.01953125
0 0.1953125 0.578125 0.01953125 0.01953125
0 0.19921875 0.578125 0.01953125 0.01953125
0 0.2421875 0.578125 0.01953125 0.01953125
0 0.01171875 0.59375 0.01953125 0.01953125
0 0.83984375 0.59375 0.01953125 0.01953125
0 0.84375 0.59375 0.01953125 0.01953125
0 0.11328125 0.59765625 0.01953125 0.01953125
0 0.26953125 0.60546875 0.01953125 0.01953125
0 0.28125 0.60546875 0.01953125 0.01953125
0 0.43359375 0.609375 0.01953125 0.01953125
0 0.78125 0.6171875 0.01953125 0.01953125
0 0.18359375 0.62109375 0.01953125 0.01953125
0 0.4140625 0.625 0.01953125 0.01953125
0 0.4375 0.625 0.01953125 0.01953125
0 0.4140625 0.62890625 0.01953125 0.01953125
0 0.4375 0.62890625 0.01953125 0.01953125
0 0.4296875 0.703125 0.01953125 0.01953125
0 0.18359375 0.7109375 0.01953125 0.01953125
0 0.0234375 0.73046875 0.01953125 0.01953125
0 0.4296875 0.734375 0.01953125 0.01953125
0 0.43359375 0.734375 0.01953125 0.01953125
0 0.453125 0.75 0.01953125 0.01953125
0 0.41796875 0.76953125 0.01953125 0.01953125
0 0.41796875 0.7734375 0.01953125 0.01953125
0 0.44140625 0.79296875 0.01953125 0.01953125
0 0.4453125 0.83984375 0.01953125 0.01953125
0 0.19140625 0.85546875 0.01953125 0.01953125
0 0.453125 0.87109375 0.01953125 0.01953125
0 0.14453125 0.88671875 0.01953125 0.01953125
0 0.1953125 0.8984375 0.01953125 0.01953125
0 0.46484375 0.94921875 0.01953125 0.01953125
