0 0.9375 0.00390625 0.01953125 0.01953125
0 0.94140625 0.00390625 0.01953125 0.01953125
0 0.61328125 0.0234375 0.01953125 0.01953125
0 0.16796875 0.09765625 0.01953125 0.01953125
0 0.76953125 0.15234375 0.01953125 0.01953125
0 0.453125 0.1796875 0.01953125 0.01953125
0 0.90234375 0.22265625 0.01953125 0.01953125
0 0.9453125 0.25 0.01953125 0.01953125
0 0.73828125 0.30078125 0.01953125 0.01953125
0 0.03125 0.30859375 0.01953125 0.01953125
0 0.96875 0.32421875 0.01953125 0.01953125
0 0.9921875 0.33203125 0.01953125 0.01953125
0 0.99609375 0.33203125 0.01953125 0.01953125
0 0.1640625 0.3828125 0.01953125 0.01953125
0 0.203125 0.3828125 0.01953125 0.01953125
0 0.2734375 0.390625 0.01953125 0.01953125
0 0.953125 0.42578125 0.01953125 0.01953125
0 0.28125 0.4296875 0.01953125 0.01953125
0 0.28125 0.43359375 0.01953125 0.01953125
0 0.37109375 0.4375 0.01953125 0.01953125
0 0.30078125 0.44140625 0.01953125 0.01953125
0 0.41796875 0.4765625 0.01953125 0.01953125
0 0.68359375 0.5703125 0.01953125 0.01953125
0 0.609375 0.578125 0.01953125 0.01953125
0 0.609375 0.58203125 0.01953125 0.01953125
0 0.79296875 0.6328125 0.01953125 0.01953125
0 0.8125 0.640625 0.01953125 0.01953125
0 0.81640625 0.640625 0.01953125 0.01953125
0 0.01953125 0.6484375 0.01953125 0.01953125
0 0.0390625 0.65625 0.01953125 0.01953125
0 0.04296875 0.65625 0.01953125 0.01953125
0 0.87109375 0.6640625 0.01953125 0.01953125
0 0.13671875 0.671875 0.01953125 0.01953125
0 0.890625 0.671875 0.01953125 0.01953125
0 0.0546875 0.68359375 0.01953125 0.01953125
0 0.109375 0.6875 0.01953125 0.01953125
0 0.94921875 0.6953125 0.01953125 0.01953125
0 0.13671875 0.69921875 0.01953125 0.01953125
0 0.140625 0.69921875 0.01953125 0.01953125
0 0.15625 0.70703125 0.01953125 0.01953125
0 0.171875 0.71484375 0.01953125 0.01953125
0 0.17578125 0.71484375 0.01953125 0.01953125
0 0.20703125 0.7265625 0.01953125 0.01953125
0 0.20703125 0.73046875 0.01953125 0.01953125
0 0.22265625 0.734375 0.01953125 0.01953125
0 0.2890625 0.76171875 0.01953125 0.01953125
0 0.37890625 0.80078125 0.01953125 0.01953125
0 0.4453125 0.80078125 0.01953125 0.01953125
0 0.49609375 0.828125 0.01953125 0.01953125
0 0.4453125 0.83203125 0.01953125 0.01953125
0 0.5 0.86328125 0.01953125 0.01953125
0 0.50390625 0.86328125 0.01953125 0.01953125
0 0.52734375 0.8984375 0.01953125 0.01953125
0 0.62109375 0.953125 0.01953125 0.01953125
0 0.68359375 0.96484375 0.01953125 0.01953125
