0 0.30859375 0.63671875 0.01953125 0.01953125
0 0.01953125 0.67578125 0.01953125 0.01953125
0 0.01953125 0.6796875 0.01953125 0.01953125
0 0.18359375 0.74609375 0.01953125 0.01953125
0 0.25390625 0.7890625 0.01953125 0.01953125
0 0.30078125 0.81640625 0.01953125 0.01953125
0 0.51171875 0.91796875 0.01953125 0.01953125
0 0.5234375 0.921875 0.01953125 0.01953125
0 0.5390625 0.9296875 0.01953125 0.01953125
0 0.546875 0.9375 0.01953125 0.01953125
0 0.453125 0.94921875 0.01953125 0.01953125
0 0.8828125 0.97265625 0.01953125 0.01953125
