0 0.18359375 0.00390625 0.01953125 0.01953125
0 0.62890625 0.00390625 0.01953125 0.01953125
0 0.6484375 0.0078125 0.01953125 0.01953125
0 0.65625 0.0078125 0.01953125 0.01953125
0 0.59375 0.01171875 0.01953125 0.01953125
0 0.6875 0.015625 0.01953125 0.01953125
0 0.7109375 0.01953125 0.01953125 0.01953125
0 0.71875 0.0234375 0.01953125 0.01953125
0 0.78125 0.08203125 0.01953125 0.01953125
0 0.390625 0.09765625 0.01953125 0.01953125
0 0.39453125 0.09765625 0.01953125 0.01953125
0 0.41796875 0.09765625 0.01953125 0.01953125
0 0.42578125 0.09765625 0.01953125 0.01953125
0 0.4296875 0.09765625 0.01953125 0.01953125
0 0.41796875 0.1015625 0.01953125 0.01953125
0 0.42578125 0.1015625 0.01953125 0.01953125
0 0.4296875 0.1015625 0.01953125 0.01953125
0 0.28515625 0.15625 0.01953125 0.01953125
0 0.27734375 0.1796875 0.01953125 0.01953125
0 0.765625 0.23046875 0.01953125 0.01953125
0 0.76953125 0.23046875 0.01953125 0.01953125
0 0.86328125 0.23828125 0.01953125 0.01953125
0 0.875 0.2421875 0.01953125 0.01953125
0 0.87890625 0.2421875 0.01953125 0.01953125
0 0.91796875 0.25390625 0.01953125 0.01953125
0 0.3046875 0.2578125 0.01953125 0.01953125
0 0.30859375 0.2578125 0.01953125 0.01953125
0 0.296875 0.26171875 0.01953125 0.01953125
0 0.6953125 0.29296875 0.01953125 0.01953125
0 0.22265625 0.30078125 0.01953125 0.01953125
0 0.69921875 0.30078125 0.01953125 0.01953125
0 0.69921875 0.3203125 0.01953125 0.01953125
0 0.69921875 0.328125 0.01953125 0.01953125
0 0.6953125 0.33984375 0.01953125 0.01953125
0 0.9375 0.34375 0.01953125 0.01953125
0 0.65625 0.375 0.01953125 0.01953125
0 0.0234375 0.37890625 0.01953125 0.01953125
0 0.02734375 0.37890625 0.01953125 0.01953125
0 0.15234375 0.390625 0.01953125 0.01953125
0 0.15234375 0.39453125 0.01953125 0.01953125
0 0.265625 0.40234375 0.01953125 0.01953125
0 0.28125 0.41015625 0.01953125 0.01953125
0 0.28515625 0.41015625 0.01953125 0.01953125
0 0.93359375 0.41796875 0.01953125 0.01953125
0 0.69140625 0.42578125 0.01953125 0.01953125
0 0.6953125 0.42578125 0.01953125 0.01953125
0 0.1328125 0.44140625 0.01953125 0.01953125
0 0.69140625 0.44140625 0.01953125 0.01953125
0 0.36328125 0.44921875 0.01953125 0.01953125
0 0.16015625 0.4609375 0.01953125 0.01953125
0 0.1640625 0.4609375 0.01953125 0.01953125
0 0.6953125 0.4609375 0.01953125 0.01953125
0 0.6953125 0.46484375 0.01953125 0.01953125
0 0.6953125 0.48046875 0.01953125 0.01953125
0 0.6953125 0.484375 0.01953125 0.01953125
0 0.1484375 0.5 0.01953125 0.01953125
0 0.1484375 0.50390625 0.01953125 0.01953125
0 0.69921875 0.5078125 0.01953125 0.01953125
0 0.0625 0.546875 0.01953125 0.01953125
0 0.88671875 0.56640625 0.01953125 0.01953125
0 0.5078125 0.59375 0.01953125 0.01953125
0 0.48828125 0.59765625 0.01953125 0.01953125
0 0.02734375 0.60546875 0.01953125 0.01953125
0 0.55859375 0.60546875 0.01953125 0.01953125
0 0.02734375 0.609375 0.01953125 0.01953125
0 0.01171875 0.62890625 0.01953125 0.01953125
0 0.015625 0.62890625 0.01953125 0.01953125
0 0.5546875 0.6328125 0.01953125 0.01953125
0 0.50390625 0.63671875 0.01953125 0.01953125
0 0.02734375 0.6484375 0.01953125 0.01953125
0 0.546875 0.703125 0.01953125 0.01953125
0 0.546875 0.74609375 0.01953125 0.01953125
0 0.55078125 0.74609375 0.01953125 0.01953125
0 0.94921875 0.75390625 0.01953125 0.01953125
0 0.953125 0.80078125 0.01953125 0.01953125
0 0.55859375 0.9140625 0.01953125 0.01953125
0 0.55859375 0.9375 0.01953125 0.01953125
