0 0.98828125 0.00390625 0.01953125 0.01953125
0 0.109375 0.015625 0.01953125 0.01953125
0 0.234375 0.05078125 0.01953125 0.01953125
0 0.375 0.07421875 0.01953125 0.01953125
0 0.3984375 0.078125 0.01953125 0.01953125
0 0.2109375 0.08203125 0.01953125 0.01953125
0 0.4609375 0.08203125 0.01953125 0.01953125
0 0.4609375 0.0859375 0.01953125 0.01953125
0 0.48046875 0.0859375 0.01953125 0.01953125
0 0.484375 0.0859375 0.01953125 0.01953125
0 0.67578125 0.0859375 0.01953125 0.01953125
0 0.53125 0.08984375 0.01953125 0.01953125
0 0.02734375 0.09375 0.01953125 0.01953125
0 0.68359375 0.09375 0.01953125 0.01953125
0 0.69140625 0.1015625 0.01953125 0.01953125
0 0.73046875 0.1015625 0.01953125 0.01953125
0 0.734375 0.1015625 0.01953125 0.01953125
0 0.69140625 0.10546875 0.01953125 0.01953125
0 0.046875 0.109375 0.01953125 0.01953125
0 0.6953125 0.11328125 0.01953125 0.01953125
0 0.69921875 0.11328125 0.01953125 0.01953125
0 0.140625 0.12109375 0.01953125 0.01953125
0 0.14453125 0.12109375 0.01953125 0.01953125
0 0.046875 0.12890625 0.01953125 0.01953125
0 0.03125 0.13671875 0.01953125 0.01953125
0 0.35546875 0.1640625 0.01953125 0.01953125
0 0.0 0.17578125 0.01953125 0.01953125
0 0.6015625 0.203125 0.01953125 0.01953125
0 0.85546875 0.21484375 0.01953125 0.01953125
0 0.140625 0.234375 0.01953125 0.01953125
0 0.03515625 0.25 0.01953125 0.01953125
0 0.421875 0.26953125 0.01953125 0.01953125
0 0.8125 0.2734375 0.01953125 0.01953125
0 0.07421875 0.28125 0.01953125 0.01953125
0 0.64453125 0.28515625 0.01953125 0.01953125
0 0.6484375 0.28515625 0.01953125 0.01953125
0 0.64453125 0.2890625 0.01953125 0.01953125
0 0.6484375 0.2890625 0.01953125 0.01953125
0 0.4140625 0.3125 0.01953125 0.01953125
0 0.078125 0.31640625 0.01953125 0.01953125
0 0.4140625 0.31640625 0.01953125 0.01953125
0 0.078125 0.33203125 0.01953125 0.01953125
0 0.5859375 0.33203125 0.01953125 0.01953125
0 0.64453125 0.33203125 0.01953125 0.01953125
0 0.078125 0.3359375 0.01953125 0.01953125
0 0.39453125 0.34765625 0.01953125 0.01953125
0 0.39453125 0.3515625 0.01953125 0.01953125
0 0.5234375 0.3515625 0.01953125 0.01953125
0 0.98046875 0.3515625 0.01953125 0.01953125
0 0.046875 0.359375 0.01953125 0.01953125
0 0.078125 0.37890625 0.01953125 0.01953125
0 0.50390625 0.3984375 0.01953125 0.01953125
0 0.48828125 0.41015625 0.01953125 0.01953125
0 0.47265625 0.41796875 0.01953125 0.01953125
0 0.47265625 0.421875 0.01953125 0.01953125
0 0.45703125 0.43359375 0.01953125 0.01953125
0 0.1015625 0.453125 0.01953125 0.01953125
0 0.3984375 0.453125 0.01953125 0.01953125
0 0.57421875 0.4609375 0.01953125 0.01953125
0 0.578125 0.4609375 0.01953125 0.01953125
0 0.1015625 0.4765625 0.01953125 0.01953125
0 0.10546875 0.49609375 0.01953125 0.01953125
0 0.1015625 0.515625 0.01953125 0.01953125
0 0.10546875 0.515625 0.01953125 0.01953125
0 0.07421875 0.54296875 0.01953125 0.01953125
0 0.3125 0.54296875 0.01953125 0.01953125
0 0.31640625 0.54296875 0.01953125 0.01953125
0 0.07421875 0.546875 0.01953125 0.01953125
0 0.3046875 0.55078125 0.01953125 0.01953125
0 0.3046875 0.5546875 0.01953125 0.01953125
0 0.1640625 0.578125 0.01953125 0.01953125
0 0.26953125 0.578125 0.01953125 0.01953125
0 0.2734375 0.578125 0.01953125 0.01953125
0 0.1640625 0.5859375 0.01953125 0.01953125
0 0.16796875 0.5859375 0.01953125 0.01953125
0 0.1640625 0.59375 0.01953125 0.01953125
0 0.16796875 0.59375 0.01953125 0.01953125
0 0.1640625 0.59765625 0.01953125 0.01953125
0 0.16796875 0.59765625 0.01953125 0.01953125
0 0.21875 0.6015625 0.01953125 0.01953125
0 0.2421875 0.6015625 0.01953125 0.01953125
0 0.19921875 0.609375 0.01953125 0.01953125
0 0.16796875 0.61328125 0.01953125 0.01953125
0 0.2265625 0.640625 0.01953125 0.01953125
0 0.21875 0.64453125 0.01953125 0.01953125
0 0.2109375 0.6484375 0.01953125 0.01953125
0 0.21484375 0.6484375 0.01953125 0.01953125
0 0.3125 0.6484375 0.01953125 0.01953125
0 0.94140625 0.65625 0.01953125 0.01953125
0 0.31640625 0.66796875 0.01953125 0.01953125
0 0.3203125 0.66796875 0.01953125 0.01953125
0 0.96875 0.69140625 0.01953125 0.01953125
0 0.48046875 0.69921875 0.01953125 0.01953125
0 0.80859375 0.7109375 0.01953125 0.01953125
0 0.48828125 0.71875 0.01953125 0.01953125
0 0.0 0.73828125 0.01953125 0.01953125
0 0.078125 0.7421875 0.01953125 0.01953125
0 0.01953125 0.75 0.01953125 0.01953125
0 0.01171875 0.7578125 0.01953125 0.01953125
0 0.00390625 0.76171875 0.01953125 0.01953125
0 0.00390625 0.765625 0.01953125 0.01953125
0 0.16796875 0.765625 0.01953125 0.01953125
0 0.73046875 0.765625 0.01953125 0.01953125
0 0.0 0.76953125 0.01953125 0.01953125
0 0.0 0.7734375 0.01953125 0.01953125
0 0.1875 0.7734375 0.01953125 0.01953125
0 0.515625 0.78125 0.01953125 0.01953125
0 0.03125 0.79296875 0.01953125 0.01953125
0 0.49609375 0.79296875 0.01953125 0.01953125
0 0.65625 0.79296875 0.01953125 0.01953125
0 0.203125 0.796875 0.01953125 0.01953125
0 0.51953125 0.796875 0.01953125 0.01953125
0 0.65625 0.796875 0.01953125 0.01953125
0 0.51953125 0.80078125 0.01953125 0.01953125
0 0.63671875 0.80078125 0.01953125 0.01953125
0 0.63671875 0.8046875 0.01953125 0.01953125
0 0.01953125 0.80859375 0.01953125 0.01953125
0 0.01171875 0.81640625 0.01953125 0.01953125
0 0.01171875 0.8203125 0.01953125 0.01953125
0 0.484375 0.84375 0.01953125 0.01953125
0 0.22265625 0.84765625 0.01953125 0.01953125
0 0.2265625 0.84765625 0.01953125 0.01953125
0 0.54296875 0.84765625 0.01953125 0.01953125
0 0.0078125 0.8515625 0.01953125 0.01953125
0 0.01171875 0.8515625 0.01953125 0.01953125
0 0.20703125 0.85546875 0.01953125 0.01953125
0 0.46484375 0.85546875 0.01953125 0.01953125
0 0.4296875 0.87109375 0.01953125 0.01953125
0 0.47265625 0.87109375 0.01953125 0.01953125
0 0.4765625 0.87109375 0.01953125 0.01953125
0 0.203125 0.875 0.01953125 0.01953125
0 0.20703125 0.875 0.01953125 0.01953125
0 0.203125 0.87890625 0.01953125 0.01953125
0 0.20703125 0.87890625 0.01953125 0.01953125
0 0.4296875 0.88671875 0.01953125 0.01953125
0 0.43359375 0.88671875 0.01953125 0.01953125
0 0.37890625 0.890625 0.01953125 0.01953125
0 0.4296875 0.890625 0.01953125 0.01953125
0 0.43359375 0.890625 0.01953125 0.01953125
0 0.4140625 0.89453125 0.01953125 0.01953125
0 0.36328125 0.8984375 0.01953125 0.01953125
0 0.4140625 0.8984375 0.01953125 0.01953125
0 0.37890625 0.91015625 0.01953125 0.01953125
0 0.37890625 0.9140625 0.01953125 0.01953125
0 0.3125 0.91796875 0.01953125 0.01953125
0 0.3125 0.921875 0.01953125 0.01953125
0 0.359375 0.921875 0.01953125 0.01953125
0 0.2734375 0.93359375 0.01953125 0.01953125
0 0.3125 0.94140625 0.01953125 0.01953125
0 0.53125 0.94140625 0.01953125 0.01953125
0 0.53515625 0.94140625 0.01953125 0.01953125
0 0.29296875 0.94921875 0.01953125 0.01953125
0 0.2734375 0.95703125 0.01953125 0.01953125
0 0.59765625 0.95703125 0.01953125 0.01953125
0 0.2109375 0.9609375 0.01953125 0.01953125
0 0.21484375 0.9609375 0.01953125 0.01953125
0 0.19140625 0.96484375 0.01953125 0.01953125
0 0.19140625 0.96875 0.01953125 0.01953125
0 0.171875 0.97265625 0.01953125 0.01953125
0 0.15625 0.9765625 0.01953125 0.01953125
0 0.13671875 0.98046875 0.01953125 0.01953125
0 0.140625 0.98046875 0.01953125 0.01953125
