0 0.25390625 0.109375 0.01953125 0.01953125
0 0.46484375 0.140625 0.01953125 0.01953125
0 0.25 0.34375 0.01953125 0.01953125
0 0.0703125 0.38671875 0.01953125 0.01953125
0 0.07421875 0.38671875 0.01953125 0.01953125
0 0.00390625 0.46875 0.01953125 0.01953125
0 0.01953125 0.46875 0.01953125 0.01953125
0 0.00390625 0.47265625 0.01953125 0.01953125
0 0.06640625 0.5078125 0.01953125 0.01953125
0 0.06640625 0.51171875 0.01953125 0.01953125
0 0.05859375 0.515625 0.01953125 0.01953125
0 0.0546875 0.5234375 0.01953125 0.01953125
0 0.046875 0.53125 0.01953125 0.01953125
0 0.0390625 0.5390625 0.01953125 0.01953125
0 0.18359375 0.64453125 0.01953125 0.01953125
0 0.1796875 0.66796875 0.01953125 0.01953125
0 0.92578125 0.84765625 0.01953125 0.01953125
0 0.94140625 0.85546875 0.01953125 0.01953125
0 0.95703125 0.86328125 0.01953125 0.01953125
0 0.96484375 0.8671875 0.01953125 0.01953125
0 0.96875 0.8671875 0.01953125 0.01953125
