0 0.55859375 0.01953125 0.01953125 0.01953125
0 0.55859375 0.0234375 0.01953125 0.01953125
0 0.23828125 0.03515625 0.01953125 0.01953125
0 0.5546875 0.0390625 0.01953125 0.01953125
0 0.5546875 0.04296875 0.01953125 0.01953125
0 0.5703125 0.09765625 0.01953125 0.01953125
0 0.57421875 0.109375 0.01953125 0.01953125
0 0.234375 0.125 0.01953125 0.01953125
0 0.22265625 0.12890625 0.01953125 0.01953125
0 0.50390625 0.1484375 0.01953125 0.01953125
0 0.234375 0.15625 0.01953125 0.01953125
0 0.51171875 0.1875 0.01953125 0.01953125
0 0.4921875 0.19921875 0.01953125 0.01953125
0 0.49609375 0.19921875 0.01953125 0.01953125
0 0.3046875 0.21484375 0.01953125 0.01953125
0 0.30859375 0.21484375 0.01953125 0.01953125
0 0.3046875 0.21875 0.01953125 0.01953125
0 0.30859375 0.21875 0.01953125 0.01953125
0 0.546875 0.2265625 0.01953125 0.01953125
0 0.546875 0.23046875 0.01953125 0.01953125
0 0.63671875 0.36328125 0.01953125 0.01953125
0 0.63671875 0.3671875 0.01953125 0.01953125
0 0.22265625 0.39453125 0.01953125 0.01953125
0 0.2265625 0.39453125 0.01953125 0.01953125
0 0.22265625 0.3984375 0.01953125 0.01953125
0 0.2265625 0.3984375 0.01953125 0.01953125
0 0.2578125 0.53515625 0.01953125 0.01953125
0 0.546875 0.54296875 0.01953125 0.01953125
0 0.5546875 0.54296875 0.01953125 0.01953125
0 0.546875 0.546875 0.01953125 0.01953125
0 0.5546875 0.546875 0.01953125 0.01953125
0 0.3125 0.625 0.01953125 0.01953125
0 0.0703125 0.640625 0.01953125 0.01953125
0 0.07421875 0.640625 0.01953125 0.01953125
0 0.0703125 0.64453125 0.01953125 0.01953125
0 0.07421875 0.64453125 0.01953125 0.01953125
0 0.32421875 0.6484375 0.01953125 0.01953125
0 0.078125 0.66796875 0.01953125 0.01953125
0 0.33984375 0.67578125 0.01953125 0.01953125
0 0.33984375 0.6796875 0.01953125 0.01953125
0 0.0703125 0.71484375 0.01953125 0.01953125
0 0.3828125 0.7578125 0.01953125 0.01953125
0 0.4375 0.7734375 0.01953125 0.01953125
0 0.44921875 0.80078125 0.01953125 0.01953125
0 0.12109375 0.828125 0.01953125 0.01953125
0 0.4140625 0.88671875 0.01953125 0.01953125
0 0.140625 0.890625 0.01953125 0.01953125
0 0.4140625 0.890625 0.01953125 0.01953125
0 0.3984375 0.89453125 0.01953125 0.01953125
0 0.12109375 0.8984375 0.01953125 0.01953125
0 0.12109375 0.90234375 0.01953125 0.01953125
0 0.3828125 0.90234375 0.01953125 0.01953125
0 0.3828125 0.90625 0.01953125 0.01953125
0 0.37109375 0.9140625 0.01953125 0.01953125
0 0.36328125 0.91796875 0.01953125 0.01953125
0 0.36328125 0.921875 0.01953125 0.01953125
0 0.41796875 0.94140625 0.01953125 0.01953125
0 0.41015625 0.9453125 0.01953125 0.01953125
0 0.40234375 0.94921875 0.01953125 0.01953125
0 0.38671875 0.95703125 0.01953125 0.01953125
0 0.390625 0.95703125 0.01953125 0.01953125
0 0.38671875 0.9609375 0.01953125 0.01953125
0 0.390625 0.9609375 0.01953125 0.01953125
0 0.45703125 0.98046875 0.01953125 0.01953125
0 0.4609375 0.98828125 0.01953125 0.01953125
0 0.46484375 0.99609375 0.01953125 0.01953125
