0 0.5078125 0.0390625 0.01953125 0.01953125
0 0.5 0.046875 0.01953125 0.01953125
0 0.50390625 0.046875 0.01953125 0.01953125
0 0.4609375 0.0703125 0.01953125 0.01953125
0 0.46484375 0.0703125 0.01953125 0.01953125
0 0.01953125 0.078125 0.01953125 0.01953125
0 0.4375 0.08203125 0.01953125 0.01953125
0 0.4453125 0.08203125 0.01953125 0.01953125
0 0.0 0.0859375 0.01953125 0.01953125
0 0.4375 0.0859375 0.01953125 0.01953125
0 0.4140625 0.09765625 0.01953125 0.01953125
0 0.5 0.09765625 0.01953125 0.01953125
0 0.4140625 0.1015625 0.01953125 0.01953125
0 0.4921875 0.1015625 0.01953125 0.01953125
0 0.484375 0.10546875 0.01953125 0.01953125
0 0.3984375 0.109375 0.01953125 0.01953125
0 0.4765625 0.11328125 0.01953125 0.01953125
0 0.37890625 0.1171875 0.01953125 0.01953125
0 0.37890625 0.12109375 0.01953125 0.01953125
0 0.4453125 0.140625 0.01953125 0.01953125
0 0.20703125 0.14453125 0.01953125 0.01953125
0 0.2109375 0.14453125 0.01953125 0.01953125
0 0.21875 0.14453125 0.01953125 0.01953125
0 0.20703125 0.1484375 0.01953125 0.01953125
0 0.2109375 0.1484375 0.01953125 0.01953125
0 0.38671875 0.1640625 0.01953125 0.01953125
0 0.37890625 0.171875 0.01953125 0.01953125
0 0.05078125 0.1796875 0.01953125 0.01953125
0 0.375 0.1796875 0.01953125 0.01953125
0 0.37890625 0.1796875 0.01953125 0.01953125
0 0.375 0.18359375 0.01953125 0.01953125
0 0.37890625 0.18359375 0.01953125 0.01953125
0 0.41015625 0.20703125 0.01953125 0.01953125
0 0.41015625 0.2109375 0.01953125 0.01953125
0 0.3984375 0.22265625 0.01953125 0.01953125
0 0.39453125 0.23046875 0.01953125 0.01953125
0 0.390625 0.23828125 0.01953125 0.01953125
0 0.38671875 0.24609375 0.01953125 0.01953125
0 0.3828125 0.25390625 0.01953125 0.01953125
0 0.3828125 0.2578125 0.01953125 0.01953125
0 0.28515625 0.54296875 0.01953125 0.01953125
0 0.25390625 0.58984375 0.01953125 0.01953125
0 0.33984375 0.609375 0.01953125 0.01953125
0 0.33984375 0.61328125 0.01953125 0.01953125
0 0.3515625 0.6171875 0.01953125 0.01953125
0 0.3515625 0.62109375 0.01953125 0.01953125
0 0.01953125 0.640625 0.01953125 0.01953125
0 0.6015625 0.64453125 0.01953125 0.01953125
0 0.04296875 0.6484375 0.01953125 0.01953125
0 0.421875 0.66015625 0.01953125 0.01953125
0 0.42578125 0.66015625 0.01953125 0.01953125
0 0.44140625 0.671875 0.01953125 0.01953125
0 0.5 0.671875 0.01953125 0.01953125
0 0.08984375 0.68359375 0.01953125 0.01953125
0 0.46484375 0.68359375 0.01953125 0.01953125
0 0.59765625 0.70703125 0.01953125 0.01953125
0 0.6015625 0.70703125 0.01953125 0.01953125
0 0.5078125 0.71484375 0.01953125 0.01953125
0 0.5625 0.76171875 0.01953125 0.01953125
0 0.5625 0.765625 0.01953125 0.01953125
0 0.59765625 0.8046875 0.01953125 0.01953125
0 0.6015625 0.8046875 0.01953125 0.01953125
0 0.609375 0.81640625 0.01953125 0.01953125
0 0.609375 0.8203125 0.01953125 0.01953125
0 0.64453125 0.8671875 0.01953125 0.01953125
0 0.65625 0.8828125 0.01953125 0.01953125
0 0.28125 0.890625 0.01953125 0.01953125
0 0.28515625 0.890625 0.01953125 0.01953125
0 0.26171875 0.9140625 0.01953125 0.01953125
0 0.26171875 0.91796875 0.01953125 0.01953125
0 0.0703125 0.94140625 0.01953125 0.01953125
0 0.12890625 0.953125 0.01953125 0.01953125
0 0.734375 0.984375 0.01953125 0.01953125
0 0.25390625 0.9921875 0.01953125 0.01953125
0 0.25390625 0.99609375 0.01953125 0.01953125
