0 0.0 0.16796875 0.02512562814070352 0.01953125
0 0.5226130653266332 0.23828125 0.02512562814070352 0.01953125
0 0.4371859296482412 0.2734375 0.02512562814070352 0.01953125
0 0.5628140703517588 0.2734375 0.02512562814070352 0.01953125
0 0.457286432160804 0.28515625 0.02512562814070352 0.01953125
0 0.592964824120603 0.296875 0.02512562814070352 0.01953125
0 0.07035175879396985 0.3046875 0.02512562814070352 0.01953125
0 0.07537688442211055 0.3046875 0.02512562814070352 0.01953125
0 0.6482412060301508 0.3046875 0.02512562814070352 0.01953125
0 0.10552763819095477 0.3125 0.02512562814070352 0.01953125
0 0.5376884422110553 0.3125 0.02512562814070352 0.01953125
0 0.05025125628140704 0.31640625 0.02512562814070352 0.01953125
0 0.19095477386934673 0.31640625 0.02512562814070352 0.01953125
0 0.6180904522613065 0.31640625 0.02512562814070352 0.01953125
0 0.7035175879396985 0.31640625 0.02512562814070352 0.01953125
0 0.7085427135678392 0.31640625 0.02512562814070352 0.01953125
0 0.11557788944723618 0.3203125 0.02512562814070352 0.01953125
0 0.49748743718592964 0.3203125 0.02512562814070352 0.01953125
0 0.5025125628140703 0.3203125 0.02512562814070352 0.01953125
0 0.7035175879396985 0.3203125 0.02512562814070352 0.01953125
0 0.7085427135678392 0.3203125 0.02512562814070352 0.01953125
0 0.3768844221105528 0.32421875 0.02512562814070352 0.01953125
0 0.38190954773869346 0.32421875 0.02512562814070352 0.01953125
0 0.628140703517588 0.32421875 0.02512562814070352 0.01953125
0 0.04020100502512563 0.328125 0.02512562814070352 0.01953125
0 0.3869346733668342 0.328125 0.02512562814070352 0.01953125
0 0.6934673366834171 0.328125 0.02512562814070352 0.01953125
0 0.3869346733668342 0.33203125 0.02512562814070352 0.01953125
0 0.5175879396984925 0.33203125 0.02512562814070352 0.01953125
0 0.1407035175879397 0.3359375 0.02512562814070352 0.01953125
0 0.3969849246231156 0.3359375 0.02512562814070352 0.01953125
0 0.1407035175879397 0.33984375 0.02512562814070352 0.01953125
0 0.678391959798995 0.33984375 0.02512562814070352 0.01953125
0 0.45226130653266333 0.34375 0.02512562814070352 0.01953125
0 0.5829145728643216 0.34375 0.02512562814070352 0.01953125
0 0.4120603015075377 0.34765625 0.02512562814070352 0.01953125
0 0.4623115577889447 0.3515625 0.02512562814070352 0.01953125
0 0.5879396984924623 0.35546875 0.02512562814070352 0.01953125
0 0.16080402010050251 0.359375 0.02512562814070352 0.01953125
0 0.4271356783919598 0.359375 0.02512562814070352 0.01953125
0 0.4321608040201005 0.359375 0.02512562814070352 0.01953125
0 0.4271356783919598 0.36328125 0.02512562814070352 0.01953125
0 0.4321608040201005 0.36328125 0.02512562814070352 0.01953125
0 0.5577889447236181 0.36328125 0.02512562814070352 0.01953125
0 0.5678391959798995 0.37109375 0.02512562814070352 0.01953125
0 0.3768844221105528 0.37890625 0.02512562814070352 0.01953125
0 0.45226130653266333 0.37890625 0.02512562814070352 0.01953125
0 0.4623115577889447 0.3828125 0.02512562814070352 0.01953125
0 0.19597989949748743 0.38671875 0.02512562814070352 0.01953125
0 0.46733668341708545 0.390625 0.02512562814070352 0.01953125
0 0.4723618090452261 0.390625 0.02512562814070352 0.01953125
0 0.46733668341708545 0.39453125 0.02512562814070352 0.01953125
0 0.4723618090452261 0.39453125 0.02512562814070352 0.01953125
0 0.47738693467336685 0.3984375 0.02512562814070352 0.01953125
0 0.48743718592964824 0.40234375 0.02512562814070352 0.01953125
0 0.49748743718592964 0.40625 0.02512562814070352 0.01953125
0 0.23618090452261306 0.4140625 0.02512562814070352 0.01953125
0 0.1658291457286432 0.41796875 0.02512562814070352 0.01953125
0 0.24120603015075376 0.421875 0.02512562814070352 0.01953125
0 0.24120603015075376 0.42578125 0.02512562814070352 0.01953125
0 0.20100502512562815 0.44140625 0.02512562814070352 0.01953125
0 0.22110552763819097 0.4609375 0.02512562814070352 0.01953125
0 0.4824120603015075 0.46484375 0.02512562814070352 0.01953125
0 0.49246231155778897 0.47265625 0.02512562814070352 0.01953125
0 0.23618090452261306 0.4765625 0.02512562814070352 0.01953125
0 0.5778894472361809 0.4765625 0.02512562814070352 0.01953125
0 0.5879396984924623 0.484375 0.02512562814070352 0.01953125
0 0.5175879396984925 0.48828125 0.02512562814070352 0.01953125
0 0.5979899497487438 0.48828125 0.02512562814070352 0.01953125
0 0.22110552763819097 0.49609375 0.02512562814070352 0.01953125
0 0.6030150753768844 0.49609375 0.02512562814070352 0.01953125
0 0.15577889447236182 0.5 0.02512562814070352 0.01953125
0 0.22110552763819097 0.5 0.02512562814070352 0.01953125
0 0.27638190954773867 0.5078125 0.02512562814070352 0.01953125
0 0.2814070351758794 0.5078125 0.02512562814070352 0.01953125
0 0.1306532663316583 0.515625 0.02512562814070352 0.01953125
0 0.1407035175879397 0.51953125 0.02512562814070352 0.01953125
0 0.1407035175879397 0.5234375 0.02512562814070352 0.01953125
0 0.18592964824120603 0.52734375 0.02512562814070352 0.01953125
0 0.1507537688442211 0.53125 0.02512562814070352 0.01953125
0 0.15577889447236182 0.53515625 0.02512562814070352 0.01953125
0 0.1658291457286432 0.54296875 0.02512562814070352 0.01953125
0 0.3015075376884422 0.54296875 0.02512562814070352 0.01953125
0 0.3015075376884422 0.546875 0.02512562814070352 0.01953125
0 0.18090452261306533 0.55859375 0.02512562814070352 0.01953125
0 0.2814070351758794 0.56640625 0.02512562814070352 0.01953125
0 0.5326633165829145 0.609375 0.02512562814070352 0.01953125
0 0.5376884422110553 0.609375 0.02512562814070352 0.01953125
0 0.6532663316582915 0.64453125 0.02512562814070352 0.01953125
0 0.6582914572864321 0.64453125 0.02512562814070352 0.01953125
0 0.6633165829145728 0.6484375 0.02512562814070352 0.01953125
0 0.6633165829145728 0.65234375 0.02512562814070352 0.01953125
0 0.628140703517588 0.6796875 0.02512562814070352 0.01953125
0 0.18090452261306533 0.71875 0.02512562814070352 0.01953125
0 0.1507537688442211 0.73828125 0.02512562814070352 0.01953125
0 0.1507537688442211 0.7421875 0.02512562814070352 0.01953125
0 0.1306532663316583 0.75390625 0.02512562814070352 0.01953125
0 0.05025125628140704 0.890625 0.02512562814070352 0.01953125
0 0.04522613065326633 0.8984375 0.02512562814070352 0.01953125
0 0.04020100502512563 0.91015625 0.02512562814070352 0.01953125
0 0.03015075376884422 0.92578125 0.02512562814070352 0.01953125
0 0.09045226130653267 0.92578125 0.02512562814070352 0.01953125
0 0.08542713567839195 0.9296875 0.02512562814070352 0.01953125
0 0.020100502512562814 0.93359375 0.02512562814070352 0.01953125
0 0.02512562814070352 0.93359375 0.02512562814070352 0.01953125
0 0.08542713567839195 0.93359375 0.02512562814070352 0.01953125
0 0.08542713567839195 0.953125 0.02512562814070352 0.01953125
0 0.09547738693467336 0.95703125 0.02512562814070352 0.01953125
0 0.10050251256281408 0.95703125 0.02512562814070352 0.01953125
0 0.10552763819095477 0.96484375 0.02512562814070352 0.01953125
0 0.11557788944723618 0.96875 0.02512562814070352 0.01953125
0 0.04020100502512563 0.97265625 0.02512562814070352 0.01953125
0 0.05025125628140704 0.98046875 0.02512562814070352 0.01953125
