0 0.546875 0.04296875 0.01953125 0.01953125
0 0.56640625 0.05078125 0.01953125 0.01953125
0 0.57421875 0.0546875 0.01953125 0.01953125
0 0.61328125 0.06640625 0.01953125 0.01953125
0 0.61328125 0.0703125 0.01953125 0.01953125
0 0.62109375 0.0703125 0.01953125 0.01953125
0 0.80078125 0.0703125 0.01953125 0.01953125
0 0.796875 0.1015625 0.01953125 0.01953125
0 0.1328125 0.12890625 0.01953125 0.01953125
0 0.13671875 0.12890625 0.01953125 0.01953125
0 0.36328125 0.12890625 0.01953125 0.01953125
0 0.60546875 0.14453125 0.01953125 0.01953125
0 0.61328125 0.1484375 0.01953125 0.01953125
0 0.73828125 0.1484375 0.01953125 0.01953125
0 0.61328125 0.15234375 0.01953125 0.01953125
0 0.62109375 0.15234375 0.01953125 0.01953125
0 0.62890625 0.15234375 0.01953125 0.01953125
0 0.63671875 0.15625 0.01953125 0.01953125
0 0.64453125 0.16015625 0.01953125 0.01953125
0 0.65234375 0.1640625 0.01953125 0.01953125
0 0.66015625 0.1640625 0.01953125 0.01953125
0 0.6640625 0.1640625 0.01953125 0.01953125
0 0.78125 0.1640625 0.01953125 0.01953125
0 0.98828125 0.1640625 0.01953125 0.01953125
0 0.78125 0.16796875 0.01953125 0.01953125
0 0.66796875 0.171875 0.01953125 0.01953125
0 0.67578125 0.171875 0.01953125 0.01953125
0 0.68359375 0.17578125 0.01953125 0.01953125
0 0.8046875 0.17578125 0.01953125 0.01953125
0 0.69140625 0.1796875 0.01953125 0.01953125
0 0.59765625 0.18359375 0.01953125 0.01953125
0 0.6015625 0.1875 0.01953125 0.01953125
0 0.60546875 0.1875 0.01953125 0.01953125
0 0.6015625 0.19140625 0.01953125 0.01953125
0 0.60546875 0.19140625 0.01953125 0.01953125
0 0.84765625 0.19140625 0.01953125 0.01953125
0 0.609375 0.1953125 0.01953125 0.01953125
0 0.61328125 0.1953125 0.01953125 0.01953125
0 0.62109375 0.1953125 0.01953125 0.01953125
0 0.64453125 0.20703125 0.01953125 0.01953125
0 0.65234375 0.2109375 0.01953125 0.01953125
0 0.9921875 0.23046875 0.01953125 0.01953125
0 0.9765625 0.24609375 0.01953125 0.01953125
0 0.9296875 0.31640625 0.01953125 0.01953125
0 0.93359375 0.31640625 0.01953125 0.01953125
0 0.640625 0.3984375 0.01953125 0.01953125
0 0.64453125 0.3984375 0.01953125 0.01953125
0 0.66015625 0.41796875 0.01953125 0.01953125
0 0.921875 0.41796875 0.01953125 0.01953125
0 0.921875 0.421875 0.01953125 0.01953125
0 0.671875 0.4375 0.01953125 0.01953125
0 0.671875 0.45703125 0.01953125 0.01953125
0 0.67578125 0.45703125 0.01953125 0.01953125
0 0.0859375 0.69921875 0.01953125 0.01953125
0 0.140625 0.71484375 0.01953125 0.01953125
0 0.91015625 0.734375 0.01953125 0.01953125
0 0.91015625 0.73828125 0.01953125 0.01953125
0 0.16015625 0.74609375 0.01953125 0.01953125
0 0.9296875 0.75390625 0.01953125 0.01953125
0 0.9296875 0.7578125 0.01953125 0.01953125
0 0.99609375 0.7890625 0.01953125 0.01953125
0 0.99609375 0.79296875 0.01953125 0.01953125
0 0.203125 0.80859375 0.01953125 0.01953125
0 0.203125 0.8125 0.01953125 0.01953125
0 0.20703125 0.8203125 0.01953125 0.01953125
0 0.0546875 0.84375 0.01953125 0.01953125
0 0.16015625 0.85546875 0.01953125 0.01953125
0 0.98046875 0.93359375 0.01953125 0.01953125
0 0.11328125 0.953125 0.01953125 0.01953125
0 0.1171875 0.953125 0.01953125 0.01953125
0 0.11328125 0.95703125 0.01953125 0.01953125
0 0.1171875 0.95703125 0.01953125 0.01953125
0 0.99609375 0.98828125 0.01953125 0.01953125
0 0.9296875 0.99609375 0.01953125 0.01953125
