0 0.46875 0.00390625 0.01953125 0.01953125
0 0.43359375 0.10546875 0.01953125 0.01953125
0 0.24609375 0.19140625 0.01953125 0.01953125
0 0.25390625 0.21484375 0.01953125 0.01953125
0 0.30859375 0.21875 0.01953125 0.01953125
0 0.30859375 0.22265625 0.01953125 0.01953125
0 0.30859375 0.23046875 0.01953125 0.01953125
0 0.3125 0.23046875 0.01953125 0.01953125
0 0.26171875 0.234375 0.01953125 0.01953125
0 0.31640625 0.2734375 0.01953125 0.01953125
0 0.3203125 0.2734375 0.01953125 0.01953125
0 0.28125 0.28125 0.01953125 0.01953125
0 0.328125 0.28515625 0.01953125 0.01953125
0 0.328125 0.2890625 0.01953125 0.01953125
0 0.2890625 0.30078125 0.01953125 0.01953125
0 0.296875 0.3203125 0.01953125 0.01953125
0 0.75 0.40234375 0.01953125 0.01953125
0 0.95703125 0.40625 0.01953125 0.01953125
0 0.9765625 0.41796875 0.01953125 0.01953125
0 0.74609375 0.4296875 0.01953125 0.01953125
0 0.76171875 0.4453125 0.01953125 0.01953125
0 0.9921875 0.4609375 0.01953125 0.01953125
0 0.9921875 0.46484375 0.01953125 0.01953125
0 0.3671875 0.47265625 0.01953125 0.01953125
0 0.02734375 0.48046875 0.01953125 0.01953125
0 0.0546875 0.48828125 0.01953125 0.01953125
0 0.83203125 0.5078125 0.01953125 0.01953125
0 0.37109375 0.515625 0.01953125 0.01953125
0 0.3984375 0.52734375 0.01953125 0.01953125
0 0.3984375 0.53125 0.01953125 0.01953125
0 0.40625 0.546875 0.01953125 0.01953125
0 0.8984375 0.55859375 0.01953125 0.01953125
0 0.8984375 0.5625 0.01953125 0.01953125
0 0.09375 0.57421875 0.01953125 0.01953125
0 0.91015625 0.59375 0.01953125 0.01953125
0 0.97265625 0.6015625 0.01953125 0.01953125
0 0.43359375 0.60546875 0.01953125 0.01953125
0 0.91796875 0.60546875 0.01953125 0.01953125
0 0.9609375 0.609375 0.01953125 0.01953125
0 0.9609375 0.61328125 0.01953125 0.01953125
0 0.45703125 0.65234375 0.01953125 0.01953125
0 0.1015625 0.67578125 0.01953125 0.01953125
0 0.71875 0.67578125 0.01953125 0.01953125
0 0.72265625 0.67578125 0.01953125 0.01953125
0 0.48046875 0.6953125 0.01953125 0.01953125
0 0.91015625 0.71484375 0.01953125 0.01953125
0 0.90234375 0.7265625 0.01953125 0.01953125
0 0.5 0.734375 0.01953125 0.01953125
0 0.546875 0.7578125 0.01953125 0.01953125
0 0.515625 0.76953125 0.01953125 0.01953125
0 0.51953125 0.76953125 0.01953125 0.01953125
0 0.56640625 0.796875 0.01953125 0.01953125
0 0.5234375 0.828125 0.01953125 0.01953125
0 0.52734375 0.828125 0.01953125 0.01953125
0 0.5546875 0.8359375 0.01953125 0.01953125
0 0.5625 0.8515625 0.01953125 0.01953125
0 0.6015625 0.9140625 0.01953125 0.01953125
