0 0.52734375 0.015625 0.01953125 0.01953125
0 0.48828125 0.01953125 0.01953125 0.01953125
0 0.51171875 0.01953125 0.01953125 0.01953125
0 0.48828125 0.0234375 0.01953125 0.01953125
0 0.5234375 0.0546875 0.01953125 0.01953125
0 0.5 0.05859375 0.01953125 0.01953125
0 0.51171875 0.05859375 0.01953125 0.01953125
0 0.5234375 0.05859375 0.01953125 0.01953125
0 0.015625 0.0625 0.01953125 0.01953125
0 0.5 0.0625 0.01953125 0.01953125
0 0.05078125 0.08984375 0.01953125 0.01953125
0 0.5390625 0.09765625 0.01953125 0.01953125
0 0.54296875 0.09765625 0.01953125 0.01953125
0 0.1875 0.125 0.01953125 0.01953125
0 0.11328125 0.12890625 0.01953125 0.01953125
0 0.78125 0.16796875 0.01953125 0.01953125
0 0.78515625 0.16796875 0.01953125 0.01953125
0 0.21875 0.1796875 0.01953125 0.01953125
0 0.21875 0.18359375 0.01953125 0.01953125
0 0.96484375 0.2109375 0.01953125 0.01953125
0 0.96875 0.21875 0.01953125 0.01953125
0 0.25 0.22265625 0.01953125 0.01953125
0 0.25390625 0.22265625 0.01953125 0.01953125
0 0.25 0.2265625 0.01953125 0.01953125
0 0.25390625 0.2265625 0.01953125 0.01953125
0 0.3046875 0.23046875 0.01953125 0.01953125
0 0.42578125 0.23046875 0.01953125 0.01953125
0 0.4296875 0.23046875 0.01953125 0.01953125
0 0.32421875 0.234375 0.01953125 0.01953125
0 0.33203125 0.234375 0.01953125 0.01953125
0 0.33984375 0.23828125 0.01953125 0.01953125
0 0.984375 0.27734375 0.01953125 0.01953125
0 0.46875 0.43359375 0.01953125 0.01953125
0 0.015625 0.48046875 0.01953125 0.01953125
0 0.0078125 0.484375 0.01953125 0.01953125
0 0.015625 0.484375 0.01953125 0.01953125
0 0.0078125 0.48828125 0.01953125 0.01953125
0 0.51171875 0.51953125 0.01953125 0.01953125
0 0.51953125 0.5390625 0.01953125 0.01953125
0 0.03515625 0.62109375 0.01953125 0.01953125
0 0.75390625 0.7421875 0.01953125 0.01953125
0 0.12890625 0.75 0.01953125 0.01953125
0 0.1328125 0.75 0.01953125 0.01953125
0 0.16015625 0.765625 0.01953125 0.01953125
0 0.1640625 0.765625 0.01953125 0.01953125
0 0.3359375 0.765625 0.01953125 0.01953125
0 0.1875 0.7734375 0.01953125 0.01953125
0 0.265625 0.796875 0.01953125 0.01953125
0 0.43359375 0.88671875 0.01953125 0.01953125
0 0.4375 0.88671875 0.01953125 0.01953125
