0 0.171875 0.00390625 0.01953125 0.01953125
0 0.17578125 0.0234375 0.01953125 0.01953125
0 0.1796875 0.0234375 0.01953125 0.01953125
0 0.17578125 0.02734375 0.01953125 0.01953125
0 0.1796875 0.02734375 0.01953125 0.01953125
0 0.18359375 0.046875 0.01953125 0.01953125
0 0.19140625 0.0703125 0.01953125 0.01953125
0 0.1953125 0.0703125 0.01953125 0.01953125
0 0.19140625 0.07421875 0.01953125 0.01953125
0 0.1953125 0.07421875 0.01953125 0.01953125
0 0.3671875 0.1171875 0.01953125 0.01953125
0 0.3671875 0.12109375 0.01953125 0.01953125
0 0.421875 0.12109375 0.01953125 0.01953125
0 0.359375 0.125 0.01953125 0.01953125
0 0.3359375 0.1328125 0.01953125 0.01953125
0 0.31640625 0.13671875 0.01953125 0.01953125
0 0.296875 0.140625 0.01953125 0.01953125
0 0.3046875 0.140625 0.01953125 0.01953125
0 0.296875 0.14453125 0.01953125 0.01953125
0 0.28515625 0.1484375 0.01953125 0.01953125
0 0.42578125 0.15625 0.01953125 0.01953125
0 0.359375 0.17578125 0.01953125 0.01953125
0 0.3515625 0.1796875 0.01953125 0.01953125
0 0.34375 0.18359375 0.01953125 0.01953125
0 0.328125 0.1875 0.01953125 0.01953125
0 0.33203125 0.1875 0.01953125 0.01953125
0 0.30859375 0.19140625 0.01953125 0.01953125
0 0.3203125 0.19140625 0.01953125 0.01953125
0 0.37890625 0.19140625 0.01953125 0.01953125
0 0.3828125 0.19140625 0.01953125 0.01953125
0 0.30078125 0.1953125 0.01953125 0.01953125
0 0.37109375 0.1953125 0.01953125 0.01953125
0 0.37890625 0.1953125 0.01953125 0.01953125
0 0.3828125 0.1953125 0.01953125 0.01953125
0 0.2890625 0.19921875 0.01953125 0.01953125
0 0.34765625 0.203125 0.01953125 0.01953125
0 0.359375 0.203125 0.01953125 0.01953125
0 0.328125 0.2109375 0.01953125 0.01953125
0 0.234375 0.21484375 0.01953125 0.01953125
0 0.2421875 0.24609375 0.01953125 0.01953125
0 0.2578125 0.296875 0.01953125 0.01953125
0 0.26171875 0.296875 0.01953125 0.01953125
0 0.265625 0.3203125 0.01953125 0.01953125
0 0.26953125 0.3203125 0.01953125 0.01953125
0 0.28125 0.36328125 0.01953125 0.01953125
0 0.2890625 0.390625 0.01953125 0.01953125
0 0.296875 0.4140625 0.01953125 0.01953125
0 0.30078125 0.43359375 0.01953125 0.01953125
0 0.3046875 0.43359375 0.01953125 0.01953125
0 0.30078125 0.4375 0.01953125 0.01953125
0 0.3046875 0.4375 0.01953125 0.01953125
0 0.33984375 0.4453125 0.01953125 0.01953125
0 0.09765625 0.484375 0.01953125 0.01953125
0 0.1015625 0.484375 0.01953125 0.01953125
0 0.91796875 0.48828125 0.01953125 0.01953125
0 0.77734375 0.515625 0.01953125 0.01953125
0 0.80859375 0.51953125 0.01953125 0.01953125
0 0.72265625 0.55078125 0.01953125 0.01953125
0 0.671875 0.56640625 0.01953125 0.01953125
0 0.671875 0.5703125 0.01953125 0.01953125
0 0.578125 0.5859375 0.01953125 0.01953125
0 0.5859375 0.59765625 0.01953125 0.01953125
0 0.6875 0.59765625 0.01953125 0.01953125
0 0.48046875 0.62890625 0.01953125 0.01953125
0 0.421875 0.6484375 0.01953125 0.01953125
0 0.42578125 0.6484375 0.01953125 0.01953125
0 0.2734375 0.71875 0.01953125 0.01953125
0 0.3203125 0.71875 0.01953125 0.01953125
0 0.2421875 0.73046875 0.01953125 0.01953125
0 0.21484375 0.73828125 0.01953125 0.01953125
0 0.21875 0.73828125 0.01953125 0.01953125
0 0.18359375 0.75 0.01953125 0.01953125
0 0.1484375 0.7578125 0.01953125 0.01953125
0 0.1484375 0.76171875 0.01953125 0.01953125
0 0.80859375 0.76171875 0.01953125 0.01953125
0 0.6484375 0.828125 0.01953125 0.01953125
0 0.828125 0.828125 0.01953125 0.01953125
0 0.6484375 0.83203125 0.01953125 0.01953125
0 0.828125 0.83203125 0.01953125 0.01953125
0 0.84765625 0.88671875 0.01953125 0.01953125
0 0.859375 0.92578125 0.01953125 0.01953125
0 0.46484375 0.9453125 0.01953125 0.01953125
0 0.46484375 0.94921875 0.01953125 0.01953125
0 0.86328125 0.94921875 0.01953125 0.01953125
0 0.00390625 0.953125 0.01953125 0.01953125
0 0.0078125 0.953125 0.01953125 0.01953125
0 0.47265625 0.96484375 0.01953125 0.01953125
0 0.87109375 0.96484375 0.01953125 0.01953125
0 0.22265625 0.98046875 0.01953125 0.01953125
0 0.4765625 0.98828125 0.01953125 0.01953125
0 0.23046875 0.9921875 0.01953125 0.01953125
