0 0.3203125 0.109375 0.01953125 0.01953125
0 0.33984375 0.14453125 0.01953125 0.01953125
0 0.33984375 0.1484375 0.01953125 0.01953125
0 0.01171875 0.23046875 0.01953125 0.01953125
0 0.328125 0.234375 0.01953125 0.01953125
0 0.05078125 0.30859375 0.01953125 0.01953125
0 0.0390625 0.3125 0.01953125 0.01953125
0 0.42578125 0.36328125 0.01953125 0.01953125
0 0.42578125 0.3671875 0.01953125 0.01953125
0 0.4375 0.40234375 0.01953125 0.01953125
0 0.5078125 0.70703125 0.01953125 0.01953125
0 0.62109375 0.88671875 0.01953125 0.01953125
0 0.62890625 0.9140625 0.01953125 0.01953125
0 0.61328125 0.94140625 0.01953125 0.01953125
0 0.15625 0.953125 0.01953125 0.01953125
0 0.15625 0.95703125 0.01953125 0.01953125
0 0.18359375 0.9765625 0.01953125 0.01953125
0 0.1875 0.9765625 0.01953125 0.01953125
0 0.59375 0.9765625 0.01953125 0.01953125
0 0.16015625 0.984375 0.01953125 0.01953125
0 0.13671875 0.9921875 0.01953125 0.01953125
0 0.140625 0.9921875 0.01953125 0.01953125
0 0.1171875 0.99609375 0.01953125 0.01953125
