0 0.9765625 0.0 0.01953125 0.01953125
0 0.1015625 0.00390625 0.01953125 0.01953125
0 0.9296875 0.01171875 0.01953125 0.01953125
0 0.0546875 0.015625 0.01953125 0.01953125
0 0.83203125 0.04296875 0.01953125 0.01953125
0 0.03125 0.05078125 0.01953125 0.01953125
0 0.03515625 0.06640625 0.01953125 0.01953125
0 0.03515625 0.07421875 0.01953125 0.01953125
0 0.03515625 0.078125 0.01953125 0.01953125
0 0.76953125 0.078125 0.01953125 0.01953125
0 0.7734375 0.078125 0.01953125 0.01953125
0 0.04296875 0.0859375 0.01953125 0.01953125
0 0.04296875 0.09765625 0.01953125 0.01953125
0 0.00390625 0.109375 0.01953125 0.01953125
0 0.05078125 0.109375 0.01953125 0.01953125
0 0.0546875 0.1171875 0.01953125 0.01953125
0 0.0546875 0.12890625 0.01953125 0.01953125
0 0.05859375 0.12890625 0.01953125 0.01953125
0 0.02734375 0.140625 0.01953125 0.01953125
0 0.03125 0.140625 0.01953125 0.01953125
0 0.0625 0.140625 0.01953125 0.01953125
0 0.12890625 0.140625 0.01953125 0.01953125
0 0.0625 0.15234375 0.01953125 0.01953125
0 0.14453125 0.15625 0.01953125 0.01953125
0 0.0625 0.16015625 0.01953125 0.01953125
0 0.06640625 0.16015625 0.01953125 0.01953125
0 0.14453125 0.16015625 0.01953125 0.01953125
0 0.6484375 0.1640625 0.01953125 0.01953125
0 0.06640625 0.16796875 0.01953125 0.01953125
0 0.98828125 0.171875 0.01953125 0.01953125
0 0.734375 0.17578125 0.01953125 0.01953125
0 0.66796875 0.1796875 0.01953125 0.01953125
0 0.96484375 0.1796875 0.01953125 0.01953125
0 0.96875 0.1875 0.01953125 0.01953125
0 0.66015625 0.19140625 0.01953125 0.01953125
0 0.69921875 0.1953125 0.01953125 0.01953125
0 0.98828125 0.1953125 0.01953125 0.01953125
0 0.97265625 0.19921875 0.01953125 0.01953125
0 0.9921875 0.203125 0.01953125 0.01953125
0 0.99609375 0.203125 0.01953125 0.01953125
0 0.98046875 0.20703125 0.01953125 0.01953125
0 0.68359375 0.21484375 0.01953125 0.01953125
0 0.98828125 0.21484375 0.01953125 0.01953125
0 0.68359375 0.21875 0.01953125 0.01953125
0 0.99609375 0.22265625 0.01953125 0.01953125
0 0.98046875 0.2265625 0.01953125 0.01953125
0 0.984375 0.23828125 0.01953125 0.01953125
0 0.9921875 0.2421875 0.01953125 0.01953125
0 0.9921875 0.25390625 0.01953125 0.01953125
0 0.9921875 0.265625 0.01953125 0.01953125
0 0.99609375 0.2734375 0.01953125 0.01953125
0 0.61328125 0.30859375 0.01953125 0.01953125
0 0.4921875 0.3125 0.01953125 0.01953125
0 0.48046875 0.33984375 0.01953125 0.01953125
0 0.4375 0.34375 0.01953125 0.01953125
0 0.70703125 0.36328125 0.01953125 0.01953125
0 0.35546875 0.3671875 0.01953125 0.01953125
0 0.3828125 0.37109375 0.01953125 0.01953125
0 0.421875 0.37109375 0.01953125 0.01953125
0 0.37109375 0.390625 0.01953125 0.01953125
0 0.3125 0.39453125 0.01953125 0.01953125
0 0.1640625 0.41796875 0.01953125 0.01953125
0 0.9765625 0.47265625 0.01953125 0.01953125
0 0.98046875 0.47265625 0.01953125 0.01953125
0 0.953125 0.484375 0.01953125 0.01953125
0 0.98828125 0.515625 0.01953125 0.01953125
0 0.96875 0.51953125 0.01953125 0.01953125
0 0.94921875 0.52734375 0.01953125 0.01953125
0 0.92578125 0.53125 0.01953125 0.01953125
0 0.77734375 0.53515625 0.01953125 0.01953125
0 0.78125 0.53515625 0.01953125 0.01953125
0 0.82421875 0.5390625 0.01953125 0.01953125
0 0.90234375 0.54296875 0.01953125 0.01953125
0 0.78515625 0.5625 0.01953125 0.01953125
0 0.7890625 0.5625 0.01953125 0.01953125
0 0.796875 0.58984375 0.01953125 0.01953125
0 0.796875 0.59375 0.01953125 0.01953125
0 0.1640625 0.609375 0.01953125 0.01953125
0 0.8046875 0.62109375 0.01953125 0.01953125
0 0.171875 0.640625 0.01953125 0.01953125
0 0.15234375 0.6875 0.01953125 0.01953125
0 0.15625 0.6875 0.01953125 0.01953125
0 0.19140625 0.6953125 0.01953125 0.01953125
0 0.19140625 0.69921875 0.01953125 0.01953125
0 0.19921875 0.72265625 0.01953125 0.01953125
0 0.20703125 0.74609375 0.01953125 0.01953125
0 0.2109375 0.76953125 0.01953125 0.01953125
0 0.22265625 0.796875 0.01953125 0.01953125
0 0.22265625 0.80078125 0.01953125 0.01953125
0 0.2265625 0.81640625 0.01953125 0.01953125
0 0.23046875 0.81640625 0.01953125 0.01953125
0 0.87109375 0.8359375 0.01953125 0.01953125
0 0.2421875 0.859375 0.01953125 0.01953125
0 0.2421875 0.86328125 0.01953125 0.01953125
0 0.89453125 0.8671875 0.01953125 0.01953125
0 0.91015625 0.87890625 0.01953125 0.01953125
0 0.88671875 0.8828125 0.01953125 0.01953125
0 0.25 0.88671875 0.01953125 0.01953125
0 0.2578125 0.90625 0.01953125 0.01953125
0 0.87109375 0.91015625 0.01953125 0.01953125
0 0.265625 0.94140625 0.01953125 0.01953125
0 0.8984375 0.96484375 0.01953125 0.01953125
0 0.91015625 0.96484375 0.01953125 0.01953125
0 0.9140625 0.96484375 0.01953125 0.01953125
