0 0.1953125 0.08984375 0.01953125 0.01953125
0 0.0390625 0.15234375 0.01953125 0.01953125
0 0.0390625 0.15625 0.01953125 0.01953125
0 0.04296875 0.171875 0.01953125 0.01953125
0 0.046875 0.171875 0.01953125 0.01953125
0 0.05078125 0.1796875 0.01953125 0.01953125
0 0.19921875 0.1796875 0.01953125 0.01953125
0 0.22265625 0.1796875 0.01953125 0.01953125
0 0.03515625 0.18359375 0.01953125 0.01953125
0 0.03515625 0.1875 0.01953125 0.01953125
0 0.046875 0.1953125 0.01953125 0.01953125
0 0.0 0.22265625 0.01953125 0.01953125
0 0.234375 0.22265625 0.01953125 0.01953125
0 0.06640625 0.2265625 0.01953125 0.01953125
0 0.04296875 0.23046875 0.01953125 0.01953125
0 0.046875 0.23046875 0.01953125 0.01953125
0 0.06640625 0.234375 0.01953125 0.01953125
0 0.06640625 0.23828125 0.01953125 0.01953125
0 0.05078125 0.2421875 0.01953125 0.01953125
0 0.01171875 0.24609375 0.01953125 0.01953125
0 0.07421875 0.24609375 0.01953125 0.01953125
0 0.859375 0.24609375 0.01953125 0.01953125
0 0.05078125 0.25 0.01953125 0.01953125
0 0.07421875 0.25390625 0.01953125 0.01953125
0 0.01953125 0.265625 0.01953125 0.01953125
0 0.5859375 0.328125 0.01953125 0.01953125
0 0.39453125 0.3671875 0.01953125 0.01953125
0 0.23046875 0.39453125 0.01953125 0.01953125
0 0.234375 0.39453125 0.01953125 0.01953125
0 0.20703125 0.40234375 0.01953125 0.01953125
0 0.2109375 0.40234375 0.01953125 0.01953125
0 0.1875 0.40625 0.01953125 0.01953125
0 0.1875 0.41015625 0.01953125 0.01953125
0 0.1640625 0.4140625 0.01953125 0.01953125
0 0.140625 0.421875 0.01953125 0.01953125
0 0.24609375 0.421875 0.01953125 0.01953125
0 0.25 0.421875 0.01953125 0.01953125
0 0.12109375 0.4296875 0.01953125 0.01953125
0 0.1015625 0.4375 0.01953125 0.01953125
0 0.0625 0.44921875 0.01953125 0.01953125
0 0.1796875 0.453125 0.01953125 0.01953125
0 0.02734375 0.45703125 0.01953125 0.01953125
0 0.16015625 0.4609375 0.01953125 0.01953125
0 0.00390625 0.46484375 0.01953125 0.01953125
0 0.13671875 0.46875 0.01953125 0.01953125
0 0.10546875 0.4765625 0.01953125 0.01953125
0 0.10546875 0.48046875 0.01953125 0.01953125
0 0.02734375 0.5 0.01953125 0.01953125
0 0.03125 0.5 0.01953125 0.01953125
0 0.0078125 0.5078125 0.01953125 0.01953125
0 0.41015625 0.68359375 0.01953125 0.01953125
0 0.36328125 0.6953125 0.01953125 0.01953125
0 0.4453125 0.70703125 0.01953125 0.01953125
0 0.421875 0.71484375 0.01953125 0.01953125
0 0.42578125 0.71484375 0.01953125 0.01953125
0 0.47265625 0.71484375 0.01953125 0.01953125
0 0.3984375 0.72265625 0.01953125 0.01953125
0 0.68359375 0.91796875 0.01953125 0.01953125
