0 0.8203125 0.0078125 0.01953125 0.01953125
0 0.828125 0.03125 0.01953125 0.01953125
0 0.83203125 0.05078125 0.01953125 0.01953125
0 0.8359375 0.05078125 0.01953125 0.01953125
0 0.84765625 0.0546875 0.01953125 0.01953125
0 0.8515625 0.0546875 0.01953125 0.01953125
0 0.84765625 0.09375 0.01953125 0.01953125
0 0.86328125 0.09765625 0.01953125 0.01953125
0 0.85546875 0.1171875 0.01953125 0.01953125
0 0.875 0.12890625 0.01953125 0.01953125
0 0.875 0.1796875 0.01953125 0.01953125
0 0.88671875 0.1796875 0.01953125 0.01953125
0 0.8828125 0.19921875 0.01953125 0.01953125
0 0.9140625 0.19921875 0.01953125 0.01953125
0 0.89453125 0.21484375 0.01953125 0.01953125
0 0.8984375 0.21484375 0.01953125 0.01953125
0 0.92578125 0.23828125 0.01953125 0.01953125
0 0.8984375 0.2578125 0.01953125 0.01953125
0 0.90625 0.27734375 0.01953125 0.01953125
0 0.90625 0.28125 0.01953125 0.01953125
0 0.92578125 0.296875 0.01953125 0.01953125
0 0.9140625 0.3046875 0.01953125 0.01953125
0 0.578125 0.3125 0.01953125 0.01953125
0 0.40625 0.61328125 0.01953125 0.01953125
0 0.41015625 0.62890625 0.01953125 0.01953125
0 0.4140625 0.65234375 0.01953125 0.01953125
0 0.421875 0.671875 0.01953125 0.01953125
0 0.44140625 0.73046875 0.01953125 0.01953125
0 0.32421875 0.76171875 0.01953125 0.01953125
0 0.31640625 0.765625 0.01953125 0.01953125
0 0.29296875 0.80078125 0.01953125 0.01953125
0 0.44921875 0.80078125 0.01953125 0.01953125
0 0.29296875 0.8046875 0.01953125 0.01953125
0 0.71484375 0.81640625 0.01953125 0.01953125
0 0.4609375 0.8359375 0.01953125 0.01953125
0 0.46875 0.86328125 0.01953125 0.01953125
0 0.5546875 0.90234375 0.01953125 0.01953125
0 0.640625 0.95703125 0.01953125 0.01953125
0 0.30859375 0.98046875 0.01953125 0.01953125
0 0.3125 0.98046875 0.01953125 0.01953125
0 0.62890625 0.984375 0.01953125 0.01953125
0 0.6328125 0.984375 0.01953125 0.01953125
0 0.62890625 0.98828125 0.01953125 0.01953125
0 0.6328125 0.98828125 0.01953125 0.01953125
