0 0.8515625 0.0078125 0.01953125 0.01953125
0 0.85546875 0.0078125 0.01953125 0.01953125
0 0.59375 0.01171875 0.01953125 0.01953125
0 0.1171875 0.015625 0.01953125 0.01953125
0 0.12109375 0.015625 0.01953125 0.01953125
0 0.2578125 0.015625 0.01953125 0.01953125
0 0.26171875 0.015625 0.01953125 0.01953125
0 0.5546875 0.015625 0.01953125 0.01953125
0 0.63671875 0.015625 0.01953125 0.01953125
0 0.640625 0.015625 0.01953125 0.01953125
0 0.84375 0.015625 0.01953125 0.01953125
0 0.5546875 0.01953125 0.01953125 0.01953125
0 0.84375 0.01953125 0.01953125 0.01953125
0 0.25 0.0234375 0.01953125 0.01953125
0 0.0703125 0.02734375 0.01953125 0.01953125
0 0.07421875 0.02734375 0.01953125 0.01953125
0 0.25 0.02734375 0.01953125 0.01953125
0 0.03515625 0.0390625 0.01953125 0.01953125
0 0.0390625 0.0390625 0.01953125 0.01953125
0 0.09375 0.0390625 0.01953125 0.01953125
0 0.2890625 0.0390625 0.01953125 0.01953125
0 0.64453125 0.0390625 0.01953125 0.01953125
0 0.2578125 0.046875 0.01953125 0.01953125
0 0.26953125 0.0546875 0.01953125 0.01953125
0 0.296875 0.05859375 0.01953125 0.01953125
0 0.65234375 0.05859375 0.01953125 0.01953125
0 0.3046875 0.0859375 0.01953125 0.01953125
0 0.3125 0.10546875 0.01953125 0.01953125
0 0.31640625 0.125 0.01953125 0.01953125
0 0.88671875 0.125 0.01953125 0.01953125
0 0.3125 0.15234375 0.01953125 0.01953125
0 0.8984375 0.1640625 0.01953125 0.01953125
0 0.90234375 0.1640625 0.01953125 0.01953125
0 0.44921875 0.19140625 0.01953125 0.01953125
0 0.91015625 0.1953125 0.01953125 0.01953125
0 0.91015625 0.19921875 0.01953125 0.01953125
0 0.91796875 0.2265625 0.01953125 0.01953125
0 0.921875 0.2265625 0.01953125 0.01953125
0 0.91796875 0.23046875 0.01953125 0.01953125
0 0.921875 0.23046875 0.01953125 0.01953125
0 0.96484375 0.3359375 0.01953125 0.01953125
0 0.52734375 0.36328125 0.01953125 0.01953125
0 0.9765625 0.36328125 0.01953125 0.01953125
0 0.14453125 0.375 0.01953125 0.01953125
0 0.98046875 0.38671875 0.01953125 0.01953125
0 0.53515625 0.390625 0.01953125 0.01953125
0 0.15625 0.3984375 0.01953125 0.01953125
0 0.15625 0.40234375 0.01953125 0.01953125
0 0.14453125 0.41015625 0.01953125 0.01953125
0 0.265625 0.74609375 0.01953125 0.01953125
0 0.3125 0.828125 0.01953125 0.01953125
0 0.3125 0.83203125 0.01953125 0.01953125
0 0.6484375 0.8515625 0.01953125 0.01953125
0 0.6484375 0.85546875 0.01953125 0.01953125
0 0.33203125 0.890625 0.01953125 0.01953125
0 0.3203125 0.9453125 0.01953125 0.01953125
0 0.32421875 0.96484375 0.01953125 0.01953125
0 0.328125 0.96484375 0.01953125 0.01953125
0 0.33203125 0.98828125 0.01953125 0.01953125
0 0.3359375 0.98828125 0.01953125 0.01953125
