0 0.9296875 0.14893617021276595 0.01953125 0.10638297872340426
0 0.9453125 0.14893617021276595 0.01953125 0.10638297872340426
0 0.94921875 0.14893617021276595 0.01953125 0.10638297872340426
0 0.95703125 0.3617021276595745 0.01953125 0.10638297872340426
0 0.2578125 0.5319148936170213 0.01953125 0.10638297872340426
0 0.26171875 0.5319148936170213 0.01953125 0.10638297872340426
0 0.59375 0.6808510638297872 0.01953125 0.10638297872340426
0 0.55859375 0.7659574468085106 0.01953125 0.10638297872340426
0 0.515625 0.8297872340425532 0.01953125 0.10638297872340426
0 0.48828125 0.8723404255319149 0.01953125 0.10638297872340426
0 0.45703125 0.9361702127659575 0.01953125 0.10638297872340426
