0 0.41796875 0.425531914893617 0.01953125 0.10638297872340426
0 0.41796875 0.44680851063829785 0.01953125 0.10638297872340426
0 0.4296875 0.46808510638297873 0.01953125 0.10638297872340426
0 0.43359375 0.46808510638297873 0.01953125 0.10638297872340426
0 0.44140625 0.46808510638297873 0.01953125 0.10638297872340426
0 0.453125 0.46808510638297873 0.01953125 0.10638297872340426
0 0.45703125 0.46808510638297873 0.01953125 0.10638297872340426
0 0.484375 0.574468085106383 0.01953125 0.10638297872340426
0 0.48828125 0.574468085106383 0.01953125 0.10638297872340426
0 0.4921875 0.6808510638297872 0.01953125 0.10638297872340426
0 0.94921875 0.723404255319149 0.01953125 0.10638297872340426
0 0.49609375 0.7872340425531915 0.01953125 0.10638297872340426
0 0.5 0.7872340425531915 0.01953125 0.10638297872340426
0 0.8984375 0.8297872340425532 0.01953125 0.10638297872340426
0 0.5078125 0.9148936170212766 0.01953125 0.10638297872340426
