0 0.34765625 0.06382978723404255 0.01953125 0.10638297872340426
0 0.296875 0.14893617021276595 0.01953125 0.10638297872340426
0 0.36328125 0.14893617021276595 0.01953125 0.10638297872340426
0 0.1171875 0.23404255319148937 0.01953125 0.10638297872340426
0 0.22265625 0.2765957446808511 0.01953125 0.10638297872340426
0 0.29296875 0.2765957446808511 0.01953125 0.10638297872340426
0 0.203125 0.3191489361702128 0.01953125 0.10638297872340426
0 0.296875 0.3191489361702128 0.01953125 0.10638297872340426
0 0.18359375 0.3404255319148936 0.01953125 0.10638297872340426
0 0.296875 0.3404255319148936 0.01953125 0.10638297872340426
0 0.10546875 0.46808510638297873 0.01953125 0.10638297872340426
0 0.08203125 0.5106382978723404 0.01953125 0.10638297872340426
0 0.30859375 0.5319148936170213 0.01953125 0.10638297872340426
0 0.59765625 0.5531914893617021 0.01953125 0.10638297872340426
0 0.0546875 0.574468085106383 0.01953125 0.10638297872340426
0 0.00390625 0.6382978723404256 0.01953125 0.10638297872340426
0 0.265625 0.7021276595744681 0.01953125 0.10638297872340426
0 0.34765625 0.7872340425531915 0.01953125 0.10638297872340426
0 0.35546875 0.8297872340425532 0.01953125 0.10638297872340426
0 0.3984375 0.8297872340425532 0.01953125 0.10638297872340426
0 0.35546875 0.851063829787234 0.01953125 0.10638297872340426
0 0.40234375 0.8723404255319149 0.01953125 0.10638297872340426
0 0.359375 0.8936170212765957 0.01953125 0.10638297872340426
0 0.33984375 0.9148936170212766 0.01953125 0.10638297872340426
0 0.35546875 0.9574468085106383 0.01953125 0.10638297872340426
0 0.359375 0.9574468085106383 0.01953125 0.10638297872340426
