0 0.33984375 0.0425531914893617 0.01953125 0.10638297872340426
0 0.31640625 0.425531914893617 0.01953125 0.10638297872340426
0 0.296875 0.44680851063829785 0.01953125 0.10638297872340426
0 0.296875 0.46808510638297873 0.01953125 0.10638297872340426
0 0.27734375 0.48936170212765956 0.01953125 0.10638297872340426
0 0.27734375 0.5106382978723404 0.01953125 0.10638297872340426
0 0.25 0.5319148936170213 0.01953125 0.10638297872340426
0 0.25 0.5531914893617021 0.01953125 0.10638297872340426
0 0.23046875 0.574468085106383 0.01953125 0.10638297872340426
0 0.3125 0.574468085106383 0.01953125 0.10638297872340426
0 0.296875 0.5957446808510638 0.01953125 0.10638297872340426
0 0.203125 0.6170212765957447 0.01953125 0.10638297872340426
0 0.296875 0.6170212765957447 0.01953125 0.10638297872340426
0 0.1796875 0.6595744680851063 0.01953125 0.10638297872340426
0 0.26953125 0.6595744680851063 0.01953125 0.10638297872340426
0 0.15234375 0.7021276595744681 0.01953125 0.10638297872340426
0 0.15625 0.7021276595744681 0.01953125 0.10638297872340426
0 0.234375 0.7021276595744681 0.01953125 0.10638297872340426
0 0.23828125 0.7021276595744681 0.01953125 0.10638297872340426
0 0.13671875 0.723404255319149 0.01953125 0.10638297872340426
0 0.234375 0.723404255319149 0.01953125 0.10638297872340426
0 0.23828125 0.723404255319149 0.01953125 0.10638297872340426
0 0.13671875 0.7446808510638298 0.01953125 0.10638297872340426
0 0.21484375 0.7446808510638298 0.01953125 0.10638297872340426
0 0.11328125 0.7659574468085106 0.01953125 0.10638297872340426
0 0.1171875 0.7659574468085106 0.01953125 0.10638297872340426
0 0.37890625 0.7659574468085106 0.01953125 0.10638297872340426
0 0.3828125 0.7659574468085106 0.01953125 0.10638297872340426
0 0.19140625 0.7872340425531915 0.01953125 0.10638297872340426
0 0.08984375 0.8085106382978723 0.01953125 0.10638297872340426
0 0.0703125 0.8297872340425532 0.01953125 0.10638297872340426
0 0.1640625 0.8297872340425532 0.01953125 0.10638297872340426
0 0.16796875 0.8297872340425532 0.01953125 0.10638297872340426
0 0.14453125 0.851063829787234 0.01953125 0.10638297872340426
0 0.05078125 0.8723404255319149 0.01953125 0.10638297872340426
0 0.14453125 0.8723404255319149 0.01953125 0.10638297872340426
0 0.02734375 0.9148936170212766 0.01953125 0.10638297872340426
0 0.02734375 0.9361702127659575 0.01953125 0.10638297872340426
0 0.09375 0.9574468085106383 0.01953125 0.10638297872340426
0 0.390625 0.9574468085106383 0.01953125 0.10638297872340426
0 0.39453125 0.9574468085106383 0.01953125 0.10638297872340426
