0 0.53515625 0.0 0.01953125 0.10638297872340426
0 0.6640625 0.06382978723404255 0.01953125 0.10638297872340426
0 0.6640625 0.0851063829787234 0.01953125 0.10638297872340426
0 0.65625 0.1702127659574468 0.01953125 0.10638297872340426
0 0.63671875 0.2127659574468085 0.01953125 0.10638297872340426
0 0.62890625 0.23404255319148937 0.01953125 0.10638297872340426
0 0.62109375 0.2553191489361702 0.01953125 0.10638297872340426
0 0.5625 0.3191489361702128 0.01953125 0.10638297872340426
0 0.79296875 0.3829787234042553 0.01953125 0.10638297872340426
0 0.48828125 0.40425531914893614 0.01953125 0.10638297872340426
0 0.76171875 0.425531914893617 0.01953125 0.10638297872340426
0 0.15625 0.44680851063829785 0.01953125 0.10638297872340426
0 0.15625 0.46808510638297873 0.01953125 0.10638297872340426
0 0.73828125 0.46808510638297873 0.01953125 0.10638297872340426
0 0.71484375 0.5106382978723404 0.01953125 0.10638297872340426
0 0.71875 0.5106382978723404 0.01953125 0.10638297872340426
0 0.68359375 0.5531914893617021 0.01953125 0.10638297872340426
0 0.6875 0.5531914893617021 0.01953125 0.10638297872340426
0 0.85546875 0.6170212765957447 0.01953125 0.10638297872340426
0 0.7109375 0.6808510638297872 0.01953125 0.10638297872340426
0 0.7578125 0.7021276595744681 0.01953125 0.10638297872340426
0 0.171875 0.723404255319149 0.01953125 0.10638297872340426
0 0.69140625 0.723404255319149 0.01953125 0.10638297872340426
0 0.7578125 0.7446808510638298 0.01953125 0.10638297872340426
0 0.71875 0.7872340425531915 0.01953125 0.10638297872340426
0 0.71875 0.8085106382978723 0.01953125 0.10638297872340426
0 0.72265625 0.8297872340425532 0.01953125 0.10638297872340426
0 0.65234375 0.851063829787234 0.01953125 0.10638297872340426
0 0.18359375 0.8723404255319149 0.01953125 0.10638297872340426
0 0.703125 0.8723404255319149 0.01953125 0.10638297872340426
0 0.65625 0.8936170212765957 0.01953125 0.10638297872340426
0 0.7265625 0.8936170212765957 0.01953125 0.10638297872340426
0 0.703125 0.9361702127659575 0.01953125 0.10638297872340426
0 0.66015625 0.9574468085106383 0.01953125 0.10638297872340426
0 0.37890625 0.9787234042553191 0.01953125 0.10638297872340426
