0 0.453125 0.0 0.01953125 0.10638297872340426
0 0.52734375 0.0851063829787234 0.01953125 0.10638297872340426
0 0.5546875 0.0851063829787234 0.01953125 0.10638297872340426
0 0.4609375 0.10638297872340426 0.01953125 0.10638297872340426
0 0.48828125 0.10638297872340426 0.01953125 0.10638297872340426
0 0.14453125 0.1276595744680851 0.01953125 0.10638297872340426
0 0.1484375 0.1276595744680851 0.01953125 0.10638297872340426
0 0.5625 0.1276595744680851 0.01953125 0.10638297872340426
0 0.4609375 0.2553191489361702 0.01953125 0.10638297872340426
0 0.4921875 0.2553191489361702 0.01953125 0.10638297872340426
0 0.46875 0.3191489361702128 0.01953125 0.10638297872340426
0 0.46875 0.40425531914893614 0.01953125 0.10638297872340426
0 0.48046875 0.44680851063829785 0.01953125 0.10638297872340426
0 0.5078125 0.5531914893617021 0.01953125 0.10638297872340426
0 0.19921875 0.7446808510638298 0.01953125 0.10638297872340426
0 0.20703125 0.9148936170212766 0.01953125 0.10638297872340426
