0 0.515625 0.0 0.01953125 0.01953125
0 0.64453125 0.06640625 0.01953125 0.01953125
0 0.6484375 0.06640625 0.01953125 0.01953125
0 0.6796875 0.08203125 0.01953125 0.01953125
0 0.65625 0.0859375 0.01953125 0.01953125
0 0.66015625 0.0859375 0.01953125 0.01953125
0 0.65625 0.08984375 0.01953125 0.01953125
0 0.66015625 0.08984375 0.01953125 0.01953125
0 0.68359375 0.09375 0.01953125 0.01953125
0 0.0546875 0.10546875 0.01953125 0.01953125
0 0.0546875 0.109375 0.01953125 0.01953125
0 0.6640625 0.11328125 0.01953125 0.01953125
0 0.6875 0.1171875 0.01953125 0.01953125
0 0.671875 0.13671875 0.01953125 0.01953125
0 0.69921875 0.140625 0.01953125 0.01953125
0 0.703125 0.1484375 0.01953125 0.01953125
0 0.703125 0.15234375 0.01953125 0.01953125
0 0.07421875 0.1640625 0.01953125 0.01953125
0 0.1328125 0.2265625 0.01953125 0.01953125
0 0.1328125 0.23046875 0.01953125 0.01953125
0 0.546875 0.234375 0.01953125 0.01953125
0 0.67578125 0.234375 0.01953125 0.01953125
0 0.6953125 0.234375 0.01953125 0.01953125
0 0.51953125 0.23828125 0.01953125 0.01953125
0 0.71875 0.23828125 0.01953125 0.01953125
0 0.8359375 0.24609375 0.01953125 0.01953125
0 0.796875 0.3125 0.01953125 0.01953125
0 0.89453125 0.3125 0.01953125 0.01953125
0 0.8984375 0.3125 0.01953125 0.01953125
0 0.796875 0.31640625 0.01953125 0.01953125
0 0.8984375 0.33984375 0.01953125 0.01953125
0 0.8984375 0.34375 0.01953125 0.01953125
0 0.078125 0.359375 0.01953125 0.01953125
0 0.078125 0.36328125 0.01953125 0.01953125
0 0.08203125 0.36328125 0.01953125 0.01953125
0 0.078125 0.375 0.01953125 0.01953125
0 0.08203125 0.375 0.01953125 0.01953125
0 0.0703125 0.39453125 0.01953125 0.01953125
0 0.07421875 0.39453125 0.01953125 0.01953125
0 0.546875 0.41015625 0.01953125 0.01953125
0 0.55078125 0.41015625 0.01953125 0.01953125
0 0.06640625 0.4140625 0.01953125 0.01953125
0 0.5234375 0.41796875 0.01953125 0.01953125
0 0.05859375 0.42578125 0.01953125 0.01953125
0 0.421875 0.44921875 0.01953125 0.01953125
0 0.421875 0.453125 0.01953125 0.01953125
0 0.23828125 0.49609375 0.01953125 0.01953125
0 0.984375 0.63671875 0.01953125 0.01953125
0 0.9921875 0.66015625 0.01953125 0.01953125
0 0.07421875 0.6875 0.01953125 0.01953125
0 0.08203125 0.70703125 0.01953125 0.01953125
0 0.08984375 0.734375 0.01953125 0.01953125
0 0.09765625 0.76171875 0.01953125 0.01953125
0 0.10546875 0.7890625 0.01953125 0.01953125
0 0.11328125 0.8125 0.01953125 0.01953125
0 0.1171875 0.8125 0.01953125 0.01953125
0 0.12109375 0.8359375 0.01953125 0.01953125
0 0.12890625 0.859375 0.01953125 0.01953125
0 0.1640625 0.98046875 0.01953125 0.01953125
