0 0.9150943396226415 0.12890625 0.04716981132075472 0.01953125
0 0.6792452830188679 0.16015625 0.04716981132075472 0.01953125
0 0.7924528301886793 0.16015625 0.04716981132075472 0.01953125
0 0.7452830188679245 0.16796875 0.04716981132075472 0.01953125
0 0.7452830188679245 0.171875 0.04716981132075472 0.01953125
0 0.4528301886792453 0.19140625 0.04716981132075472 0.01953125
0 0.5094339622641509 0.19921875 0.04716981132075472 0.01953125
0 0.44339622641509435 0.20703125 0.04716981132075472 0.01953125
0 0.4528301886792453 0.20703125 0.04716981132075472 0.01953125
0 0.3867924528301887 0.2109375 0.04716981132075472 0.01953125
0 0.3867924528301887 0.21484375 0.04716981132075472 0.01953125
0 0.2830188679245283 0.2265625 0.04716981132075472 0.01953125
0 0.29245283018867924 0.2265625 0.04716981132075472 0.01953125
0 0.02830188679245283 0.71875 0.04716981132075472 0.01953125
0 0.2641509433962264 0.74609375 0.04716981132075472 0.01953125
0 0.11320754716981132 0.83203125 0.04716981132075472 0.01953125
0 0.1320754716981132 0.85546875 0.04716981132075472 0.01953125
0 0.1509433962264151 0.8828125 0.04716981132075472 0.01953125
0 0.1320754716981132 0.95703125 0.04716981132075472 0.01953125
0 0.1320754716981132 0.9609375 0.04716981132075472 0.01953125
