0 0.046875 0.015625 0.01953125 0.01953125
0 0.0234375 0.41796875 0.01953125 0.01953125
0 0.0234375 0.421875 0.01953125 0.01953125
0 0.00390625 0.42578125 0.01953125 0.01953125
0 0.66796875 0.4375 0.01953125 0.01953125
0 0.64453125 0.4453125 0.01953125 0.01953125
0 0.58203125 0.46875 0.01953125 0.01953125
0 0.46484375 0.50390625 0.01953125 0.01953125
0 0.44140625 0.51171875 0.01953125 0.01953125
0 0.41796875 0.51953125 0.01953125 0.01953125
0 0.421875 0.51953125 0.01953125 0.01953125
0 0.8671875 0.51953125 0.01953125 0.01953125
0 0.3984375 0.52734375 0.01953125 0.01953125
0 0.40234375 0.52734375 0.01953125 0.01953125
0 0.37890625 0.53125 0.01953125 0.01953125
0 0.875 0.5390625 0.01953125 0.01953125
0 0.2578125 0.57421875 0.01953125 0.01953125
0 0.33984375 0.57421875 0.01953125 0.01953125
0 0.234375 0.58203125 0.01953125 0.01953125
0 0.2421875 0.59375 0.01953125 0.01953125
0 0.24609375 0.59375 0.01953125 0.01953125
0 0.70703125 0.59375 0.01953125 0.01953125
0 0.27734375 0.59765625 0.01953125 0.01953125
0 0.24609375 0.60546875 0.01953125 0.01953125
0 0.625 0.62109375 0.01953125 0.01953125
0 0.19140625 0.6328125 0.01953125 0.01953125
0 0.1953125 0.6328125 0.01953125 0.01953125
0 0.56640625 0.640625 0.01953125 0.01953125
0 0.54296875 0.6484375 0.01953125 0.01953125
0 0.21484375 0.65234375 0.01953125 0.01953125
0 0.48046875 0.66796875 0.01953125 0.01953125
0 0.484375 0.66796875 0.01953125 0.01953125
0 0.390625 0.67578125 0.01953125 0.01953125
0 0.19921875 0.6875 0.01953125 0.01953125
0 0.203125 0.6875 0.01953125 0.01953125
0 0.19921875 0.69140625 0.01953125 0.01953125
0 0.203125 0.69140625 0.01953125 0.01953125
0 0.23046875 0.703125 0.01953125 0.01953125
0 0.22265625 0.71875 0.01953125 0.01953125
0 0.1484375 0.7265625 0.01953125 0.01953125
0 0.15625 0.75390625 0.01953125 0.01953125
0 0.15625 0.7578125 0.01953125 0.01953125
0 0.12890625 0.765625 0.01953125 0.01953125
0 0.16796875 0.765625 0.01953125 0.01953125
0 0.23828125 0.76953125 0.01953125 0.01953125
0 0.2734375 0.84375 0.01953125 0.01953125
0 0.265625 0.859375 0.01953125 0.01953125
0 0.28125 0.95703125 0.01953125 0.01953125
