0 0.36065573770491804 0.04918032786885246 0.08196721311475409 0.08196721311475409
0 0.3770491803278688 0.04918032786885246 0.08196721311475409 0.08196721311475409
0 0.8524590163934426 0.14754098360655737 0.08196721311475409 0.08196721311475409
0 0.9180327868852459 0.19672131147540983 0.08196721311475409 0.08196721311475409
0 0.9180327868852459 0.21311475409836064 0.08196721311475409 0.08196721311475409
0 0.26229508196721313 0.22950819672131148 0.08196721311475409 0.08196721311475409
0 0.6721311475409836 0.2459016393442623 0.08196721311475409 0.08196721311475409
0 0.7540983606557377 0.29508196721311475 0.08196721311475409 0.08196721311475409
0 0.9344262295081968 0.3114754098360656 0.08196721311475409 0.08196721311475409
0 0.18032786885245902 0.32786885245901637 0.08196721311475409 0.08196721311475409
0 0.14754098360655737 0.39344262295081966 0.08196721311475409 0.08196721311475409
0 0.47540983606557374 0.45901639344262296 0.08196721311475409 0.08196721311475409
0 0.47540983606557374 0.47540983606557374 0.08196721311475409 0.08196721311475409
0 0.8360655737704918 0.47540983606557374 0.08196721311475409 0.08196721311475409
0 0.7540983606557377 0.5245901639344263 0.08196721311475409 0.08196721311475409
