0 0.58984375 0.01953125 0.01953125 0.01953125
0 0.59765625 0.0390625 0.01953125 0.01953125
0 0.59765625 0.04296875 0.01953125 0.01953125
0 0.5625 0.046875 0.01953125 0.01953125
0 0.56640625 0.046875 0.01953125 0.01953125
0 0.5625 0.05078125 0.01953125 0.01953125
0 0.56640625 0.05078125 0.01953125 0.01953125
0 0.6015625 0.0625 0.01953125 0.01953125
0 0.609375 0.0859375 0.01953125 0.01953125
0 0.578125 0.08984375 0.01953125 0.01953125
0 0.109375 0.10546875 0.01953125 0.01953125
0 0.6171875 0.10546875 0.01953125 0.01953125
0 0.625 0.12890625 0.01953125 0.01953125
0 0.96875 0.13671875 0.01953125 0.01953125
0 0.984375 0.14453125 0.01953125 0.01953125
0 0.62890625 0.1484375 0.01953125 0.01953125
0 0.6328125 0.1484375 0.01953125 0.01953125
0 0.9375 0.1484375 0.01953125 0.01953125
0 0.62890625 0.15234375 0.01953125 0.01953125
0 0.6328125 0.15234375 0.01953125 0.01953125
0 0.9140625 0.15625 0.01953125 0.01953125
0 0.8828125 0.1640625 0.01953125 0.01953125
0 0.63671875 0.171875 0.01953125 0.01953125
0 0.84765625 0.1796875 0.01953125 0.01953125
0 0.64453125 0.1875 0.01953125 0.01953125
0 0.81640625 0.1875 0.01953125 0.01953125
0 0.78125 0.19921875 0.01953125 0.01953125
0 0.7421875 0.2109375 0.01953125 0.01953125
0 0.79296875 0.2109375 0.01953125 0.01953125
0 0.796875 0.2109375 0.01953125 0.01953125
0 0.78515625 0.234375 0.01953125 0.01953125
0 0.765625 0.2421875 0.01953125 0.01953125
0 0.66015625 0.2734375 0.01953125 0.01953125
0 0.98828125 0.2734375 0.01953125 0.01953125
0 0.62890625 0.28515625 0.01953125 0.01953125
0 0.69140625 0.31640625 0.01953125 0.01953125
0 0.35546875 0.3359375 0.01953125 0.01953125
0 0.359375 0.3359375 0.01953125 0.01953125
0 0.32421875 0.34765625 0.01953125 0.01953125
0 0.28125 0.3984375 0.01953125 0.01953125
0 0.18359375 0.42578125 0.01953125 0.01953125
0 0.18359375 0.4296875 0.01953125 0.01953125
0 0.1640625 0.43359375 0.01953125 0.01953125
0 0.140625 0.44140625 0.01953125 0.01953125
0 0.20703125 0.44921875 0.01953125 0.01953125
0 0.01953125 0.48046875 0.01953125 0.01953125
0 0.18359375 0.5078125 0.01953125 0.01953125
0 0.80859375 0.5390625 0.01953125 0.01953125
0 0.92578125 0.5390625 0.01953125 0.01953125
0 0.80859375 0.54296875 0.01953125 0.01953125
0 0.78515625 0.546875 0.01953125 0.01953125
0 0.78515625 0.55078125 0.01953125 0.01953125
0 0.83203125 0.5703125 0.01953125 0.01953125
0 0.8125 0.57421875 0.01953125 0.01953125
0 0.7890625 0.58203125 0.01953125 0.01953125
0 0.79296875 0.58203125 0.01953125 0.01953125
0 0.12890625 0.59765625 0.01953125 0.01953125
0 0.12890625 0.6015625 0.01953125 0.01953125
0 0.18359375 0.60546875 0.01953125 0.01953125
0 0.1875 0.60546875 0.01953125 0.01953125
0 0.51953125 0.62890625 0.01953125 0.01953125
0 0.51953125 0.6328125 0.01953125 0.01953125
0 0.4765625 0.64453125 0.01953125 0.01953125
0 0.81640625 0.6640625 0.01953125 0.01953125
0 0.28515625 0.7421875 0.01953125 0.01953125
0 0.28125 0.75390625 0.01953125 0.01953125
0 0.28515625 0.75390625 0.01953125 0.01953125
0 0.30859375 0.7578125 0.01953125 0.01953125
0 0.23828125 0.765625 0.01953125 0.01953125
0 0.19921875 0.77734375 0.01953125 0.01953125
0 0.16796875 0.7890625 0.01953125 0.01953125
0 0.203125 0.7890625 0.01953125 0.01953125
0 0.11328125 0.79296875 0.01953125 0.01953125
0 0.13671875 0.796875 0.01953125 0.01953125
0 0.0859375 0.80078125 0.01953125 0.01953125
0 0.16015625 0.8046875 0.01953125 0.01953125
0 0.05859375 0.80859375 0.01953125 0.01953125
0 0.09765625 0.80859375 0.01953125 0.01953125
0 0.125 0.8125 0.01953125 0.01953125
0 0.0703125 0.81640625 0.01953125 0.01953125
0 0.09375 0.82421875 0.01953125 0.01953125
0 0.0703125 0.828125 0.01953125 0.01953125
0 0.87109375 0.8515625 0.01953125 0.01953125
0 0.80078125 0.86328125 0.01953125 0.01953125
0 0.875 0.86328125 0.01953125 0.01953125
0 0.23046875 0.87109375 0.01953125 0.01953125
0 0.875 0.87109375 0.01953125 0.01953125
0 0.87890625 0.87109375 0.01953125 0.01953125
0 0.875 0.875 0.01953125 0.01953125
0 0.87890625 0.875 0.01953125 0.01953125
0 0.9765625 0.890625 0.01953125 0.01953125
0 0.2421875 0.9140625 0.01953125 0.01953125
0 0.2421875 0.91796875 0.01953125 0.01953125
0 0.7265625 0.96484375 0.01953125 0.01953125
