0 0.4811320754716981 0.3515625 0.04716981132075472 0.01953125
0 0.1320754716981132 0.60546875 0.04716981132075472 0.01953125
0 0.9150943396226415 0.62109375 0.04716981132075472 0.01953125
0 0.8301886792452831 0.6328125 0.04716981132075472 0.01953125
0 0.839622641509434 0.6328125 0.04716981132075472 0.01953125
0 0.18867924528301888 0.63671875 0.04716981132075472 0.01953125
0 0.7735849056603774 0.64453125 0.04716981132075472 0.01953125
0 0.44339622641509435 0.6875 0.04716981132075472 0.01953125
0 0.37735849056603776 0.6953125 0.04716981132075472 0.01953125
0 0.330188679245283 0.69921875 0.04716981132075472 0.01953125
0 0.330188679245283 0.703125 0.04716981132075472 0.01953125
0 0.29245283018867924 0.70703125 0.04716981132075472 0.01953125
0 0.19811320754716982 0.71875 0.04716981132075472 0.01953125
0 0.20754716981132076 0.71875 0.04716981132075472 0.01953125
0 0.05660377358490566 0.73828125 0.04716981132075472 0.01953125
0 0.0660377358490566 0.73828125 0.04716981132075472 0.01953125
0 0.0 0.74609375 0.04716981132075472 0.01953125
0 0.8773584905660378 0.765625 0.04716981132075472 0.01953125
0 0.8867924528301887 0.765625 0.04716981132075472 0.01953125
0 0.8301886792452831 0.7734375 0.04716981132075472 0.01953125
0 0.7830188679245284 0.78125 0.04716981132075472 0.01953125
0 0.5660377358490566 0.80859375 0.04716981132075472 0.01953125
0 0.5754716981132075 0.80859375 0.04716981132075472 0.01953125
0 0.4811320754716981 0.8203125 0.04716981132075472 0.01953125
0 0.4528301886792453 0.84375 0.04716981132075472 0.01953125
0 0.46226415094339623 0.84375 0.04716981132075472 0.01953125
0 0.3113207547169811 0.86328125 0.04716981132075472 0.01953125
0 0.32075471698113206 0.875 0.04716981132075472 0.01953125
0 0.7547169811320755 0.890625 0.04716981132075472 0.01953125
0 0.6792452830188679 0.8984375 0.04716981132075472 0.01953125
0 0.2169811320754717 0.953125 0.04716981132075472 0.01953125
0 0.3113207547169811 0.95703125 0.04716981132075472 0.01953125
0 0.2641509433962264 0.9609375 0.04716981132075472 0.01953125
0 0.2641509433962264 0.96484375 0.04716981132075472 0.01953125
0 0.9245283018867925 0.9765625 0.04716981132075472 0.01953125
0 0.9245283018867925 0.98046875 0.04716981132075472 0.01953125
