0 0.30078125 0.015625 0.01953125 0.01953125
0 0.47265625 0.015625 0.01953125 0.01953125
0 0.78125 0.015625 0.01953125 0.01953125
0 0.30078125 0.01953125 0.01953125 0.01953125
0 0.87890625 0.03125 0.01953125 0.01953125
0 0.25390625 0.04296875 0.01953125 0.01953125
0 0.3203125 0.04296875 0.01953125 0.01953125
0 0.8671875 0.04296875 0.01953125 0.01953125
0 0.87109375 0.04296875 0.01953125 0.01953125
0 0.3203125 0.046875 0.01953125 0.01953125
0 0.30078125 0.05078125 0.01953125 0.01953125
0 0.30078125 0.0546875 0.01953125 0.01953125
0 0.32421875 0.0546875 0.01953125 0.01953125
0 0.32421875 0.05859375 0.01953125 0.01953125
0 0.3046875 0.0625 0.01953125 0.01953125
0 0.26171875 0.06640625 0.01953125 0.01953125
0 0.32421875 0.06640625 0.01953125 0.01953125
0 0.328125 0.06640625 0.01953125 0.01953125
0 0.30859375 0.07421875 0.01953125 0.01953125
0 0.26171875 0.078125 0.01953125 0.01953125
0 0.328125 0.078125 0.01953125 0.01953125
0 0.33203125 0.078125 0.01953125 0.01953125
0 0.265625 0.0859375 0.01953125 0.01953125
0 0.30859375 0.0859375 0.01953125 0.01953125
0 0.265625 0.09765625 0.01953125 0.01953125
0 0.26953125 0.09765625 0.01953125 0.01953125
0 0.3359375 0.09765625 0.01953125 0.01953125
0 0.5078125 0.12109375 0.01953125 0.01953125
0 0.51171875 0.12109375 0.01953125 0.01953125
0 0.5078125 0.125 0.01953125 0.01953125
0 0.51171875 0.125 0.01953125 0.01953125
0 0.34375 0.1328125 0.01953125 0.01953125
0 0.453125 0.1328125 0.01953125 0.01953125
0 0.3515625 0.140625 0.01953125 0.01953125
0 0.44140625 0.140625 0.01953125 0.01953125
0 0.421875 0.14453125 0.01953125 0.01953125
0 0.35546875 0.1484375 0.01953125 0.01953125
0 0.390625 0.15234375 0.01953125 0.01953125
0 0.3984375 0.15234375 0.01953125 0.01953125
0 0.40234375 0.15234375 0.01953125 0.01953125
0 0.35546875 0.15625 0.01953125 0.01953125
0 0.359375 0.15625 0.01953125 0.01953125
0 0.828125 0.15625 0.01953125 0.01953125
0 0.35546875 0.16015625 0.01953125 0.01953125
0 0.359375 0.16015625 0.01953125 0.01953125
0 0.37890625 0.16015625 0.01953125 0.01953125
0 0.5234375 0.1640625 0.01953125 0.01953125
0 0.5234375 0.16796875 0.01953125 0.01953125
0 0.5703125 0.16796875 0.01953125 0.01953125
0 0.87890625 0.19140625 0.01953125 0.01953125
0 0.53125 0.1953125 0.01953125 0.01953125
0 0.87890625 0.1953125 0.01953125 0.01953125
0 0.84375 0.20703125 0.01953125 0.01953125
0 0.88671875 0.21484375 0.01953125 0.01953125
0 0.5390625 0.21875 0.01953125 0.01953125
0 0.0 0.29296875 0.01953125 0.01953125
0 0.609375 0.29296875 0.01953125 0.01953125
0 0.5703125 0.30859375 0.01953125 0.01953125
0 0.0078125 0.3125 0.01953125 0.01953125
0 0.5703125 0.3125 0.01953125 0.01953125
0 0.0078125 0.31640625 0.01953125 0.01953125
0 0.015625 0.34375 0.01953125 0.01953125
0 0.02734375 0.37109375 0.01953125 0.01953125
0 0.02734375 0.375 0.01953125 0.01953125
0 0.90234375 0.38671875 0.01953125 0.01953125
0 0.03515625 0.39453125 0.01953125 0.01953125
0 0.01171875 0.41796875 0.01953125 0.01953125
0 0.0390625 0.41796875 0.01953125 0.01953125
0 0.01171875 0.421875 0.01953125 0.01953125
0 0.04296875 0.4375 0.01953125 0.01953125
0 0.046875 0.4375 0.01953125 0.01953125
0 0.00390625 0.44921875 0.01953125 0.01953125
0 0.0078125 0.44921875 0.01953125 0.01953125
0 0.00390625 0.453125 0.01953125 0.01953125
0 0.0078125 0.453125 0.01953125 0.01953125
0 0.0546875 0.4609375 0.01953125 0.01953125
0 0.015625 0.47265625 0.01953125 0.01953125
0 0.98828125 0.47265625 0.01953125 0.01953125
0 0.015625 0.4765625 0.01953125 0.01953125
0 0.93359375 0.4765625 0.01953125 0.01953125
0 0.93359375 0.48046875 0.01953125 0.01953125
0 0.0625 0.4921875 0.01953125 0.01953125
0 0.06640625 0.4921875 0.01953125 0.01953125
0 0.92578125 0.4921875 0.01953125 0.01953125
0 0.9765625 0.4921875 0.01953125 0.01953125
0 0.0234375 0.49609375 0.01953125 0.01953125
0 0.0625 0.49609375 0.01953125 0.01953125
0 0.06640625 0.49609375 0.01953125 0.01953125
0 0.87109375 0.5 0.01953125 0.01953125
0 0.0703125 0.515625 0.01953125 0.01953125
0 0.02734375 0.51953125 0.01953125 0.01953125
0 0.609375 0.52734375 0.01953125 0.01953125
0 0.61328125 0.52734375 0.01953125 0.01953125
0 0.65234375 0.52734375 0.01953125 0.01953125
0 0.78125 0.52734375 0.01953125 0.01953125
0 0.62890625 0.53125 0.01953125 0.01953125
0 0.08203125 0.54296875 0.01953125 0.01953125
0 0.59765625 0.54296875 0.01953125 0.01953125
0 0.7734375 0.54296875 0.01953125 0.01953125
0 0.08203125 0.546875 0.01953125 0.01953125
0 0.59765625 0.546875 0.01953125 0.01953125
0 0.609375 0.55078125 0.01953125 0.01953125
0 0.73046875 0.5546875 0.01953125 0.01953125
0 0.0390625 0.55859375 0.01953125 0.01953125
0 0.6796875 0.55859375 0.01953125 0.01953125
0 0.08984375 0.56640625 0.01953125 0.01953125
0 0.6796875 0.57421875 0.01953125 0.01953125
0 0.05078125 0.5859375 0.01953125 0.01953125
0 0.0546875 0.60546875 0.01953125 0.01953125
0 0.53515625 0.6328125 0.01953125 0.01953125
0 0.5390625 0.6328125 0.01953125 0.01953125
0 0.50390625 0.64453125 0.01953125 0.01953125
0 0.27734375 0.6484375 0.01953125 0.01953125
0 0.41796875 0.671875 0.01953125 0.01953125
0 0.22265625 0.7109375 0.01953125 0.01953125
0 0.19140625 0.71875 0.01953125 0.01953125
0 0.1015625 0.7265625 0.01953125 0.01953125
0 0.515625 0.7265625 0.01953125 0.01953125
0 0.1875 0.73046875 0.01953125 0.01953125
0 0.25390625 0.734375 0.01953125 0.01953125
0 0.25390625 0.73828125 0.01953125 0.01953125
0 0.078125 0.78125 0.01953125 0.01953125
0 0.046875 0.79296875 0.01953125 0.01953125
0 0.5390625 0.79296875 0.01953125 0.01953125
0 0.02734375 0.80078125 0.01953125 0.01953125
0 0.0546875 0.8046875 0.01953125 0.01953125
0 0.546875 0.81640625 0.01953125 0.01953125
0 0.55859375 0.859375 0.01953125 0.01953125
0 0.984375 0.91796875 0.01953125 0.01953125
0 0.1640625 0.921875 0.01953125 0.01953125
0 0.95703125 0.92578125 0.01953125 0.01953125
0 0.87890625 0.953125 0.01953125 0.01953125
0 0.8828125 0.953125 0.01953125 0.01953125
0 0.46875 0.95703125 0.01953125 0.01953125
0 0.859375 0.95703125 0.01953125 0.01953125
0 0.86328125 0.95703125 0.01953125 0.01953125
0 0.859375 0.9609375 0.01953125 0.01953125
0 0.86328125 0.9609375 0.01953125 0.01953125
0 0.80859375 0.9765625 0.01953125 0.01953125
0 0.18359375 0.98046875 0.01953125 0.01953125
0 0.9140625 0.9921875 0.01953125 0.01953125
0 0.9140625 0.99609375 0.01953125 0.01953125
