0 0.4375 0.0234375 0.01953125 0.01953125
0 0.01953125 0.03125 0.01953125 0.01953125
0 0.80078125 0.078125 0.01953125 0.01953125
0 0.80078125 0.08203125 0.01953125 0.01953125
0 0.6796875 0.0859375 0.01953125 0.01953125
0 0.8125 0.0859375 0.01953125 0.01953125
0 0.6796875 0.08984375 0.01953125 0.01953125
0 0.6796875 0.09765625 0.01953125 0.01953125
0 0.72265625 0.1015625 0.01953125 0.01953125
0 0.69140625 0.10546875 0.01953125 0.01953125
0 0.72265625 0.11328125 0.01953125 0.01953125
0 0.69140625 0.1171875 0.01953125 0.01953125
0 0.70703125 0.125 0.01953125 0.01953125
0 0.83203125 0.125 0.01953125 0.01953125
0 0.8359375 0.125 0.01953125 0.01953125
0 0.73046875 0.12890625 0.01953125 0.01953125
0 0.81640625 0.1328125 0.01953125 0.01953125
0 0.69921875 0.13671875 0.01953125 0.01953125
0 0.734375 0.140625 0.01953125 0.01953125
0 0.69921875 0.15234375 0.01953125 0.01953125
0 0.703125 0.15234375 0.01953125 0.01953125
0 0.98828125 0.15234375 0.01953125 0.01953125
0 0.48828125 0.1640625 0.01953125 0.01953125
0 0.73828125 0.1640625 0.01953125 0.01953125
0 0.7421875 0.171875 0.01953125 0.01953125
0 0.89453125 0.1796875 0.01953125 0.01953125
0 0.70703125 0.18359375 0.01953125 0.01953125
0 0.9453125 0.19140625 0.01953125 0.01953125
0 0.46484375 0.19921875 0.01953125 0.01953125
0 0.8203125 0.21484375 0.01953125 0.01953125
0 0.8203125 0.21875 0.01953125 0.01953125
0 0.2578125 0.22265625 0.01953125 0.01953125
0 0.46484375 0.22265625 0.01953125 0.01953125
0 0.7421875 0.22265625 0.01953125 0.01953125
0 0.74609375 0.22265625 0.01953125 0.01953125
0 0.234375 0.234375 0.01953125 0.01953125
0 0.51953125 0.23828125 0.01953125 0.01953125
0 0.5234375 0.23828125 0.01953125 0.01953125
0 0.47265625 0.2421875 0.01953125 0.01953125
0 0.51953125 0.2421875 0.01953125 0.01953125
0 0.5234375 0.2421875 0.01953125 0.01953125
0 0.68359375 0.24609375 0.01953125 0.01953125
0 0.6875 0.24609375 0.01953125 0.01953125
0 0.4765625 0.25390625 0.01953125 0.01953125
0 0.51171875 0.2578125 0.01953125 0.01953125
0 0.4765625 0.26171875 0.01953125 0.01953125
0 0.578125 0.27734375 0.01953125 0.01953125
0 0.28515625 0.28125 0.01953125 0.01953125
0 0.35546875 0.28515625 0.01953125 0.01953125
0 0.6328125 0.296875 0.01953125 0.01953125
0 0.63671875 0.296875 0.01953125 0.01953125
0 0.25390625 0.30078125 0.01953125 0.01953125
0 0.39453125 0.30078125 0.01953125 0.01953125
0 0.25390625 0.3046875 0.01953125 0.01953125
0 0.25390625 0.3125 0.01953125 0.01953125
0 0.2578125 0.3125 0.01953125 0.01953125
0 0.484375 0.31640625 0.01953125 0.01953125
0 0.2578125 0.32421875 0.01953125 0.01953125
0 0.31640625 0.32421875 0.01953125 0.01953125
0 0.328125 0.32421875 0.01953125 0.01953125
0 0.26171875 0.33203125 0.01953125 0.01953125
0 0.296875 0.33203125 0.01953125 0.01953125
0 0.5078125 0.3359375 0.01953125 0.01953125
0 0.578125 0.3359375 0.01953125 0.01953125
0 0.5078125 0.33984375 0.01953125 0.01953125
0 0.578125 0.33984375 0.01953125 0.01953125
0 0.40234375 0.34375 0.01953125 0.01953125
0 0.5703125 0.36328125 0.01953125 0.01953125
0 0.5703125 0.3671875 0.01953125 0.01953125
0 0.578125 0.38671875 0.01953125 0.01953125
0 0.578125 0.390625 0.01953125 0.01953125
0 0.2890625 0.39453125 0.01953125 0.01953125
0 0.58984375 0.41015625 0.01953125 0.01953125
0 0.5703125 0.421875 0.01953125 0.01953125
0 0.03515625 0.4453125 0.01953125 0.01953125
0 0.0390625 0.4453125 0.01953125 0.01953125
0 0.61328125 0.484375 0.01953125 0.01953125
0 0.11328125 0.50390625 0.01953125 0.01953125
0 0.09765625 0.5078125 0.01953125 0.01953125
0 0.11328125 0.5078125 0.01953125 0.01953125
0 0.06640625 0.51171875 0.01953125 0.01953125
0 0.08203125 0.51171875 0.01953125 0.01953125
0 0.09375 0.54296875 0.01953125 0.01953125
0 0.09375 0.546875 0.01953125 0.01953125
0 0.07421875 0.55078125 0.01953125 0.01953125
0 0.078125 0.55078125 0.01953125 0.01953125
0 0.07421875 0.5546875 0.01953125 0.01953125
0 0.078125 0.5546875 0.01953125 0.01953125
0 0.09375 0.5703125 0.01953125 0.01953125
0 0.08203125 0.578125 0.01953125 0.01953125
0 0.09765625 0.6015625 0.01953125 0.01953125
0 0.8125 0.60546875 0.01953125 0.01953125
0 0.81640625 0.60546875 0.01953125 0.01953125
0 0.0859375 0.609375 0.01953125 0.01953125
0 0.75 0.625 0.01953125 0.01953125
0 0.75 0.62890625 0.01953125 0.01953125
0 0.7265625 0.6328125 0.01953125 0.01953125
0 0.05078125 0.63671875 0.01953125 0.01953125
0 0.08984375 0.63671875 0.01953125 0.01953125
0 0.1953125 0.63671875 0.01953125 0.01953125
0 0.0546875 0.6484375 0.01953125 0.01953125
0 0.73046875 0.671875 0.01953125 0.01953125
0 0.734375 0.671875 0.01953125 0.01953125
0 0.69921875 0.7109375 0.01953125 0.01953125
0 0.69921875 0.71484375 0.01953125 0.01953125
0 0.71875 0.765625 0.01953125 0.01953125
0 0.234375 0.78515625 0.01953125 0.01953125
0 0.375 0.7890625 0.01953125 0.01953125
0 0.265625 0.79296875 0.01953125 0.01953125
0 0.35546875 0.796875 0.01953125 0.01953125
0 0.33203125 0.8046875 0.01953125 0.01953125
0 0.57421875 0.8125 0.01953125 0.01953125
0 0.22265625 0.81640625 0.01953125 0.01953125
0 0.5 0.82421875 0.01953125 0.01953125
0 0.50390625 0.82421875 0.01953125 0.01953125
0 0.5078125 0.84375 0.01953125 0.01953125
0 0.71484375 0.85546875 0.01953125 0.01953125
0 0.1171875 0.86328125 0.01953125 0.01953125
0 0.7109375 0.8828125 0.01953125 0.01953125
0 0.52734375 0.8984375 0.01953125 0.01953125
0 0.71484375 0.90625 0.01953125 0.01953125
0 0.29296875 0.9375 0.01953125 0.01953125
0 0.04296875 0.94140625 0.01953125 0.01953125
0 0.28125 0.9453125 0.01953125 0.01953125
0 0.3984375 0.94921875 0.01953125 0.01953125
0 0.57421875 0.95703125 0.01953125 0.01953125
0 0.3359375 0.96875 0.01953125 0.01953125
0 0.73828125 0.97265625 0.01953125 0.01953125
0 0.23828125 0.9765625 0.01953125 0.01953125
