0 0.37890625 0.0 0.01953125 0.01953125
0 0.390625 0.0 0.01953125 0.01953125
0 0.3984375 0.0 0.01953125 0.01953125
0 0.3671875 0.00390625 0.01953125 0.01953125
0 0.37890625 0.00390625 0.01953125 0.01953125
0 0.359375 0.0078125 0.01953125 0.01953125
0 0.34375 0.01171875 0.01953125 0.01953125
0 0.34765625 0.01171875 0.01953125 0.01953125
0 0.359375 0.01171875 0.01953125 0.01953125
0 0.3359375 0.015625 0.01953125 0.01953125
0 0.32421875 0.01953125 0.01953125 0.01953125
0 0.30078125 0.0234375 0.01953125 0.01953125
0 0.3046875 0.0234375 0.01953125 0.01953125
0 0.3125 0.0234375 0.01953125 0.01953125
0 0.30078125 0.02734375 0.01953125 0.01953125
0 0.3046875 0.02734375 0.01953125 0.01953125
0 0.4296875 0.03515625 0.01953125 0.01953125
0 0.35546875 0.0546875 0.01953125 0.01953125
0 0.42578125 0.06640625 0.01953125 0.01953125
0 0.4296875 0.06640625 0.01953125 0.01953125
0 0.6875 0.06640625 0.01953125 0.01953125
0 0.2734375 0.08984375 0.01953125 0.01953125
0 0.27734375 0.08984375 0.01953125 0.01953125
0 0.12890625 0.1328125 0.01953125 0.01953125
0 0.1171875 0.13671875 0.01953125 0.01953125
0 0.09765625 0.140625 0.01953125 0.01953125
0 0.08984375 0.14453125 0.01953125 0.01953125
0 0.07421875 0.1484375 0.01953125 0.01953125
0 0.63671875 0.1796875 0.01953125 0.01953125
0 0.63671875 0.18359375 0.01953125 0.01953125
0 0.56640625 0.203125 0.01953125 0.01953125
0 0.5703125 0.203125 0.01953125 0.01953125
0 0.54296875 0.2265625 0.01953125 0.01953125
0 0.54296875 0.23046875 0.01953125 0.01953125
0 0.55859375 0.234375 0.01953125 0.01953125
0 0.55859375 0.23828125 0.01953125 0.01953125
0 0.56640625 0.265625 0.01953125 0.01953125
0 0.5703125 0.265625 0.01953125 0.01953125
0 0.57421875 0.2734375 0.01953125 0.01953125
0 0.25390625 0.3046875 0.01953125 0.01953125
0 0.2578125 0.3046875 0.01953125 0.01953125
0 0.76953125 0.32421875 0.01953125 0.01953125
0 0.7734375 0.32421875 0.01953125 0.01953125
0 0.1171875 0.3515625 0.01953125 0.01953125
0 0.06640625 0.3671875 0.01953125 0.01953125
0 0.6484375 0.3671875 0.01953125 0.01953125
0 0.6484375 0.37109375 0.01953125 0.01953125
0 0.61328125 0.37890625 0.01953125 0.01953125
0 0.62890625 0.37890625 0.01953125 0.01953125
0 0.61328125 0.3828125 0.01953125 0.01953125
0 0.01171875 0.38671875 0.01953125 0.01953125
0 0.015625 0.38671875 0.01953125 0.01953125
0 0.625 0.41015625 0.01953125 0.01953125
0 0.62890625 0.421875 0.01953125 0.01953125
0 0.6328125 0.421875 0.01953125 0.01953125
0 0.83984375 0.42578125 0.01953125 0.01953125
0 0.47265625 0.4296875 0.01953125 0.01953125
0 0.83984375 0.4296875 0.01953125 0.01953125
0 0.4609375 0.4375 0.01953125 0.01953125
0 0.421875 0.44140625 0.01953125 0.01953125
0 0.4140625 0.44921875 0.01953125 0.01953125
0 0.3203125 0.4609375 0.01953125 0.01953125
0 0.32421875 0.4609375 0.01953125 0.01953125
0 0.35546875 0.46484375 0.01953125 0.01953125
0 0.62109375 0.46484375 0.01953125 0.01953125
0 0.62890625 0.4765625 0.01953125 0.01953125
0 0.328125 0.48046875 0.01953125 0.01953125
0 0.375 0.51171875 0.01953125 0.01953125
0 0.9765625 0.51171875 0.01953125 0.01953125
0 0.98046875 0.51171875 0.01953125 0.01953125
0 0.375 0.515625 0.01953125 0.01953125
0 0.94921875 0.51953125 0.01953125 0.01953125
0 0.921875 0.52734375 0.01953125 0.01953125
0 0.3125 0.53125 0.01953125 0.01953125
0 0.921875 0.53125 0.01953125 0.01953125
0 0.9921875 0.53125 0.01953125 0.01953125
0 0.3125 0.53515625 0.01953125 0.01953125
0 0.703125 0.5546875 0.01953125 0.01953125
0 0.69140625 0.55859375 0.01953125 0.01953125
0 0.671875 0.56640625 0.01953125 0.01953125
0 0.8125 0.57421875 0.01953125 0.01953125
0 0.8125 0.578125 0.01953125 0.01953125
0 0.00390625 0.58203125 0.01953125 0.01953125
0 0.8125 0.5859375 0.01953125 0.01953125
0 0.78515625 0.59375 0.01953125 0.01953125
0 0.78515625 0.59765625 0.01953125 0.01953125
0 0.75390625 0.60546875 0.01953125 0.01953125
0 0.90234375 0.609375 0.01953125 0.01953125
0 0.69921875 0.62109375 0.01953125 0.01953125
0 0.03125 0.6328125 0.01953125 0.01953125
0 0.0 0.63671875 0.01953125 0.01953125
0 0.0078125 0.63671875 0.01953125 0.01953125
0 0.05859375 0.66796875 0.01953125 0.01953125
0 0.59375 0.66796875 0.01953125 0.01953125
0 0.54296875 0.68359375 0.01953125 0.01953125
0 0.46875 0.7109375 0.01953125 0.01953125
0 0.4375 0.71875 0.01953125 0.01953125
0 0.44140625 0.71875 0.01953125 0.01953125
0 0.515625 0.73046875 0.01953125 0.01953125
0 0.515625 0.734375 0.01953125 0.01953125
0 0.52734375 0.734375 0.01953125 0.01953125
0 0.33203125 0.75 0.01953125 0.01953125
0 0.28125 0.76953125 0.01953125 0.01953125
0 0.74609375 0.77734375 0.01953125 0.01953125
0 0.2265625 0.78515625 0.01953125 0.01953125
0 0.71484375 0.7890625 0.01953125 0.01953125
0 0.203125 0.79296875 0.01953125 0.01953125
0 0.71875 0.8125 0.01953125 0.01953125
0 0.72265625 0.8125 0.01953125 0.01953125
0 0.75390625 0.81640625 0.01953125 0.01953125
0 0.125 0.8203125 0.01953125 0.01953125
0 0.98046875 0.82421875 0.01953125 0.01953125
0 0.1015625 0.828125 0.01953125 0.01953125
0 0.7578125 0.828125 0.01953125 0.01953125
0 0.98046875 0.828125 0.01953125 0.01953125
0 0.05859375 0.84375 0.01953125 0.01953125
0 0.98828125 0.84375 0.01953125 0.01953125
0 0.8125 0.87109375 0.01953125 0.01953125
0 0.76953125 0.89453125 0.01953125 0.01953125
0 0.7734375 0.89453125 0.01953125 0.01953125
0 0.98828125 0.8984375 0.01953125 0.01953125
0 0.77734375 0.90625 0.01953125 0.01953125
0 0.765625 0.92578125 0.01953125 0.01953125
0 0.5390625 0.93359375 0.01953125 0.01953125
0 0.50390625 0.94140625 0.01953125 0.01953125
0 0.5078125 0.94140625 0.01953125 0.01953125
0 0.83203125 0.95703125 0.01953125 0.01953125
0 0.8359375 0.95703125 0.01953125 0.01953125
0 0.9296875 0.9609375 0.01953125 0.01953125
0 0.84375 0.9765625 0.01953125 0.01953125
0 0.85546875 0.9921875 0.01953125 0.01953125
0 0.98828125 0.9921875 0.01953125 0.01953125
