0 0.9433962264150944 0.0 0.04716981132075472 0.01953125
0 0.0 0.03515625 0.04716981132075472 0.01953125
0 0.04716981132075472 0.08203125 0.04716981132075472 0.01953125
0 0.04716981132075472 0.0859375 0.04716981132075472 0.01953125
0 0.9056603773584906 0.12890625 0.04716981132075472 0.01953125
0 0.8773584905660378 0.1328125 0.04716981132075472 0.01953125
0 0.8867924528301887 0.1328125 0.04716981132075472 0.01953125
0 0.8301886792452831 0.13671875 0.04716981132075472 0.01953125
0 0.839622641509434 0.13671875 0.04716981132075472 0.01953125
0 0.10377358490566038 0.1640625 0.04716981132075472 0.01953125
0 0.11320754716981132 0.1640625 0.04716981132075472 0.01953125
0 0.9433962264150944 0.17578125 0.04716981132075472 0.01953125
0 0.9433962264150944 0.1796875 0.04716981132075472 0.01953125
0 0.7830188679245284 0.1875 0.04716981132075472 0.01953125
0 0.9528301886792453 0.1953125 0.04716981132075472 0.01953125
0 0.9716981132075472 0.203125 0.04716981132075472 0.01953125
0 0.9716981132075472 0.2109375 0.04716981132075472 0.01953125
0 0.9811320754716981 0.2109375 0.04716981132075472 0.01953125
0 0.8018867924528302 0.21875 0.04716981132075472 0.01953125
0 0.9811320754716981 0.22265625 0.04716981132075472 0.01953125
0 0.9905660377358491 0.22265625 0.04716981132075472 0.01953125
0 0.14150943396226415 0.30859375 0.04716981132075472 0.01953125
0 0.12264150943396226 0.328125 0.04716981132075472 0.01953125
0 0.16037735849056603 0.33203125 0.04716981132075472 0.01953125
0 0.7830188679245284 0.33203125 0.04716981132075472 0.01953125
0 0.9528301886792453 0.33984375 0.04716981132075472 0.01953125
0 0.16037735849056603 0.34375 0.04716981132075472 0.01953125
0 0.7924528301886793 0.34375 0.04716981132075472 0.01953125
0 0.16981132075471697 0.3515625 0.04716981132075472 0.01953125
0 0.16981132075471697 0.35546875 0.04716981132075472 0.01953125
0 0.12264150943396226 0.359375 0.04716981132075472 0.01953125
0 0.03773584905660377 0.36328125 0.04716981132075472 0.01953125
0 0.09433962264150944 0.36328125 0.04716981132075472 0.01953125
0 0.09433962264150944 0.3671875 0.04716981132075472 0.01953125
0 0.16981132075471697 0.3671875 0.04716981132075472 0.01953125
0 0.03773584905660377 0.37109375 0.04716981132075472 0.01953125
0 0.04716981132075472 0.37109375 0.04716981132075472 0.01953125
0 0.1792452830188679 0.375 0.04716981132075472 0.01953125
0 0.9433962264150944 0.375 0.04716981132075472 0.01953125
0 0.0660377358490566 0.37890625 0.04716981132075472 0.01953125
0 0.0660377358490566 0.3828125 0.04716981132075472 0.01953125
0 0.14150943396226415 0.3828125 0.04716981132075472 0.01953125
0 0.009433962264150943 0.38671875 0.04716981132075472 0.01953125
0 0.14150943396226415 0.38671875 0.04716981132075472 0.01953125
0 0.18867924528301888 0.38671875 0.04716981132075472 0.01953125
0 0.8773584905660378 0.38671875 0.04716981132075472 0.01953125
0 0.0660377358490566 0.390625 0.04716981132075472 0.01953125
0 0.8207547169811321 0.390625 0.04716981132075472 0.01953125
0 0.11320754716981132 0.39453125 0.04716981132075472 0.01953125
0 0.19811320754716982 0.39453125 0.04716981132075472 0.01953125
0 0.11320754716981132 0.3984375 0.04716981132075472 0.01953125
0 0.7641509433962265 0.3984375 0.04716981132075472 0.01953125
0 0.0660377358490566 0.40234375 0.04716981132075472 0.01953125
0 0.19811320754716982 0.40234375 0.04716981132075472 0.01953125
0 0.20754716981132076 0.40234375 0.04716981132075472 0.01953125
0 0.02830188679245283 0.40625 0.04716981132075472 0.01953125
0 0.16037735849056603 0.40625 0.04716981132075472 0.01953125
0 0.19811320754716982 0.40625 0.04716981132075472 0.01953125
0 0.20754716981132076 0.40625 0.04716981132075472 0.01953125
0 0.7169811320754716 0.40625 0.04716981132075472 0.01953125
0 0.07547169811320754 0.4140625 0.04716981132075472 0.01953125
0 0.20754716981132076 0.4140625 0.04716981132075472 0.01953125
0 0.12264150943396226 0.41796875 0.04716981132075472 0.01953125
0 0.6132075471698113 0.41796875 0.04716981132075472 0.01953125
0 0.07547169811320754 0.421875 0.04716981132075472 0.01953125
0 0.08490566037735849 0.421875 0.04716981132075472 0.01953125
0 0.12264150943396226 0.421875 0.04716981132075472 0.01953125
0 0.2169811320754717 0.42578125 0.04716981132075472 0.01953125
0 0.08490566037735849 0.4296875 0.04716981132075472 0.01953125
0 0.1792452830188679 0.4296875 0.04716981132075472 0.01953125
0 0.9528301886792453 0.4296875 0.04716981132075472 0.01953125
0 0.9622641509433962 0.4296875 0.04716981132075472 0.01953125
0 0.04716981132075472 0.43359375 0.04716981132075472 0.01953125
0 0.08490566037735849 0.43359375 0.04716981132075472 0.01953125
0 0.1792452830188679 0.43359375 0.04716981132075472 0.01953125
0 0.22641509433962265 0.43359375 0.04716981132075472 0.01953125
0 0.5094339622641509 0.43359375 0.04716981132075472 0.01953125
0 0.009433962264150943 0.4375 0.04716981132075472 0.01953125
0 0.018867924528301886 0.4375 0.04716981132075472 0.01953125
0 0.1509433962264151 0.4375 0.04716981132075472 0.01953125
0 0.16037735849056603 0.4375 0.04716981132075472 0.01953125
0 0.9716981132075472 0.4375 0.04716981132075472 0.01953125
0 0.08490566037735849 0.44140625 0.04716981132075472 0.01953125
0 0.1320754716981132 0.44140625 0.04716981132075472 0.01953125
0 0.44339622641509435 0.44140625 0.04716981132075472 0.01953125
0 0.4528301886792453 0.44140625 0.04716981132075472 0.01953125
0 0.2358490566037736 0.4453125 0.04716981132075472 0.01953125
0 0.3867924528301887 0.44921875 0.04716981132075472 0.01953125
0 0.9811320754716981 0.44921875 0.04716981132075472 0.01953125
0 0.09433962264150944 0.453125 0.04716981132075472 0.01953125
0 0.05660377358490566 0.45703125 0.04716981132075472 0.01953125
0 0.330188679245283 0.45703125 0.04716981132075472 0.01953125
0 0.03773584905660377 0.4609375 0.04716981132075472 0.01953125
0 0.11320754716981132 0.4609375 0.04716981132075472 0.01953125
0 0.7075471698113207 0.46484375 0.04716981132075472 0.01953125
0 0.2358490566037736 0.46875 0.04716981132075472 0.01953125
0 0.24528301886792453 0.46875 0.04716981132075472 0.01953125
0 0.0 0.47265625 0.04716981132075472 0.01953125
0 0.0 0.4765625 0.04716981132075472 0.01953125
0 0.11320754716981132 0.48828125 0.04716981132075472 0.01953125
0 0.04716981132075472 0.4921875 0.04716981132075472 0.01953125
0 0.04716981132075472 0.49609375 0.04716981132075472 0.01953125
0 0.09433962264150944 0.68359375 0.04716981132075472 0.01953125
0 0.4056603773584906 0.6875 0.04716981132075472 0.01953125
0 0.3584905660377358 0.69140625 0.04716981132075472 0.01953125
0 0.05660377358490566 0.6953125 0.04716981132075472 0.01953125
0 0.0 0.69921875 0.04716981132075472 0.01953125
0 0.0 0.703125 0.04716981132075472 0.01953125
0 0.14150943396226415 0.703125 0.04716981132075472 0.01953125
0 0.41509433962264153 0.703125 0.04716981132075472 0.01953125
0 0.41509433962264153 0.70703125 0.04716981132075472 0.01953125
0 0.42452830188679247 0.78125 0.04716981132075472 0.01953125
0 0.3584905660377358 0.7890625 0.04716981132075472 0.01953125
0 0.04716981132075472 0.796875 0.04716981132075472 0.01953125
0 0.05660377358490566 0.8046875 0.04716981132075472 0.01953125
0 0.05660377358490566 0.80859375 0.04716981132075472 0.01953125
0 0.05660377358490566 0.81640625 0.04716981132075472 0.01953125
0 0.7358490566037735 0.82421875 0.04716981132075472 0.01953125
0 0.07547169811320754 0.83984375 0.04716981132075472 0.01953125
0 0.6886792452830188 0.83984375 0.04716981132075472 0.01953125
0 0.22641509433962265 0.89453125 0.04716981132075472 0.01953125
0 0.2830188679245283 0.953125 0.04716981132075472 0.01953125
0 0.9716981132075472 0.953125 0.04716981132075472 0.01953125
