0 0.5849056603773585 0.00390625 0.04716981132075472 0.01953125
0 0.5943396226415094 0.00390625 0.04716981132075472 0.01953125
0 0.9056603773584906 0.0234375 0.04716981132075472 0.01953125
0 0.9056603773584906 0.02734375 0.04716981132075472 0.01953125
0 0.2358490566037736 0.05078125 0.04716981132075472 0.01953125
0 0.37735849056603776 0.0546875 0.04716981132075472 0.01953125
0 0.9339622641509434 0.0546875 0.04716981132075472 0.01953125
0 0.44339622641509435 0.06640625 0.04716981132075472 0.01953125
0 0.44339622641509435 0.0703125 0.04716981132075472 0.01953125
0 0.39622641509433965 0.07421875 0.04716981132075472 0.01953125
0 0.9528301886792453 0.08984375 0.04716981132075472 0.01953125
0 0.8773584905660378 0.1015625 0.04716981132075472 0.01953125
0 0.9811320754716981 0.1171875 0.04716981132075472 0.01953125
0 0.8490566037735849 0.12109375 0.04716981132075472 0.01953125
0 0.8584905660377359 0.12109375 0.04716981132075472 0.01953125
0 0.5754716981132075 0.1328125 0.04716981132075472 0.01953125
0 0.6415094339622641 0.13671875 0.04716981132075472 0.01953125
0 0.6415094339622641 0.140625 0.04716981132075472 0.01953125
0 0.6981132075471698 0.14453125 0.04716981132075472 0.01953125
0 0.18867924528301888 0.2421875 0.04716981132075472 0.01953125
0 0.6792452830188679 0.24609375 0.04716981132075472 0.01953125
0 0.6886792452830188 0.2578125 0.04716981132075472 0.01953125
0 0.6886792452830188 0.26953125 0.04716981132075472 0.01953125
0 0.08490566037735849 0.2734375 0.04716981132075472 0.01953125
0 0.2169811320754717 0.2734375 0.04716981132075472 0.01953125
0 0.2169811320754717 0.27734375 0.04716981132075472 0.01953125
0 0.22641509433962265 0.296875 0.04716981132075472 0.01953125
0 0.10377358490566038 0.30859375 0.04716981132075472 0.01953125
0 0.11320754716981132 0.30859375 0.04716981132075472 0.01953125
0 0.16037735849056603 0.31640625 0.04716981132075472 0.01953125
0 0.25471698113207547 0.32421875 0.04716981132075472 0.01953125
0 0.12264150943396226 0.328125 0.04716981132075472 0.01953125
0 0.25471698113207547 0.328125 0.04716981132075472 0.01953125
0 0.27358490566037735 0.35546875 0.04716981132075472 0.01953125
0 0.8490566037735849 0.359375 0.04716981132075472 0.01953125
0 0.8584905660377359 0.359375 0.04716981132075472 0.01953125
0 0.8679245283018868 0.37109375 0.04716981132075472 0.01953125
0 0.24528301886792453 0.375 0.04716981132075472 0.01953125
0 0.7169811320754716 0.3828125 0.04716981132075472 0.01953125
0 0.7169811320754716 0.38671875 0.04716981132075472 0.01953125
0 0.330188679245283 0.4296875 0.04716981132075472 0.01953125
0 0.11320754716981132 0.48046875 0.04716981132075472 0.01953125
0 0.8962264150943396 0.48828125 0.04716981132075472 0.01953125
0 0.37735849056603776 0.4921875 0.04716981132075472 0.01953125
0 0.8773584905660378 0.53515625 0.04716981132075472 0.01953125
0 0.8867924528301887 0.53515625 0.04716981132075472 0.01953125
0 0.8490566037735849 0.5390625 0.04716981132075472 0.01953125
0 0.8773584905660378 0.5390625 0.04716981132075472 0.01953125
0 0.8867924528301887 0.5390625 0.04716981132075472 0.01953125
0 0.3018867924528302 0.56640625 0.04716981132075472 0.01953125
0 0.44339622641509435 0.578125 0.04716981132075472 0.01953125
0 0.44339622641509435 0.58203125 0.04716981132075472 0.01953125
0 0.9056603773584906 0.58203125 0.04716981132075472 0.01953125
0 0.9056603773584906 0.5859375 0.04716981132075472 0.01953125
0 0.9150943396226415 0.59375 0.04716981132075472 0.01953125
0 0.9150943396226415 0.59765625 0.04716981132075472 0.01953125
0 0.9245283018867925 0.609375 0.04716981132075472 0.01953125
0 0.9811320754716981 0.62109375 0.04716981132075472 0.01953125
0 0.9905660377358491 0.62109375 0.04716981132075472 0.01953125
0 0.3490566037735849 0.625 0.04716981132075472 0.01953125
0 0.8490566037735849 0.625 0.04716981132075472 0.01953125
0 0.39622641509433965 0.62890625 0.04716981132075472 0.01953125
0 0.4056603773584906 0.62890625 0.04716981132075472 0.01953125
0 0.4811320754716981 0.62890625 0.04716981132075472 0.01953125
0 0.8584905660377359 0.63671875 0.04716981132075472 0.01953125
0 0.8679245283018868 0.63671875 0.04716981132075472 0.01953125
0 0.36792452830188677 0.6484375 0.04716981132075472 0.01953125
0 0.8679245283018868 0.6484375 0.04716981132075472 0.01953125
0 0.3867924528301887 0.671875 0.04716981132075472 0.01953125
0 0.5094339622641509 0.671875 0.04716981132075472 0.01953125
0 0.9056603773584906 0.6796875 0.04716981132075472 0.01953125
0 0.9056603773584906 0.68359375 0.04716981132075472 0.01953125
0 0.5283018867924528 0.69140625 0.04716981132075472 0.01953125
0 0.5283018867924528 0.6953125 0.04716981132075472 0.01953125
0 0.9528301886792453 0.703125 0.04716981132075472 0.01953125
0 0.8490566037735849 0.70703125 0.04716981132075472 0.01953125
0 0.5566037735849056 0.73046875 0.04716981132075472 0.01953125
0 0.5566037735849056 0.734375 0.04716981132075472 0.01953125
0 0.8773584905660378 0.7421875 0.04716981132075472 0.01953125
0 0.8867924528301887 0.7421875 0.04716981132075472 0.01953125
0 0.8962264150943396 0.75390625 0.04716981132075472 0.01953125
0 0.5754716981132075 0.7578125 0.04716981132075472 0.01953125
0 0.9056603773584906 0.765625 0.04716981132075472 0.01953125
0 0.49056603773584906 0.80859375 0.04716981132075472 0.01953125
0 0.14150943396226415 0.82421875 0.04716981132075472 0.01953125
0 0.5094339622641509 0.83203125 0.04716981132075472 0.01953125
0 0.5566037735849056 0.8359375 0.04716981132075472 0.01953125
0 0.8207547169811321 0.859375 0.04716981132075472 0.01953125
0 0.9622641509433962 0.8671875 0.04716981132075472 0.01953125
0 0.9716981132075472 0.8671875 0.04716981132075472 0.01953125
0 0.6698113207547169 0.890625 0.04716981132075472 0.01953125
0 0.16981132075471697 0.9375 0.04716981132075472 0.01953125
0 0.018867924528301886 0.953125 0.04716981132075472 0.01953125
0 0.1509433962264151 0.953125 0.04716981132075472 0.01953125
0 0.27358490566037735 0.953125 0.04716981132075472 0.01953125
0 0.27358490566037735 0.95703125 0.04716981132075472 0.01953125
0 0.8679245283018868 0.9609375 0.04716981132075472 0.01953125
0 0.14150943396226415 0.97265625 0.04716981132075472 0.01953125
0 0.1509433962264151 0.97265625 0.04716981132075472 0.01953125
