0 0.3515625 0.0078125 0.01953125 0.01953125
0 0.3515625 0.01171875 0.01953125 0.01953125
0 0.3125 0.01953125 0.01953125 0.01953125
0 0.3125 0.0234375 0.01953125 0.01953125
0 0.29296875 0.02734375 0.01953125 0.01953125
0 0.265625 0.03515625 0.01953125 0.01953125
0 0.26953125 0.03515625 0.01953125 0.01953125
0 0.24609375 0.04296875 0.01953125 0.01953125
0 0.1484375 0.0703125 0.01953125 0.01953125
0 0.12890625 0.078125 0.01953125 0.01953125
0 0.16015625 0.18359375 0.01953125 0.01953125
0 0.1640625 0.18359375 0.01953125 0.01953125
0 0.16015625 0.1875 0.01953125 0.01953125
0 0.1640625 0.1875 0.01953125 0.01953125
0 0.01953125 0.21875 0.01953125 0.01953125
0 0.02734375 0.2421875 0.01953125 0.01953125
0 0.1953125 0.265625 0.01953125 0.01953125
0 0.23828125 0.27734375 0.01953125 0.01953125
0 0.23828125 0.28125 0.01953125 0.01953125
0 0.04296875 0.28515625 0.01953125 0.01953125
0 0.046875 0.3046875 0.01953125 0.01953125
0 0.98828125 0.3203125 0.01953125 0.01953125
0 0.9921875 0.3203125 0.01953125 0.01953125
0 0.05859375 0.33203125 0.01953125 0.01953125
0 0.0625 0.33203125 0.01953125 0.01953125
0 0.24609375 0.35546875 0.01953125 0.01953125
0 0.859375 0.359375 0.01953125 0.01953125
0 0.86328125 0.359375 0.01953125 0.01953125
0 0.28515625 0.36328125 0.01953125 0.01953125
0 0.08984375 0.4296875 0.01953125 0.01953125
0 0.05078125 0.43359375 0.01953125 0.01953125
0 0.4140625 0.44921875 0.01953125 0.01953125
0 0.3828125 0.45703125 0.01953125 0.01953125
0 0.359375 0.46484375 0.01953125 0.01953125
0 0.33203125 0.47265625 0.01953125 0.01953125
0 0.28125 0.48828125 0.01953125 0.01953125
0 0.28515625 0.48828125 0.01953125 0.01953125
0 0.0625 0.4921875 0.01953125 0.01953125
0 0.25 0.5 0.01953125 0.01953125
0 0.30078125 0.50390625 0.01953125 0.01953125
0 0.2265625 0.5078125 0.01953125 0.01953125
0 0.24609375 0.515625 0.01953125 0.01953125
0 0.35546875 0.515625 0.01953125 0.01953125
0 0.3359375 0.51953125 0.01953125 0.01953125
0 0.3359375 0.5234375 0.01953125 0.01953125
0 0.19921875 0.53125 0.01953125 0.01953125
0 0.15625 0.54296875 0.01953125 0.01953125
0 0.16015625 0.54296875 0.01953125 0.01953125
0 0.265625 0.54296875 0.01953125 0.01953125
0 0.26953125 0.54296875 0.01953125 0.01953125
0 0.12890625 0.62109375 0.01953125 0.01953125
0 0.98828125 0.63671875 0.01953125 0.01953125
0 0.96875 0.64453125 0.01953125 0.01953125
0 0.95703125 0.6484375 0.01953125 0.01953125
0 0.9609375 0.6484375 0.01953125 0.01953125
0 0.9296875 0.65625 0.01953125 0.01953125
0 0.94140625 0.65625 0.01953125 0.01953125
0 0.91015625 0.6640625 0.01953125 0.01953125
0 0.8984375 0.66796875 0.01953125 0.01953125
0 0.87890625 0.67578125 0.01953125 0.01953125
0 0.859375 0.6796875 0.01953125 0.01953125
0 0.84765625 0.68359375 0.01953125 0.01953125
0 0.828125 0.6875 0.01953125 0.01953125
0 0.81640625 0.6953125 0.01953125 0.01953125
0 0.92578125 0.70703125 0.01953125 0.01953125
0 0.9140625 0.7109375 0.01953125 0.01953125
0 0.90234375 0.71484375 0.01953125 0.01953125
0 0.90625 0.71484375 0.01953125 0.01953125
0 0.89453125 0.71875 0.01953125 0.01953125
0 0.87109375 0.72265625 0.01953125 0.01953125
0 0.8828125 0.72265625 0.01953125 0.01953125
0 0.8515625 0.73046875 0.01953125 0.01953125
0 0.83984375 0.734375 0.01953125 0.01953125
0 0.8203125 0.73828125 0.01953125 0.01953125
0 0.83203125 0.73828125 0.01953125 0.01953125
0 0.1171875 0.85546875 0.01953125 0.01953125
0 0.09375 0.859375 0.01953125 0.01953125
0 0.10546875 0.859375 0.01953125 0.01953125
0 0.08203125 0.86328125 0.01953125 0.01953125
0 0.07421875 0.8671875 0.01953125 0.01953125
0 0.078125 0.8671875 0.01953125 0.01953125
0 0.07421875 0.87109375 0.01953125 0.01953125
0 0.078125 0.87109375 0.01953125 0.01953125
0 0.11328125 0.87890625 0.01953125 0.01953125
0 0.125 0.87890625 0.01953125 0.01953125
0 0.08984375 0.8828125 0.01953125 0.01953125
0 0.1015625 0.8828125 0.01953125 0.01953125
0 0.08203125 0.88671875 0.01953125 0.01953125
0 0.08203125 0.890625 0.01953125 0.01953125
0 0.0703125 0.89453125 0.01953125 0.01953125
0 0.25 0.96875 0.01953125 0.01953125
