0 0.9528301886792453 0.0 0.04716981132075472 0.01953125
0 0.8301886792452831 0.02734375 0.04716981132075472 0.01953125
0 0.9433962264150944 0.02734375 0.04716981132075472 0.01953125
0 0.839622641509434 0.03515625 0.04716981132075472 0.01953125
0 0.839622641509434 0.046875 0.04716981132075472 0.01953125
0 0.8490566037735849 0.046875 0.04716981132075472 0.01953125
0 0.5566037735849056 0.05859375 0.04716981132075472 0.01953125
0 0.5377358490566038 0.0625 0.04716981132075472 0.01953125
0 0.5566037735849056 0.0625 0.04716981132075472 0.01953125
0 0.0660377358490566 0.10546875 0.04716981132075472 0.01953125
0 0.11320754716981132 0.11328125 0.04716981132075472 0.01953125
0 0.11320754716981132 0.1171875 0.04716981132075472 0.01953125
0 0.10377358490566038 0.1328125 0.04716981132075472 0.01953125
0 0.5283018867924528 0.1484375 0.04716981132075472 0.01953125
0 0.5377358490566038 0.15625 0.04716981132075472 0.01953125
0 0.25471698113207547 0.1640625 0.04716981132075472 0.01953125
0 0.2641509433962264 0.171875 0.04716981132075472 0.01953125
0 0.2641509433962264 0.17578125 0.04716981132075472 0.01953125
0 0.07547169811320754 0.18359375 0.04716981132075472 0.01953125
0 0.2641509433962264 0.18359375 0.04716981132075472 0.01953125
0 0.27358490566037735 0.18359375 0.04716981132075472 0.01953125
0 0.1320754716981132 0.1875 0.04716981132075472 0.01953125
0 0.46226415094339623 0.19140625 0.04716981132075472 0.01953125
0 0.009433962264150943 0.1953125 0.04716981132075472 0.01953125
0 0.07547169811320754 0.1953125 0.04716981132075472 0.01953125
0 0.27358490566037735 0.1953125 0.04716981132075472 0.01953125
0 0.5660377358490566 0.1953125 0.04716981132075472 0.01953125
0 0.1320754716981132 0.19921875 0.04716981132075472 0.01953125
0 0.3867924528301887 0.19921875 0.04716981132075472 0.01953125
0 0.5754716981132075 0.203125 0.04716981132075472 0.01953125
0 0.08490566037735849 0.20703125 0.04716981132075472 0.01953125
0 0.09433962264150944 0.20703125 0.04716981132075472 0.01953125
0 0.1509433962264151 0.2109375 0.04716981132075472 0.01953125
0 0.4528301886792453 0.2109375 0.04716981132075472 0.01953125
0 0.5849056603773585 0.2109375 0.04716981132075472 0.01953125
0 0.5943396226415094 0.2109375 0.04716981132075472 0.01953125
0 0.4528301886792453 0.21484375 0.04716981132075472 0.01953125
0 0.16037735849056603 0.21875 0.04716981132075472 0.01953125
0 0.5849056603773585 0.22265625 0.04716981132075472 0.01953125
0 0.5943396226415094 0.22265625 0.04716981132075472 0.01953125
0 0.11320754716981132 0.23046875 0.04716981132075472 0.01953125
0 0.3018867924528302 0.234375 0.04716981132075472 0.01953125
0 0.5943396226415094 0.234375 0.04716981132075472 0.01953125
0 0.12264150943396226 0.25390625 0.04716981132075472 0.01953125
0 0.32075471698113206 0.25390625 0.04716981132075472 0.01953125
0 0.6132075471698113 0.2578125 0.04716981132075472 0.01953125
0 0.44339622641509435 0.26953125 0.04716981132075472 0.01953125
0 0.5377358490566038 0.27734375 0.04716981132075472 0.01953125
0 0.6320754716981132 0.27734375 0.04716981132075472 0.01953125
0 0.18867924528301888 0.28125 0.04716981132075472 0.01953125
0 0.5094339622641509 0.28125 0.04716981132075472 0.01953125
0 0.12264150943396226 0.28515625 0.04716981132075472 0.01953125
0 0.1320754716981132 0.28515625 0.04716981132075472 0.01953125
0 0.6415094339622641 0.28515625 0.04716981132075472 0.01953125
0 0.4528301886792453 0.2890625 0.04716981132075472 0.01953125
0 0.6415094339622641 0.2890625 0.04716981132075472 0.01953125
0 0.09433962264150944 0.29296875 0.04716981132075472 0.01953125
0 0.8679245283018868 0.4453125 0.04716981132075472 0.01953125
0 0.7735849056603774 0.5390625 0.04716981132075472 0.01953125
0 0.0 0.6953125 0.04716981132075472 0.01953125
0 0.7075471698113207 0.703125 0.04716981132075472 0.01953125
0 0.6320754716981132 0.70703125 0.04716981132075472 0.01953125
0 0.660377358490566 0.70703125 0.04716981132075472 0.01953125
0 0.660377358490566 0.7109375 0.04716981132075472 0.01953125
0 0.018867924528301886 0.72265625 0.04716981132075472 0.01953125
0 0.02830188679245283 0.72265625 0.04716981132075472 0.01953125
0 0.6792452830188679 0.75 0.04716981132075472 0.01953125
0 0.6792452830188679 0.76171875 0.04716981132075472 0.01953125
0 0.6792452830188679 0.765625 0.04716981132075472 0.01953125
0 0.0 0.7890625 0.04716981132075472 0.01953125
0 0.5377358490566038 0.8203125 0.04716981132075472 0.01953125
0 0.11320754716981132 0.828125 0.04716981132075472 0.01953125
0 0.12264150943396226 0.8515625 0.04716981132075472 0.01953125
0 0.8773584905660378 0.91015625 0.04716981132075472 0.01953125
0 0.1792452830188679 0.9140625 0.04716981132075472 0.01953125
0 0.5283018867924528 0.91796875 0.04716981132075472 0.01953125
0 0.8018867924528302 0.921875 0.04716981132075472 0.01953125
0 0.7358490566037735 0.9296875 0.04716981132075472 0.01953125
0 0.6792452830188679 0.93359375 0.04716981132075472 0.01953125
0 0.6792452830188679 0.9375 0.04716981132075472 0.01953125
0 0.6320754716981132 0.94140625 0.04716981132075472 0.01953125
0 0.7169811320754716 0.9453125 0.04716981132075472 0.01953125
0 0.5094339622641509 0.95703125 0.04716981132075472 0.01953125
0 0.9056603773584906 0.9609375 0.04716981132075472 0.01953125
0 0.8018867924528302 0.96484375 0.04716981132075472 0.01953125
0 0.39622641509433965 0.97265625 0.04716981132075472 0.01953125
0 0.33962264150943394 0.98046875 0.04716981132075472 0.01953125
