0 0.6484375 0.0 0.01953125 0.10638297872340426
0 0.81640625 0.0 0.01953125 0.10638297872340426
0 0.109375 0.02127659574468085 0.01953125 0.10638297872340426
0 0.765625 0.06382978723404255 0.01953125 0.10638297872340426
0 0.765625 0.0851063829787234 0.01953125 0.10638297872340426
0 0.73828125 0.1276595744680851 0.01953125 0.10638297872340426
0 0.5859375 0.14893617021276595 0.01953125 0.10638297872340426
0 0.61328125 0.14893617021276595 0.01953125 0.10638297872340426
0 0.6171875 0.14893617021276595 0.01953125 0.10638297872340426
0 0.55859375 0.19148936170212766 0.01953125 0.10638297872340426
0 0.53515625 0.2127659574468085 0.01953125 0.10638297872340426
0 0.58203125 0.2127659574468085 0.01953125 0.10638297872340426
0 0.53515625 0.23404255319148937 0.01953125 0.10638297872340426
0 0.50390625 0.2765957446808511 0.01953125 0.10638297872340426
0 0.54296875 0.2765957446808511 0.01953125 0.10638297872340426
0 0.48046875 0.3191489361702128 0.01953125 0.10638297872340426
0 0.51171875 0.3191489361702128 0.01953125 0.10638297872340426
0 0.515625 0.3191489361702128 0.01953125 0.10638297872340426
0 0.13671875 0.3617021276595745 0.01953125 0.10638297872340426
0 0.4921875 0.3617021276595745 0.01953125 0.10638297872340426
0 0.13671875 0.3829787234042553 0.01953125 0.10638297872340426
0 0.96875 0.44680851063829785 0.01953125 0.10638297872340426
0 0.9765625 0.44680851063829785 0.01953125 0.10638297872340426
0 0.95703125 0.46808510638297873 0.01953125 0.10638297872340426
0 0.1171875 0.48936170212765956 0.01953125 0.10638297872340426
0 0.9453125 0.48936170212765956 0.01953125 0.10638297872340426
0 0.94921875 0.48936170212765956 0.01953125 0.10638297872340426
0 0.58203125 0.5531914893617021 0.01953125 0.10638297872340426
0 0.6015625 0.574468085106383 0.01953125 0.10638297872340426
0 0.015625 0.6595744680851063 0.01953125 0.10638297872340426
0 0.0234375 0.6595744680851063 0.01953125 0.10638297872340426
0 0.00390625 0.6808510638297872 0.01953125 0.10638297872340426
0 0.609375 0.6808510638297872 0.01953125 0.10638297872340426
0 0.9609375 0.6808510638297872 0.01953125 0.10638297872340426
0 0.97265625 0.6808510638297872 0.01953125 0.10638297872340426
0 0.16015625 0.7021276595744681 0.01953125 0.10638297872340426
0 0.39453125 0.7021276595744681 0.01953125 0.10638297872340426
0 0.9609375 0.7021276595744681 0.01953125 0.10638297872340426
0 0.359375 0.7446808510638298 0.01953125 0.10638297872340426
0 0.921875 0.7659574468085106 0.01953125 0.10638297872340426
0 0.91015625 0.7872340425531915 0.01953125 0.10638297872340426
0 0.890625 0.851063829787234 0.01953125 0.10638297872340426
0 0.890625 0.8723404255319149 0.01953125 0.10638297872340426
0 0.875 0.8936170212765957 0.01953125 0.10638297872340426
0 0.87890625 0.8936170212765957 0.01953125 0.10638297872340426
0 0.84375 0.9361702127659575 0.01953125 0.10638297872340426
0 0.24609375 0.9574468085106383 0.01953125 0.10638297872340426
0 0.828125 0.9574468085106383 0.01953125 0.10638297872340426
0 0.83203125 0.9574468085106383 0.01953125 0.10638297872340426
