0 0.1171875 0.19148936170212766 0.01953125 0.10638297872340426
0 0.0078125 0.2978723404255319 0.01953125 0.10638297872340426
0 0.171875 0.2978723404255319 0.01953125 0.10638297872340426
0 0.17578125 0.3829787234042553 0.01953125 0.10638297872340426
0 0.10546875 0.5106382978723404 0.01953125 0.10638297872340426
0 0.140625 0.5531914893617021 0.01953125 0.10638297872340426
0 0.0625 0.6170212765957447 0.01953125 0.10638297872340426
0 0.0625 0.6382978723404256 0.01953125 0.10638297872340426
0 0.9453125 0.851063829787234 0.01953125 0.10638297872340426
0 0.92578125 0.8723404255319149 0.01953125 0.10638297872340426
