0 0.296875 0.3617021276595745 0.01953125 0.10638297872340426
0 0.2109375 0.3829787234042553 0.01953125 0.10638297872340426
0 0.15625 0.48936170212765956 0.01953125 0.10638297872340426
0 0.3046875 0.5106382978723404 0.01953125 0.10638297872340426
0 0.125 0.5319148936170213 0.01953125 0.10638297872340426
0 0.125 0.5531914893617021 0.01953125 0.10638297872340426
0 0.08984375 0.5957446808510638 0.01953125 0.10638297872340426
0 0.0703125 0.6170212765957447 0.01953125 0.10638297872340426
0 0.26171875 0.6382978723404256 0.01953125 0.10638297872340426
0 0.03515625 0.6808510638297872 0.01953125 0.10638297872340426
0 0.265625 0.7446808510638298 0.01953125 0.10638297872340426
0 0.26953125 0.7446808510638298 0.01953125 0.10638297872340426
