0 0.56640625 0.0425531914893617 0.01953125 0.10638297872340426
0 0.828125 0.19148936170212766 0.01953125 0.10638297872340426
0 0.20703125 0.2765957446808511 0.01953125 0.10638297872340426
0 0.82421875 0.40425531914893614 0.01953125 0.10638297872340426
0 0.85546875 0.44680851063829785 0.01953125 0.10638297872340426
0 0.859375 0.44680851063829785 0.01953125 0.10638297872340426
0 0.83203125 0.5319148936170213 0.01953125 0.10638297872340426
0 0.55859375 0.6170212765957447 0.01953125 0.10638297872340426
0 0.2265625 0.6382978723404256 0.01953125 0.10638297872340426
0 0.55859375 0.6382978723404256 0.01953125 0.10638297872340426
0 0.2265625 0.6595744680851063 0.01953125 0.10638297872340426
0 0.234375 0.7872340425531915 0.01953125 0.10638297872340426
0 0.84765625 0.7872340425531915 0.01953125 0.10638297872340426
0 0.890625 0.7872340425531915 0.01953125 0.10638297872340426
0 0.2421875 0.8936170212765957 0.01953125 0.10638297872340426
0 0.8828125 0.9148936170212766 0.01953125 0.10638297872340426
