0 0.375 0.0851063829787234 0.01953125 0.10638297872340426
0 0.87109375 0.1276595744680851 0.01953125 0.10638297872340426
0 0.6015625 0.2978723404255319 0.01953125 0.10638297872340426
0 0.60546875 0.2978723404255319 0.01953125 0.10638297872340426
0 0.76953125 0.2978723404255319 0.01953125 0.10638297872340426
0 0.91015625 0.2978723404255319 0.01953125 0.10638297872340426
0 0.6015625 0.3191489361702128 0.01953125 0.10638297872340426
0 0.60546875 0.3191489361702128 0.01953125 0.10638297872340426
0 0.9765625 0.3617021276595745 0.01953125 0.10638297872340426
0 0.76953125 0.5319148936170213 0.01953125 0.10638297872340426
0 0.61328125 0.6595744680851063 0.01953125 0.10638297872340426
0 0.06640625 0.723404255319149 0.01953125 0.10638297872340426
