0 0.1320754716981132 0.0425531914893617 0.04716981132075472 0.10638297872340426
0 0.09433962264150944 0.06382978723404255 0.04716981132075472 0.10638297872340426
0 0.10377358490566038 0.06382978723404255 0.04716981132075472 0.10638297872340426
0 0.0 0.10638297872340426 0.04716981132075472 0.10638297872340426
0 0.0 0.1276595744680851 0.04716981132075472 0.10638297872340426
0 0.1320754716981132 0.23404255319148937 0.04716981132075472 0.10638297872340426
0 0.14150943396226415 0.23404255319148937 0.04716981132075472 0.10638297872340426
0 0.08490566037735849 0.2553191489361702 0.04716981132075472 0.10638297872340426
0 0.0 0.3191489361702128 0.04716981132075472 0.10638297872340426
0 0.10377358490566038 0.40425531914893614 0.04716981132075472 0.10638297872340426
