0 0.28125 0.0425531914893617 0.01953125 0.10638297872340426
0 0.1171875 0.06382978723404255 0.01953125 0.10638297872340426
0 0.12109375 0.06382978723404255 0.01953125 0.10638297872340426
0 0.60546875 0.06382978723404255 0.01953125 0.10638297872340426
0 0.28125 0.2978723404255319 0.01953125 0.10638297872340426
0 0.30078125 0.3617021276595745 0.01953125 0.10638297872340426
0 0.3046875 0.46808510638297873 0.01953125 0.10638297872340426
0 0.3046875 0.48936170212765956 0.01953125 0.10638297872340426
0 0.2734375 0.5106382978723404 0.01953125 0.10638297872340426
0 0.27734375 0.5106382978723404 0.01953125 0.10638297872340426
0 0.42578125 0.5319148936170213 0.01953125 0.10638297872340426
0 0.3125 0.5957446808510638 0.01953125 0.10638297872340426
0 0.30078125 0.6808510638297872 0.01953125 0.10638297872340426
0 0.84765625 0.7021276595744681 0.01953125 0.10638297872340426
0 0.82421875 0.723404255319149 0.01953125 0.10638297872340426
0 0.44140625 0.7446808510638298 0.01953125 0.10638297872340426
0 0.83203125 0.7659574468085106 0.01953125 0.10638297872340426
0 0.83203125 0.7872340425531915 0.01953125 0.10638297872340426
0 0.8359375 0.8297872340425532 0.01953125 0.10638297872340426
0 0.7890625 0.851063829787234 0.01953125 0.10638297872340426
0 0.31640625 0.9361702127659575 0.01953125 0.10638297872340426
0 0.3203125 0.9361702127659575 0.01953125 0.10638297872340426
