0 0.8515625 0.0 0.01953125 0.01953125
0 0.546875 0.00390625 0.01953125 0.01953125
0 0.5390625 0.0078125 0.01953125 0.01953125
0 0.5078125 0.015625 0.01953125 0.01953125
0 0.7421875 0.01953125 0.01953125 0.01953125
0 0.703125 0.02734375 0.01953125 0.01953125
0 0.703125 0.03125 0.01953125 0.01953125
0 0.53515625 0.03515625 0.01953125 0.01953125
0 0.5390625 0.03515625 0.01953125 0.01953125
0 0.5234375 0.0390625 0.01953125 0.01953125
0 0.52734375 0.0390625 0.01953125 0.01953125
0 0.6640625 0.0390625 0.01953125 0.01953125
0 0.6640625 0.04296875 0.01953125 0.01953125
0 0.80859375 0.04296875 0.01953125 0.01953125
0 0.73046875 0.046875 0.01953125 0.01953125
0 0.7421875 0.046875 0.01953125 0.01953125
0 0.75 0.046875 0.01953125 0.01953125
0 0.80859375 0.046875 0.01953125 0.01953125
0 0.87109375 0.05859375 0.01953125 0.01953125
0 0.8125 0.0625 0.01953125 0.01953125
0 0.83984375 0.0703125 0.01953125 0.01953125
0 0.78515625 0.07421875 0.01953125 0.01953125
0 0.5703125 0.078125 0.01953125 0.01953125
0 0.57421875 0.078125 0.01953125 0.01953125
0 0.51953125 0.09375 0.01953125 0.01953125
0 0.859375 0.09375 0.01953125 0.01953125
0 0.5078125 0.12109375 0.01953125 0.01953125
0 0.765625 0.125 0.01953125 0.01953125
0 0.73046875 0.1328125 0.01953125 0.01953125
0 0.98828125 0.13671875 0.01953125 0.01953125
0 0.7109375 0.140625 0.01953125 0.01953125
0 0.96875 0.17578125 0.01953125 0.01953125
0 0.984375 0.2265625 0.01953125 0.01953125
0 0.9921875 0.25 0.01953125 0.01953125
0 0.11328125 0.328125 0.01953125 0.01953125
0 0.01171875 0.359375 0.01953125 0.01953125
0 0.93359375 0.43359375 0.01953125 0.01953125
0 0.9765625 0.43359375 0.01953125 0.01953125
0 0.93359375 0.4375 0.01953125 0.01953125
0 0.86328125 0.45703125 0.01953125 0.01953125
0 0.86328125 0.4609375 0.01953125 0.01953125
0 0.80859375 0.47265625 0.01953125 0.01953125
0 0.80859375 0.4765625 0.01953125 0.01953125
0 0.84765625 0.48046875 0.01953125 0.01953125
0 0.71484375 0.48828125 0.01953125 0.01953125
0 0.71875 0.48828125 0.01953125 0.01953125
0 0.68359375 0.515625 0.01953125 0.01953125
0 0.6796875 0.53125 0.01953125 0.01953125
0 0.5703125 0.53515625 0.01953125 0.01953125
0 0.49609375 0.55859375 0.01953125 0.01953125
0 0.58984375 0.5625 0.01953125 0.01953125
0 0.28515625 0.5703125 0.01953125 0.01953125
0 0.91015625 0.5703125 0.01953125 0.01953125
0 0.9140625 0.5703125 0.01953125 0.01953125
0 0.4765625 0.58203125 0.01953125 0.01953125
0 0.48046875 0.58203125 0.01953125 0.01953125
0 0.91796875 0.58203125 0.01953125 0.01953125
0 0.921875 0.58203125 0.01953125 0.01953125
0 0.91796875 0.5859375 0.01953125 0.01953125
0 0.921875 0.5859375 0.01953125 0.01953125
0 0.4453125 0.609375 0.01953125 0.01953125
0 0.44921875 0.609375 0.01953125 0.01953125
0 0.40234375 0.63671875 0.01953125 0.01953125
0 0.40625 0.63671875 0.01953125 0.01953125
0 0.28515625 0.6484375 0.01953125 0.01953125
0 0.20703125 0.79296875 0.01953125 0.01953125
0 0.94921875 0.79296875 0.01953125 0.01953125
0 0.92578125 0.796875 0.01953125 0.01953125
0 0.92578125 0.80078125 0.01953125 0.01953125
0 0.578125 0.9296875 0.01953125 0.01953125
0 0.58203125 0.9296875 0.01953125 0.01953125
0 0.55859375 0.9375 0.01953125 0.01953125
0 0.34765625 0.9453125 0.01953125 0.01953125
0 0.578125 0.94921875 0.01953125 0.01953125
0 0.50390625 0.953125 0.01953125 0.01953125
0 0.578125 0.953125 0.01953125 0.01953125
0 0.5625 0.95703125 0.01953125 0.01953125
0 0.56640625 0.95703125 0.01953125 0.01953125
0 0.5625 0.9609375 0.01953125 0.01953125
0 0.56640625 0.9609375 0.01953125 0.01953125
0 0.765625 0.9609375 0.01953125 0.01953125
0 0.4765625 0.96484375 0.01953125 0.01953125
0 0.5390625 0.96484375 0.01953125 0.01953125
0 0.51953125 0.97265625 0.01953125 0.01953125
