0 0.93359375 0.11328125 0.01953125 0.01953125
0 0.796875 0.1328125 0.01953125 0.01953125
0 0.734375 0.15234375 0.01953125 0.01953125
0 0.734375 0.15625 0.01953125 0.01953125
0 0.7109375 0.16015625 0.01953125 0.01953125
0 0.6484375 0.18359375 0.01953125 0.01953125
0 0.65234375 0.18359375 0.01953125 0.01953125
0 0.984375 0.19921875 0.01953125 0.01953125
0 0.5703125 0.20703125 0.01953125 0.01953125
0 0.9453125 0.20703125 0.01953125 0.01953125
0 0.60546875 0.21875 0.01953125 0.01953125
0 0.65234375 0.2265625 0.01953125 0.01953125
0 0.39453125 0.265625 0.01953125 0.01953125
0 0.90234375 0.2734375 0.01953125 0.01953125
0 0.85546875 0.28515625 0.01953125 0.01953125
0 0.8359375 0.2890625 0.01953125 0.01953125
0 0.8359375 0.29296875 0.01953125 0.01953125
0 0.65234375 0.3203125 0.01953125 0.01953125
0 0.53515625 0.33984375 0.01953125 0.01953125
0 0.53515625 0.34375 0.01953125 0.01953125
0 0.15625 0.359375 0.01953125 0.01953125
0 0.1171875 0.38671875 0.01953125 0.01953125
0 0.15625 0.38671875 0.01953125 0.01953125
0 0.1171875 0.390625 0.01953125 0.01953125
0 0.15625 0.390625 0.01953125 0.01953125
0 0.02734375 0.41015625 0.01953125 0.01953125
0 0.2421875 0.44921875 0.01953125 0.01953125
0 0.1640625 0.4609375 0.01953125 0.01953125
0 0.109375 0.4921875 0.01953125 0.01953125
0 0.11328125 0.4921875 0.01953125 0.01953125
0 0.2734375 0.61328125 0.01953125 0.01953125
0 0.11328125 0.72265625 0.01953125 0.01953125
0 0.01171875 0.7578125 0.01953125 0.01953125
0 0.37890625 0.8046875 0.01953125 0.01953125
0 0.109375 0.8828125 0.01953125 0.01953125
0 0.11328125 0.89453125 0.01953125 0.01953125
0 0.1171875 0.90625 0.01953125 0.01953125
0 0.8203125 0.92578125 0.01953125 0.01953125
0 0.80078125 0.93359375 0.01953125 0.01953125
0 0.77734375 0.9375 0.01953125 0.01953125
0 0.74609375 0.94921875 0.01953125 0.01953125
0 0.71484375 0.98046875 0.01953125 0.01953125
0 0.71484375 0.984375 0.01953125 0.01953125
0 0.16796875 0.99609375 0.01953125 0.01953125
