0 0.19140625 0.01953125 0.01953125 0.01953125
0 0.12890625 0.0390625 0.01953125 0.01953125
0 0.14453125 0.0390625 0.01953125 0.01953125
0 0.88671875 0.09765625 0.01953125 0.01953125
0 0.87890625 0.140625 0.01953125 0.01953125
0 0.8828125 0.140625 0.01953125 0.01953125
0 0.9609375 0.1953125 0.01953125 0.01953125
0 0.90234375 0.2109375 0.01953125 0.01953125
0 0.90234375 0.21484375 0.01953125 0.01953125
0 0.96875 0.22265625 0.01953125 0.01953125
0 0.96875 0.2265625 0.01953125 0.01953125
0 0.91015625 0.23828125 0.01953125 0.01953125
0 0.9765625 0.2578125 0.01953125 0.01953125
0 0.984375 0.73828125 0.01953125 0.01953125
0 0.9921875 0.76953125 0.01953125 0.01953125
0 0.99609375 0.76953125 0.01953125 0.01953125
0 0.9921875 0.7734375 0.01953125 0.01953125
0 0.99609375 0.7734375 0.01953125 0.01953125
0 0.484375 0.8203125 0.01953125 0.01953125
0 0.48046875 0.8359375 0.01953125 0.01953125
0 0.96875 0.8515625 0.01953125 0.01953125
0 0.484375 0.85546875 0.01953125 0.01953125
0 0.96875 0.85546875 0.01953125 0.01953125
0 0.9453125 0.86328125 0.01953125 0.01953125
0 0.97265625 0.86328125 0.01953125 0.01953125
0 0.953125 0.87109375 0.01953125 0.01953125
0 0.90234375 0.875 0.01953125 0.01953125
0 0.97265625 0.875 0.01953125 0.01953125
0 0.88671875 0.87890625 0.01953125 0.01953125
0 0.953125 0.87890625 0.01953125 0.01953125
0 0.95703125 0.87890625 0.01953125 0.01953125
0 0.90625 0.8828125 0.01953125 0.01953125
0 0.953125 0.8828125 0.01953125 0.01953125
0 0.95703125 0.8828125 0.01953125 0.01953125
0 0.9765625 0.8828125 0.01953125 0.01953125
0 0.90625 0.88671875 0.01953125 0.01953125
0 0.9765625 0.88671875 0.01953125 0.01953125
0 0.88671875 0.890625 0.01953125 0.01953125
0 0.95703125 0.890625 0.01953125 0.01953125
0 0.91015625 0.89453125 0.01953125 0.01953125
0 0.98046875 0.89453125 0.01953125 0.01953125
0 0.89453125 0.8984375 0.01953125 0.01953125
0 0.89453125 0.90234375 0.01953125 0.01953125
0 0.91796875 0.90234375 0.01953125 0.01953125
0 0.984375 0.90234375 0.01953125 0.01953125
0 0.84765625 0.90625 0.01953125 0.01953125
0 0.8984375 0.90625 0.01953125 0.01953125
0 0.91796875 0.91015625 0.01953125 0.01953125
0 0.9609375 0.91015625 0.01953125 0.01953125
0 0.84765625 0.9140625 0.01953125 0.01953125
0 0.984375 0.9140625 0.01953125 0.01953125
0 0.8984375 0.91796875 0.01953125 0.01953125
0 0.90234375 0.91796875 0.01953125 0.01953125
0 0.96484375 0.91796875 0.01953125 0.01953125
0 0.8515625 0.921875 0.01953125 0.01953125
0 0.921875 0.921875 0.01953125 0.01953125
0 0.984375 0.92578125 0.01953125 0.01953125
0 0.55859375 0.9296875 0.01953125 0.01953125
0 0.90234375 0.9296875 0.01953125 0.01953125
0 0.921875 0.9296875 0.01953125 0.01953125
0 0.96484375 0.9296875 0.01953125 0.01953125
0 0.96875 0.9296875 0.01953125 0.01953125
0 0.859375 0.93359375 0.01953125 0.01953125
0 0.921875 0.93359375 0.01953125 0.01953125
0 0.9921875 0.93359375 0.01953125 0.01953125
0 0.97265625 0.9375 0.01953125 0.01953125
0 0.86328125 0.94140625 0.01953125 0.01953125
0 0.92578125 0.94140625 0.01953125 0.01953125
0 0.91015625 0.9453125 0.01953125 0.01953125
0 0.9921875 0.9453125 0.01953125 0.01953125
0 0.86328125 0.94921875 0.01953125 0.01953125
0 0.91015625 0.94921875 0.01953125 0.01953125
0 0.9296875 0.94921875 0.01953125 0.01953125
0 0.97265625 0.94921875 0.01953125 0.01953125
0 0.86328125 0.953125 0.01953125 0.01953125
0 0.99609375 0.953125 0.01953125 0.01953125
0 0.9140625 0.95703125 0.01953125 0.01953125
0 0.8671875 0.9609375 0.01953125 0.01953125
0 0.9296875 0.9609375 0.01953125 0.01953125
0 0.9765625 0.9609375 0.01953125 0.01953125
0 0.99609375 0.96484375 0.01953125 0.01953125
0 0.9140625 0.96875 0.01953125 0.01953125
0 0.93359375 0.96875 0.01953125 0.01953125
0 0.98046875 0.96875 0.01953125 0.01953125
0 0.87109375 0.97265625 0.01953125 0.01953125
0 0.91796875 0.9765625 0.01953125 0.01953125
0 0.98046875 0.9765625 0.01953125 0.01953125
0 0.875 0.98046875 0.01953125 0.01953125
0 0.93359375 0.98046875 0.01953125 0.01953125
0 0.98046875 0.98046875 0.01953125 0.01953125
0 0.91796875 0.984375 0.01953125 0.01953125
0 0.984375 0.98828125 0.01953125 0.01953125
0 0.98828125 0.98828125 0.01953125 0.01953125
0 0.87109375 0.9921875 0.01953125 0.01953125
0 0.875 0.9921875 0.01953125 0.01953125
0 0.9375 0.9921875 0.01953125 0.01953125
0 0.921875 0.99609375 0.01953125 0.01953125
0 0.98828125 0.99609375 0.01953125 0.01953125
