0 0.00390625 0.33984375 0.01953125 0.01953125
0 0.01171875 0.37109375 0.01953125 0.01953125
0 0.01171875 0.375 0.01953125 0.01953125
0 0.02734375 0.41796875 0.01953125 0.01953125
0 0.03125 0.49609375 0.01953125 0.01953125
0 0.0625 0.5390625 0.01953125 0.01953125
0 0.078125 0.57421875 0.01953125 0.01953125
0 0.34765625 0.65234375 0.01953125 0.01953125
0 0.4921875 0.6796875 0.01953125 0.01953125
0 0.5 0.6875 0.01953125 0.01953125
0 0.5078125 0.69921875 0.01953125 0.01953125
0 0.5078125 0.70703125 0.01953125 0.01953125
0 0.5078125 0.7109375 0.01953125 0.01953125
0 0.5078125 0.72265625 0.01953125 0.01953125
0 0.5 0.734375 0.01953125 0.01953125
0 0.5 0.73828125 0.01953125 0.01953125
0 0.51171875 0.78125 0.01953125 0.01953125
0 0.13671875 0.82421875 0.01953125 0.01953125
0 0.1484375 0.828125 0.01953125 0.01953125
0 0.03125 0.8359375 0.01953125 0.01953125
0 0.06640625 0.8359375 0.01953125 0.01953125
0 0.0078125 0.84375 0.01953125 0.01953125
0 0.0703125 0.84375 0.01953125 0.01953125
0 0.07421875 0.84375 0.01953125 0.01953125
0 0.02734375 0.84765625 0.01953125 0.01953125
0 0.03125 0.84765625 0.01953125 0.01953125
0 0.01171875 0.8515625 0.01953125 0.01953125
0 0.16015625 0.8515625 0.01953125 0.01953125
0 0.03125 0.85546875 0.01953125 0.01953125
0 0.07421875 0.85546875 0.01953125 0.01953125
0 0.14453125 0.85546875 0.01953125 0.01953125
0 0.03125 0.859375 0.01953125 0.01953125
0 0.078125 0.86328125 0.01953125 0.01953125
0 0.03515625 0.8671875 0.01953125 0.01953125
0 0.015625 0.875 0.01953125 0.01953125
0 0.0390625 0.875 0.01953125 0.01953125
0 0.08203125 0.875 0.01953125 0.01953125
0 0.0390625 0.87890625 0.01953125 0.01953125
0 0.01953125 0.8828125 0.01953125 0.01953125
0 0.0859375 0.8828125 0.01953125 0.01953125
0 0.0390625 0.88671875 0.01953125 0.01953125
0 0.0234375 0.890625 0.01953125 0.01953125
0 0.046875 0.89453125 0.01953125 0.01953125
0 0.0859375 0.89453125 0.01953125 0.01953125
0 0.08984375 0.89453125 0.01953125 0.01953125
0 0.0234375 0.90234375 0.01953125 0.01953125
0 0.08984375 0.90234375 0.01953125 0.01953125
0 0.046875 0.90625 0.01953125 0.01953125
0 0.02734375 0.91015625 0.01953125 0.01953125
0 0.02734375 0.9140625 0.01953125 0.01953125
0 0.0546875 0.9140625 0.01953125 0.01953125
0 0.09375 0.9140625 0.01953125 0.01953125
0 0.03125 0.921875 0.01953125 0.01953125
0 0.0546875 0.92578125 0.01953125 0.01953125
0 0.03515625 0.93359375 0.01953125 0.01953125
0 0.05859375 0.93359375 0.01953125 0.01953125
0 0.0625 0.93359375 0.01953125 0.01953125
0 0.1015625 0.93359375 0.01953125 0.01953125
0 0.05859375 0.9375 0.01953125 0.01953125
0 0.0625 0.9375 0.01953125 0.01953125
0 0.03515625 0.94140625 0.01953125 0.01953125
0 0.1875 0.94140625 0.01953125 0.01953125
0 0.19140625 0.94140625 0.01953125 0.01953125
0 0.05859375 0.9453125 0.01953125 0.01953125
0 0.10546875 0.9453125 0.01953125 0.01953125
0 0.53125 0.9453125 0.01953125 0.01953125
0 0.53515625 0.9453125 0.01953125 0.01953125
0 0.0390625 0.94921875 0.01953125 0.01953125
0 0.0 0.953125 0.01953125 0.01953125
0 0.0390625 0.953125 0.01953125 0.01953125
0 0.0625 0.953125 0.01953125 0.01953125
0 0.10546875 0.953125 0.01953125 0.01953125
0 0.53125 0.95703125 0.01953125 0.01953125
0 0.0390625 0.9609375 0.01953125 0.01953125
0 0.04296875 0.9609375 0.01953125 0.01953125
0 0.06640625 0.9609375 0.01953125 0.01953125
0 0.109375 0.9609375 0.01953125 0.01953125
0 0.06640625 0.96484375 0.01953125 0.01953125
0 0.109375 0.96484375 0.01953125 0.01953125
0 0.53515625 0.96484375 0.01953125 0.01953125
0 0.00390625 0.97265625 0.01953125 0.01953125
0 0.05078125 0.97265625 0.01953125 0.01953125
0 0.0703125 0.97265625 0.01953125 0.01953125
0 0.11328125 0.97265625 0.01953125 0.01953125
0 0.53515625 0.97265625 0.01953125 0.01953125
0 0.5390625 0.97265625 0.01953125 0.01953125
0 0.0078125 0.98046875 0.01953125 0.01953125
0 0.05078125 0.98046875 0.01953125 0.01953125
0 0.1171875 0.98046875 0.01953125 0.01953125
0 0.54296875 0.98046875 0.01953125 0.01953125
0 0.0078125 0.984375 0.01953125 0.01953125
0 0.07421875 0.984375 0.01953125 0.01953125
0 0.14453125 0.984375 0.01953125 0.01953125
0 0.54296875 0.984375 0.01953125 0.01953125
0 0.0546875 0.98828125 0.01953125 0.01953125
0 0.0078125 0.9921875 0.01953125 0.01953125
0 0.07421875 0.9921875 0.01953125 0.01953125
0 0.12109375 0.9921875 0.01953125 0.01953125
0 0.54296875 0.9921875 0.01953125 0.01953125
0 0.546875 0.9921875 0.01953125 0.01953125
0 0.07421875 0.99609375 0.01953125 0.01953125
