0 0.62109375 0.00390625 0.01953125 0.01953125
0 0.17578125 0.0078125 0.01953125 0.01953125
0 0.62109375 0.0078125 0.01953125 0.01953125
0 0.17578125 0.01171875 0.01953125 0.01953125
0 0.0234375 0.01953125 0.01953125 0.01953125
0 0.0 0.0234375 0.01953125 0.01953125
0 0.0 0.02734375 0.01953125 0.01953125
0 0.02734375 0.03515625 0.01953125 0.01953125
0 0.18359375 0.03515625 0.01953125 0.01953125
0 0.02734375 0.0390625 0.01953125 0.01953125
0 0.18359375 0.0390625 0.01953125 0.01953125
0 0.44140625 0.046875 0.01953125 0.01953125
0 0.01953125 0.05078125 0.01953125 0.01953125
0 0.19140625 0.05859375 0.01953125 0.01953125
0 0.63671875 0.06640625 0.01953125 0.01953125
0 0.46484375 0.078125 0.01953125 0.01953125
0 0.4765625 0.078125 0.01953125 0.01953125
0 0.45703125 0.08203125 0.01953125 0.01953125
0 0.46484375 0.08203125 0.01953125 0.01953125
0 0.19921875 0.08984375 0.01953125 0.01953125
0 0.640625 0.08984375 0.01953125 0.01953125
0 0.2109375 0.1171875 0.01953125 0.01953125
0 0.65234375 0.1171875 0.01953125 0.01953125
0 0.21484375 0.140625 0.01953125 0.01953125
0 0.65625 0.140625 0.01953125 0.01953125
0 0.66015625 0.140625 0.01953125 0.01953125
0 0.22265625 0.16796875 0.01953125 0.01953125
0 0.66796875 0.17578125 0.01953125 0.01953125
0 0.51171875 0.18359375 0.01953125 0.01953125
0 0.23046875 0.1875 0.01953125 0.01953125
0 0.48828125 0.19140625 0.01953125 0.01953125
0 0.67578125 0.1953125 0.01953125 0.01953125
0 0.234375 0.203125 0.01953125 0.01953125
0 0.68359375 0.21875 0.01953125 0.01953125
0 0.5546875 0.22265625 0.01953125 0.01953125
0 0.68359375 0.22265625 0.01953125 0.01953125
0 0.2421875 0.23046875 0.01953125 0.01953125
0 0.5390625 0.2421875 0.01953125 0.01953125
0 0.24609375 0.24609375 0.01953125 0.01953125
0 0.25 0.24609375 0.01953125 0.01953125
0 0.5390625 0.24609375 0.01953125 0.01953125
0 0.69140625 0.24609375 0.01953125 0.01953125
0 0.50390625 0.25390625 0.01953125 0.01953125
0 0.25 0.265625 0.01953125 0.01953125
0 0.515625 0.28515625 0.01953125 0.01953125
0 0.515625 0.2890625 0.01953125 0.01953125
0 0.26171875 0.29296875 0.01953125 0.01953125
0 0.4765625 0.296875 0.01953125 0.01953125
0 0.46484375 0.30078125 0.01953125 0.01953125
0 0.46875 0.30078125 0.01953125 0.01953125
0 0.45703125 0.3046875 0.01953125 0.01953125
0 0.265625 0.3125 0.01953125 0.01953125
0 0.42578125 0.31640625 0.01953125 0.01953125
0 0.5390625 0.32421875 0.01953125 0.01953125
0 0.2734375 0.33984375 0.01953125 0.01953125
0 0.51953125 0.34765625 0.01953125 0.01953125
0 0.28125 0.35546875 0.01953125 0.01953125
0 0.46875 0.35546875 0.01953125 0.01953125
0 0.45703125 0.359375 0.01953125 0.01953125
0 0.23828125 0.36328125 0.01953125 0.01953125
0 0.42578125 0.36328125 0.01953125 0.01953125
0 0.4296875 0.36328125 0.01953125 0.01953125
0 0.44921875 0.36328125 0.01953125 0.01953125
0 0.40234375 0.375 0.01953125 0.01953125
0 0.296875 0.40625 0.01953125 0.01953125
0 0.00390625 0.41015625 0.01953125 0.01953125
0 0.0078125 0.41015625 0.01953125 0.01953125
0 0.00390625 0.421875 0.01953125 0.01953125
0 0.0078125 0.421875 0.01953125 0.01953125
0 0.140625 0.4296875 0.01953125 0.01953125
0 0.94140625 0.4375 0.01953125 0.01953125
0 0.00390625 0.453125 0.01953125 0.01953125
0 0.01953125 0.4609375 0.01953125 0.01953125
0 0.07421875 0.46875 0.01953125 0.01953125
0 0.31640625 0.47265625 0.01953125 0.01953125
0 0.31640625 0.4765625 0.01953125 0.01953125
0 0.3203125 0.49609375 0.01953125 0.01953125
0 0.05859375 0.50390625 0.01953125 0.01953125
0 0.0703125 0.5078125 0.01953125 0.01953125
0 0.08203125 0.5078125 0.01953125 0.01953125
0 0.0859375 0.5078125 0.01953125 0.01953125
0 0.0234375 0.515625 0.01953125 0.01953125
0 0.00390625 0.51953125 0.01953125 0.01953125
0 0.015625 0.51953125 0.01953125 0.01953125
0 0.03515625 0.51953125 0.01953125 0.01953125
0 0.0390625 0.51953125 0.01953125 0.01953125
0 0.046875 0.51953125 0.01953125 0.01953125
0 0.07421875 0.5234375 0.01953125 0.01953125
0 0.07421875 0.53125 0.01953125 0.01953125
0 0.01953125 0.5390625 0.01953125 0.01953125
0 0.0390625 0.54296875 0.01953125 0.01953125
0 0.015625 0.55078125 0.01953125 0.01953125
0 0.0390625 0.5625 0.01953125 0.01953125
0 0.046875 0.5625 0.01953125 0.01953125
0 0.02734375 0.56640625 0.01953125 0.01953125
0 0.03125 0.56640625 0.01953125 0.01953125
0 0.01171875 0.5703125 0.01953125 0.01953125
0 0.01953125 0.5703125 0.01953125 0.01953125
0 0.01171875 0.57421875 0.01953125 0.01953125
0 0.2421875 0.65234375 0.01953125 0.01953125
0 0.8359375 0.7265625 0.01953125 0.01953125
0 0.6015625 0.76171875 0.01953125 0.01953125
0 0.4609375 0.7734375 0.01953125 0.01953125
0 0.4375 0.77734375 0.01953125 0.01953125
0 0.44140625 0.77734375 0.01953125 0.01953125
0 0.4453125 0.8046875 0.01953125 0.01953125
0 0.40234375 0.81640625 0.01953125 0.01953125
0 0.625 0.82421875 0.01953125 0.01953125
0 0.421875 0.828125 0.01953125 0.01953125
0 0.37890625 0.84765625 0.01953125 0.01953125
0 0.3828125 0.84765625 0.01953125 0.01953125
0 0.37109375 0.8515625 0.01953125 0.01953125
0 0.6796875 0.8515625 0.01953125 0.01953125
0 0.34765625 0.85546875 0.01953125 0.01953125
0 0.359375 0.85546875 0.01953125 0.01953125
0 0.33984375 0.859375 0.01953125 0.01953125
0 0.34765625 0.859375 0.01953125 0.01953125
0 0.33203125 0.8828125 0.01953125 0.01953125
0 0.4375 0.88671875 0.01953125 0.01953125
0 0.44140625 0.88671875 0.01953125 0.01953125
0 0.21484375 0.8984375 0.01953125 0.01953125
0 0.2265625 0.8984375 0.01953125 0.01953125
0 0.3984375 0.8984375 0.01953125 0.01953125
0 0.21484375 0.90234375 0.01953125 0.01953125
0 0.38671875 0.90234375 0.01953125 0.01953125
0 0.3984375 0.90234375 0.01953125 0.01953125
0 0.1953125 0.90625 0.01953125 0.01953125
0 0.203125 0.90625 0.01953125 0.01953125
0 0.20703125 0.90625 0.01953125 0.01953125
0 0.37890625 0.90625 0.01953125 0.01953125
0 0.38671875 0.90625 0.01953125 0.01953125
0 0.4453125 0.90625 0.01953125 0.01953125
0 0.17578125 0.91015625 0.01953125 0.01953125
0 0.18359375 0.91015625 0.01953125 0.01953125
0 0.33984375 0.91015625 0.01953125 0.01953125
0 0.34375 0.91015625 0.01953125 0.01953125
0 0.4453125 0.91015625 0.01953125 0.01953125
0 0.16796875 0.9140625 0.01953125 0.01953125
0 0.17578125 0.9140625 0.01953125 0.01953125
0 0.3671875 0.9140625 0.01953125 0.01953125
0 0.1484375 0.921875 0.01953125 0.01953125
0 0.15234375 0.921875 0.01953125 0.01953125
0 0.44921875 0.921875 0.01953125 0.01953125
0 0.39453125 0.92578125 0.01953125 0.01953125
0 0.40234375 0.92578125 0.01953125 0.01953125
0 0.44921875 0.92578125 0.01953125 0.01953125
0 0.3828125 0.9296875 0.01953125 0.01953125
0 0.2109375 0.93359375 0.01953125 0.01953125
0 0.34765625 0.93359375 0.01953125 0.01953125
0 0.37109375 0.93359375 0.01953125 0.01953125
0 0.359375 0.9375 0.01953125 0.01953125
0 0.1484375 0.94140625 0.01953125 0.01953125
0 0.19140625 0.94140625 0.01953125 0.01953125
0 0.1953125 0.94140625 0.01953125 0.01953125
0 0.2109375 0.94140625 0.01953125 0.01953125
0 0.21484375 0.94140625 0.01953125 0.01953125
0 0.45703125 0.9453125 0.01953125 0.01953125
0 0.19140625 0.94921875 0.01953125 0.01953125
0 0.1953125 0.94921875 0.01953125 0.01953125
0 0.15234375 0.953125 0.01953125 0.01953125
0 0.19140625 0.953125 0.01953125 0.01953125
0 0.1953125 0.953125 0.01953125 0.01953125
0 0.21484375 0.953125 0.01953125 0.01953125
0 0.21875 0.953125 0.01953125 0.01953125
0 0.21484375 0.95703125 0.01953125 0.01953125
0 0.21875 0.95703125 0.01953125 0.01953125
0 0.328125 0.95703125 0.01953125 0.01953125
0 0.15625 0.9609375 0.01953125 0.01953125
0 0.1953125 0.9609375 0.01953125 0.01953125
0 0.3046875 0.9609375 0.01953125 0.01953125
0 0.21875 0.96484375 0.01953125 0.01953125
0 0.3046875 0.96484375 0.01953125 0.01953125
0 0.16015625 0.96875 0.01953125 0.01953125
0 0.203125 0.96875 0.01953125 0.01953125
0 0.28125 0.96875 0.01953125 0.01953125
0 0.4140625 0.96875 0.01953125 0.01953125
0 0.4609375 0.96875 0.01953125 0.01953125
0 0.39453125 0.97265625 0.01953125 0.01953125
0 0.40625 0.97265625 0.01953125 0.01953125
0 0.21875 0.9765625 0.01953125 0.01953125
0 0.38671875 0.9765625 0.01953125 0.01953125
0 0.203125 0.98046875 0.01953125 0.01953125
0 0.37109375 0.98046875 0.01953125 0.01953125
0 0.16015625 0.984375 0.01953125 0.01953125
0 0.36328125 0.984375 0.01953125 0.01953125
0 0.2421875 0.98828125 0.01953125 0.01953125
0 0.24609375 0.98828125 0.01953125 0.01953125
0 0.34375 0.98828125 0.01953125 0.01953125
0 0.35546875 0.98828125 0.01953125 0.01953125
0 0.46875 0.98828125 0.01953125 0.01953125
0 0.16015625 0.9921875 0.01953125 0.01953125
0 0.33203125 0.9921875 0.01953125 0.01953125
0 0.1953125 0.99609375 0.01953125 0.01953125
0 0.3125 0.99609375 0.01953125 0.01953125
0 0.3203125 0.99609375 0.01953125 0.01953125
