0 0.25390625 0.02127659574468085 0.01953125 0.10638297872340426
0 0.38671875 0.02127659574468085 0.01953125 0.10638297872340426
0 0.390625 0.02127659574468085 0.01953125 0.10638297872340426
0 0.73828125 0.02127659574468085 0.01953125 0.10638297872340426
0 0.68359375 0.0425531914893617 0.01953125 0.10638297872340426
0 0.71875 0.06382978723404255 0.01953125 0.10638297872340426
0 0.39453125 0.0851063829787234 0.01953125 0.10638297872340426
0 0.69921875 0.0851063829787234 0.01953125 0.10638297872340426
0 0.69921875 0.10638297872340426 0.01953125 0.10638297872340426
0 0.6796875 0.1276595744680851 0.01953125 0.10638297872340426
0 0.65625 0.1702127659574468 0.01953125 0.10638297872340426
0 0.6328125 0.2127659574468085 0.01953125 0.10638297872340426
0 0.3515625 0.23404255319148937 0.01953125 0.10638297872340426
0 0.23828125 0.2765957446808511 0.01953125 0.10638297872340426
0 0.21875 0.2978723404255319 0.01953125 0.10638297872340426
0 0.48046875 0.2978723404255319 0.01953125 0.10638297872340426
0 0.19921875 0.3191489361702128 0.01953125 0.10638297872340426
0 0.1640625 0.3617021276595745 0.01953125 0.10638297872340426
0 0.16796875 0.3617021276595745 0.01953125 0.10638297872340426
0 0.1484375 0.3829787234042553 0.01953125 0.10638297872340426
0 0.125 0.40425531914893614 0.01953125 0.10638297872340426
0 0.12890625 0.40425531914893614 0.01953125 0.10638297872340426
0 0.125 0.425531914893617 0.01953125 0.10638297872340426
0 0.12890625 0.425531914893617 0.01953125 0.10638297872340426
0 0.10546875 0.44680851063829785 0.01953125 0.10638297872340426
0 0.57421875 0.48936170212765956 0.01953125 0.10638297872340426
0 0.578125 0.6170212765957447 0.01953125 0.10638297872340426
0 0.07421875 0.6595744680851063 0.01953125 0.10638297872340426
0 0.3671875 0.6595744680851063 0.01953125 0.10638297872340426
0 0.07421875 0.6808510638297872 0.01953125 0.10638297872340426
0 0.33203125 0.7021276595744681 0.01953125 0.10638297872340426
0 0.33203125 0.723404255319149 0.01953125 0.10638297872340426
0 0.3125 0.7659574468085106 0.01953125 0.10638297872340426
0 0.2890625 0.7872340425531915 0.01953125 0.10638297872340426
0 0.578125 0.9574468085106383 0.01953125 0.10638297872340426
