0 0.44140625 0.00390625 0.01953125 0.01953125
0 0.40234375 0.05078125 0.01953125 0.01953125
0 0.625 0.05078125 0.01953125 0.01953125
0 0.62890625 0.05078125 0.01953125 0.01953125
0 0.484375 0.19140625 0.01953125 0.01953125
0 0.5078125 0.2109375 0.01953125 0.01953125
0 0.3515625 0.25390625 0.01953125 0.01953125
0 0.39453125 0.2734375 0.01953125 0.01953125
0 0.5078125 0.2734375 0.01953125 0.01953125
0 0.453125 0.3046875 0.01953125 0.01953125
0 0.55078125 0.43359375 0.01953125 0.01953125
0 0.5546875 0.43359375 0.01953125 0.01953125
0 0.5 0.453125 0.01953125 0.01953125
0 0.33984375 0.47265625 0.01953125 0.01953125
0 0.44921875 0.484375 0.01953125 0.01953125
0 0.453125 0.484375 0.01953125 0.01953125
0 0.40625 0.53125 0.01953125 0.01953125
0 0.41015625 0.53125 0.01953125 0.01953125
0 0.02734375 0.59765625 0.01953125 0.01953125
0 0.234375 0.62109375 0.01953125 0.01953125
0 0.86328125 0.69140625 0.01953125 0.01953125
0 0.97265625 0.703125 0.01953125 0.01953125
0 0.19921875 0.72265625 0.01953125 0.01953125
0 0.19921875 0.7265625 0.01953125 0.01953125
0 0.84375 0.76953125 0.01953125 0.01953125
0 0.8203125 0.7890625 0.01953125 0.01953125
0 0.82421875 0.7890625 0.01953125 0.01953125
0 0.8203125 0.79296875 0.01953125 0.01953125
0 0.82421875 0.79296875 0.01953125 0.01953125
0 0.1796875 0.83203125 0.01953125 0.01953125
0 0.84375 0.8359375 0.01953125 0.01953125
0 0.84375 0.83984375 0.01953125 0.01953125
0 0.49609375 0.9140625 0.01953125 0.01953125
0 0.2421875 0.94140625 0.01953125 0.01953125
0 0.25 0.95703125 0.01953125 0.01953125
0 0.796875 0.984375 0.01953125 0.01953125
