0 0.7109375 0.015625 0.01953125 0.01953125
0 0.78515625 0.05078125 0.01953125 0.01953125
0 0.88671875 0.0625 0.01953125 0.01953125
0 0.77734375 0.1796875 0.01953125 0.01953125
0 0.3125 0.1953125 0.01953125 0.01953125
0 0.6796875 0.23828125 0.01953125 0.01953125
0 0.87890625 0.25390625 0.01953125 0.01953125
0 0.86328125 0.2578125 0.01953125 0.01953125
0 0.875 0.27734375 0.01953125 0.01953125
0 0.875 0.29296875 0.01953125 0.01953125
0 0.87109375 0.3125 0.01953125 0.01953125
0 0.87109375 0.328125 0.01953125 0.01953125
0 0.87109375 0.33203125 0.01953125 0.01953125
0 0.7734375 0.33984375 0.01953125 0.01953125
0 0.77734375 0.33984375 0.01953125 0.01953125
0 0.85546875 0.33984375 0.01953125 0.01953125
0 0.73828125 0.34375 0.01953125 0.01953125
0 0.85546875 0.34375 0.01953125 0.01953125
0 0.76171875 0.3515625 0.01953125 0.01953125
0 0.66796875 0.3828125 0.01953125 0.01953125
0 0.84375 0.38671875 0.01953125 0.01953125
0 0.7265625 0.41796875 0.01953125 0.01953125
0 0.7421875 0.4296875 0.01953125 0.01953125
0 0.84375 0.5 0.01953125 0.01953125
0 0.83203125 0.515625 0.01953125 0.01953125
0 0.85546875 0.55078125 0.01953125 0.01953125
0 0.859375 0.55078125 0.01953125 0.01953125
0 0.734375 0.5546875 0.01953125 0.01953125
0 0.85546875 0.5546875 0.01953125 0.01953125
0 0.859375 0.5546875 0.01953125 0.01953125
0 0.328125 0.57421875 0.01953125 0.01953125
0 0.328125 0.578125 0.01953125 0.01953125
0 0.01171875 0.58984375 0.01953125 0.01953125
0 0.015625 0.58984375 0.01953125 0.01953125
0 0.73046875 0.67578125 0.01953125 0.01953125
0 0.734375 0.67578125 0.01953125 0.01953125
0 0.4609375 0.7109375 0.01953125 0.01953125
0 0.46484375 0.7109375 0.01953125 0.01953125
0 0.44921875 0.71484375 0.01953125 0.01953125
0 0.19921875 0.71875 0.01953125 0.01953125
0 0.23828125 0.73046875 0.01953125 0.01953125
0 0.18359375 0.74609375 0.01953125 0.01953125
0 0.5 0.79296875 0.01953125 0.01953125
0 0.734375 0.79296875 0.01953125 0.01953125
0 0.65234375 0.796875 0.01953125 0.01953125
0 0.65625 0.796875 0.01953125 0.01953125
0 0.3203125 0.80859375 0.01953125 0.01953125
0 0.77734375 0.83984375 0.01953125 0.01953125
0 0.27734375 0.84765625 0.01953125 0.01953125
0 0.2578125 0.85546875 0.01953125 0.01953125
0 0.65625 0.85546875 0.01953125 0.01953125
0 0.23828125 0.89453125 0.01953125 0.01953125
0 0.30078125 0.8984375 0.01953125 0.01953125
0 0.30078125 0.90234375 0.01953125 0.01953125
0 0.8359375 0.91796875 0.01953125 0.01953125
0 0.51953125 0.9296875 0.01953125 0.01953125
0 0.1640625 0.94921875 0.01953125 0.01953125
0 0.7421875 0.94921875 0.01953125 0.01953125
0 0.25390625 0.95703125 0.01953125 0.01953125
0 0.53125 0.95703125 0.01953125 0.01953125
0 0.53515625 0.95703125 0.01953125 0.01953125
0 0.66796875 0.97265625 0.01953125 0.01953125
0 0.140625 0.98046875 0.01953125 0.01953125
