0 0.81640625 0.015625 0.01953125 0.01953125
0 0.62890625 0.03515625 0.01953125 0.01953125
0 0.83203125 0.04296875 0.01953125 0.01953125
0 0.94140625 0.0546875 0.01953125 0.01953125
0 0.94140625 0.05859375 0.01953125 0.01953125
0 0.9921875 0.078125 0.01953125 0.01953125
0 0.984375 0.11328125 0.01953125 0.01953125
0 0.05078125 0.1171875 0.01953125 0.01953125
0 0.0234375 0.12109375 0.01953125 0.01953125
0 0.04296875 0.12109375 0.01953125 0.01953125
0 0.05078125 0.12109375 0.01953125 0.01953125
0 0.0625 0.12109375 0.01953125 0.01953125
0 0.07421875 0.12109375 0.01953125 0.01953125
0 0.08203125 0.12109375 0.01953125 0.01953125
0 0.08984375 0.12109375 0.01953125 0.01953125
0 0.09375 0.12109375 0.01953125 0.01953125
0 0.1015625 0.12109375 0.01953125 0.01953125
0 0.00390625 0.12890625 0.01953125 0.01953125
0 0.0546875 0.17578125 0.01953125 0.01953125
0 0.0234375 0.1796875 0.01953125 0.01953125
0 0.03515625 0.1796875 0.01953125 0.01953125
0 0.04296875 0.1796875 0.01953125 0.01953125
0 0.0625 0.1796875 0.01953125 0.01953125
0 0.0703125 0.1796875 0.01953125 0.01953125
0 0.07421875 0.1796875 0.01953125 0.01953125
0 0.08203125 0.1796875 0.01953125 0.01953125
0 0.08984375 0.1796875 0.01953125 0.01953125
0 0.1015625 0.1796875 0.01953125 0.01953125
0 0.0234375 0.18359375 0.01953125 0.01953125
0 0.23046875 0.1875 0.01953125 0.01953125
0 0.61328125 0.19140625 0.01953125 0.01953125
0 0.61328125 0.1953125 0.01953125 0.01953125
0 0.00390625 0.19921875 0.01953125 0.01953125
0 0.015625 0.19921875 0.01953125 0.01953125
0 0.0234375 0.19921875 0.01953125 0.01953125
0 0.03125 0.19921875 0.01953125 0.01953125
0 0.05078125 0.19921875 0.01953125 0.01953125
0 0.0546875 0.19921875 0.01953125 0.01953125
0 0.0625 0.19921875 0.01953125 0.01953125
0 0.0703125 0.19921875 0.01953125 0.01953125
0 0.08203125 0.19921875 0.01953125 0.01953125
0 0.1015625 0.19921875 0.01953125 0.01953125
0 0.00390625 0.203125 0.01953125 0.01953125
0 0.04296875 0.203125 0.01953125 0.01953125
0 0.08984375 0.203125 0.01953125 0.01953125
0 0.875 0.2421875 0.01953125 0.01953125
0 0.28125 0.24609375 0.01953125 0.01953125
0 0.07421875 0.25 0.01953125 0.01953125
0 0.00390625 0.25390625 0.01953125 0.01953125
0 0.015625 0.25390625 0.01953125 0.01953125
0 0.03125 0.25390625 0.01953125 0.01953125
0 0.0546875 0.25390625 0.01953125 0.01953125
0 0.07421875 0.25390625 0.01953125 0.01953125
0 0.09765625 0.25390625 0.01953125 0.01953125
0 0.0234375 0.2578125 0.01953125 0.01953125
0 0.0546875 0.2578125 0.01953125 0.01953125
0 0.0625 0.2578125 0.01953125 0.01953125
0 0.09765625 0.2578125 0.01953125 0.01953125
0 0.25390625 0.2734375 0.01953125 0.01953125
0 0.40234375 0.2734375 0.01953125 0.01953125
0 0.40234375 0.27734375 0.01953125 0.01953125
0 0.65234375 0.29296875 0.01953125 0.01953125
0 0.953125 0.29296875 0.01953125 0.01953125
0 0.89453125 0.34765625 0.01953125 0.01953125
0 0.8984375 0.34765625 0.01953125 0.01953125
0 0.9296875 0.390625 0.01953125 0.01953125
0 0.9296875 0.39453125 0.01953125 0.01953125
0 0.4140625 0.4765625 0.01953125 0.01953125
0 0.3359375 0.48828125 0.01953125 0.01953125
0 0.359375 0.48828125 0.01953125 0.01953125
0 0.36328125 0.48828125 0.01953125 0.01953125
0 0.3359375 0.4921875 0.01953125 0.01953125
0 0.359375 0.4921875 0.01953125 0.01953125
0 0.36328125 0.4921875 0.01953125 0.01953125
0 0.55078125 0.5 0.01953125 0.01953125
0 0.5390625 0.54296875 0.01953125 0.01953125
0 0.6328125 0.60546875 0.01953125 0.01953125
0 0.71875 0.62109375 0.01953125 0.01953125
0 0.8359375 0.62109375 0.01953125 0.01953125
0 0.83984375 0.62109375 0.01953125 0.01953125
0 0.6328125 0.6328125 0.01953125 0.01953125
0 0.265625 0.63671875 0.01953125 0.01953125
0 0.265625 0.640625 0.01953125 0.01953125
0 0.34765625 0.6953125 0.01953125 0.01953125
0 0.84375 0.6953125 0.01953125 0.01953125
0 0.75 0.703125 0.01953125 0.01953125
0 0.1484375 0.734375 0.01953125 0.01953125
0 0.9765625 0.78125 0.01953125 0.01953125
0 0.56640625 0.78515625 0.01953125 0.01953125
0 0.13671875 0.8046875 0.01953125 0.01953125
0 0.39453125 0.8046875 0.01953125 0.01953125
0 0.6640625 0.8046875 0.01953125 0.01953125
0 0.625 0.86328125 0.01953125 0.01953125
0 0.22265625 0.8984375 0.01953125 0.01953125
0 0.7734375 0.8984375 0.01953125 0.01953125
0 0.46875 0.91015625 0.01953125 0.01953125
0 0.6015625 0.9140625 0.01953125 0.01953125
0 0.60546875 0.9140625 0.01953125 0.01953125
0 0.421875 0.94921875 0.01953125 0.01953125
0 0.42578125 0.94921875 0.01953125 0.01953125
0 0.4296875 0.95703125 0.01953125 0.01953125
0 0.25 0.9765625 0.01953125 0.01953125
0 0.42578125 0.9921875 0.01953125 0.01953125
