0 0.7788944723618091 0.0078125 0.02512562814070352 0.01953125
0 0.7839195979899497 0.0078125 0.02512562814070352 0.01953125
0 0.7989949748743719 0.0078125 0.02512562814070352 0.01953125
0 0.8190954773869347 0.01171875 0.02512562814070352 0.01953125
0 0.864321608040201 0.0234375 0.02512562814070352 0.01953125
0 0.8743718592964824 0.0234375 0.02512562814070352 0.01953125
0 0.8894472361809045 0.02734375 0.02512562814070352 0.01953125
0 0.9396984924623115 0.03515625 0.02512562814070352 0.01953125
0 0.949748743718593 0.03515625 0.02512562814070352 0.01953125
0 0.38190954773869346 0.0390625 0.02512562814070352 0.01953125
0 0.3869346733668342 0.0390625 0.02512562814070352 0.01953125
0 0.949748743718593 0.0390625 0.02512562814070352 0.01953125
0 0.5778894472361809 0.0546875 0.02512562814070352 0.01953125
0 0.5728643216080402 0.06640625 0.02512562814070352 0.01953125
0 0.41708542713567837 0.0703125 0.02512562814070352 0.01953125
0 0.5728643216080402 0.0703125 0.02512562814070352 0.01953125
0 0.6130653266331658 0.0859375 0.02512562814070352 0.01953125
0 0.628140703517588 0.09375 0.02512562814070352 0.01953125
0 0.4120603015075377 0.09765625 0.02512562814070352 0.01953125
0 0.40703517587939697 0.11328125 0.02512562814070352 0.01953125
0 0.7286432160804021 0.12890625 0.02512562814070352 0.01953125
0 0.7336683417085427 0.12890625 0.02512562814070352 0.01953125
0 0.7386934673366834 0.12890625 0.02512562814070352 0.01953125
0 0.7437185929648241 0.12890625 0.02512562814070352 0.01953125
0 0.7688442211055276 0.12890625 0.02512562814070352 0.01953125
0 0.7839195979899497 0.12890625 0.02512562814070352 0.01953125
0 0.8090452261306532 0.12890625 0.02512562814070352 0.01953125
0 0.7286432160804021 0.1328125 0.02512562814070352 0.01953125
0 0.7336683417085427 0.1328125 0.02512562814070352 0.01953125
0 0.7537688442211056 0.1328125 0.02512562814070352 0.01953125
0 0.7587939698492462 0.1328125 0.02512562814070352 0.01953125
0 0.7939698492462312 0.1328125 0.02512562814070352 0.01953125
0 0.7989949748743719 0.1328125 0.02512562814070352 0.01953125
0 0.8090452261306532 0.1328125 0.02512562814070352 0.01953125
0 0.8241206030150754 0.1328125 0.02512562814070352 0.01953125
0 0.8241206030150754 0.13671875 0.02512562814070352 0.01953125
0 0.592964824120603 0.14453125 0.02512562814070352 0.01953125
0 0.8090452261306532 0.19140625 0.02512562814070352 0.01953125
0 0.9396984924623115 0.1953125 0.02512562814070352 0.01953125
0 0.8391959798994975 0.19921875 0.02512562814070352 0.01953125
0 0.8442211055276382 0.19921875 0.02512562814070352 0.01953125
0 0.8743718592964824 0.203125 0.02512562814070352 0.01953125
0 0.8743718592964824 0.20703125 0.02512562814070352 0.01953125
0 0.9045226130653267 0.2109375 0.02512562814070352 0.01953125
0 0.4321608040201005 0.23828125 0.02512562814070352 0.01953125
0 0.4371859296482412 0.23828125 0.02512562814070352 0.01953125
0 0.6532663316582915 0.30859375 0.02512562814070352 0.01953125
0 0.6180904522613065 0.35546875 0.02512562814070352 0.01953125
0 0.9396984924623115 0.390625 0.02512562814070352 0.01953125
0 0.3869346733668342 0.48828125 0.02512562814070352 0.01953125
0 0.8944723618090452 0.48828125 0.02512562814070352 0.01953125
0 0.8994974874371859 0.48828125 0.02512562814070352 0.01953125
0 0.7688442211055276 0.49609375 0.02512562814070352 0.01953125
0 0.1507537688442211 0.5 0.02512562814070352 0.01953125
0 0.05527638190954774 0.51953125 0.02512562814070352 0.01953125
0 0.06030150753768844 0.51953125 0.02512562814070352 0.01953125
0 0.9899497487437185 0.85546875 0.02512562814070352 0.01953125
0 0.9949748743718593 0.85546875 0.02512562814070352 0.01953125
0 0.9748743718592965 0.875 0.02512562814070352 0.01953125
0 0.9597989949748744 0.90234375 0.02512562814070352 0.01953125
0 0.9346733668341709 0.9296875 0.02512562814070352 0.01953125
0 0.914572864321608 0.94921875 0.02512562814070352 0.01953125
0 0.3869346733668342 0.96484375 0.02512562814070352 0.01953125
0 0.9949748743718593 0.96875 0.02512562814070352 0.01953125
0 0.8894472361809045 0.97265625 0.02512562814070352 0.01953125
0 0.8944723618090452 0.97265625 0.02512562814070352 0.01953125
0 0.8693467336683417 0.9921875 0.02512562814070352 0.01953125
0 0.9698492462311558 0.9921875 0.02512562814070352 0.01953125
