0 0.9547738693467337 0.01171875 0.02512562814070352 0.01953125
0 0.9849246231155779 0.01171875 0.02512562814070352 0.01953125
0 0.2864321608040201 0.01953125 0.02512562814070352 0.01953125
0 0.2914572864321608 0.01953125 0.02512562814070352 0.01953125
0 0.9296482412060302 0.03125 0.02512562814070352 0.01953125
0 0.964824120603015 0.03125 0.02512562814070352 0.01953125
0 0.9698492462311558 0.03125 0.02512562814070352 0.01953125
0 0.949748743718593 0.046875 0.02512562814070352 0.01953125
0 0.9949748743718593 0.06640625 0.02512562814070352 0.01953125
0 0.9949748743718593 0.07421875 0.02512562814070352 0.01953125
0 0.9949748743718593 0.078125 0.02512562814070352 0.01953125
0 0.9748743718592965 0.08203125 0.02512562814070352 0.01953125
0 0.9748743718592965 0.0859375 0.02512562814070352 0.01953125
0 0.9949748743718593 0.0859375 0.02512562814070352 0.01953125
0 0.8442211055276382 0.09765625 0.02512562814070352 0.01953125
0 0.9698492462311558 0.09765625 0.02512562814070352 0.01953125
0 0.9949748743718593 0.09765625 0.02512562814070352 0.01953125
0 0.8793969849246231 0.10546875 0.02512562814070352 0.01953125
0 0.9698492462311558 0.10546875 0.02512562814070352 0.01953125
0 0.9899497487437185 0.10546875 0.02512562814070352 0.01953125
0 0.9949748743718593 0.10546875 0.02512562814070352 0.01953125
0 0.9899497487437185 0.109375 0.02512562814070352 0.01953125
0 0.9949748743718593 0.109375 0.02512562814070352 0.01953125
0 0.8592964824120602 0.1171875 0.02512562814070352 0.01953125
0 0.864321608040201 0.1171875 0.02512562814070352 0.01953125
0 0.9698492462311558 0.1171875 0.02512562814070352 0.01953125
0 0.9949748743718593 0.1171875 0.02512562814070352 0.01953125
0 0.8241206030150754 0.12109375 0.02512562814070352 0.01953125
0 0.8592964824120602 0.12109375 0.02512562814070352 0.01953125
0 0.864321608040201 0.12109375 0.02512562814070352 0.01953125
0 0.9748743718592965 0.125 0.02512562814070352 0.01953125
0 0.010050251256281407 0.12890625 0.02512562814070352 0.01953125
0 0.9748743718592965 0.12890625 0.02512562814070352 0.01953125
0 0.9899497487437185 0.12890625 0.02512562814070352 0.01953125
0 0.9949748743718593 0.12890625 0.02512562814070352 0.01953125
0 0.010050251256281407 0.1328125 0.02512562814070352 0.01953125
0 0.1407035175879397 0.13671875 0.02512562814070352 0.01953125
0 0.7989949748743719 0.13671875 0.02512562814070352 0.01953125
0 0.8442211055276382 0.13671875 0.02512562814070352 0.01953125
0 0.9748743718592965 0.13671875 0.02512562814070352 0.01953125
0 0.9949748743718593 0.13671875 0.02512562814070352 0.01953125
0 0.005025125628140704 0.140625 0.02512562814070352 0.01953125
0 0.1407035175879397 0.140625 0.02512562814070352 0.01953125
0 0.7989949748743719 0.140625 0.02512562814070352 0.01953125
0 0.8994974874371859 0.140625 0.02512562814070352 0.01953125
0 0.9045226130653267 0.140625 0.02512562814070352 0.01953125
0 0.9698492462311558 0.1484375 0.02512562814070352 0.01953125
0 0.9949748743718593 0.1484375 0.02512562814070352 0.01953125
0 0.9045226130653267 0.15234375 0.02512562814070352 0.01953125
0 0.37185929648241206 0.15625 0.02512562814070352 0.01953125
0 0.9698492462311558 0.15625 0.02512562814070352 0.01953125
0 0.9949748743718593 0.15625 0.02512562814070352 0.01953125
0 0.7839195979899497 0.16015625 0.02512562814070352 0.01953125
0 0.9949748743718593 0.16015625 0.02512562814070352 0.01953125
0 0.005025125628140704 0.1640625 0.02512562814070352 0.01953125
0 0.8844221105527639 0.1640625 0.02512562814070352 0.01953125
0 0.9095477386934674 0.1640625 0.02512562814070352 0.01953125
0 0.8190954773869347 0.16796875 0.02512562814070352 0.01953125
0 0.9949748743718593 0.16796875 0.02512562814070352 0.01953125
0 0.8793969849246231 0.171875 0.02512562814070352 0.01953125
0 0.9095477386934674 0.171875 0.02512562814070352 0.01953125
0 0.1658291457286432 0.17578125 0.02512562814070352 0.01953125
0 0.18090452261306533 0.17578125 0.02512562814070352 0.01953125
0 0.19597989949748743 0.17578125 0.02512562814070352 0.01953125
0 0.7437185929648241 0.17578125 0.02512562814070352 0.01953125
0 0.7487437185929648 0.17578125 0.02512562814070352 0.01953125
0 0.7688442211055276 0.17578125 0.02512562814070352 0.01953125
0 0.964824120603015 0.17578125 0.02512562814070352 0.01953125
0 0.7437185929648241 0.1796875 0.02512562814070352 0.01953125
0 0.7487437185929648 0.1796875 0.02512562814070352 0.01953125
0 0.8140703517587939 0.1796875 0.02512562814070352 0.01953125
0 0.8190954773869347 0.1796875 0.02512562814070352 0.01953125
0 0.964824120603015 0.1796875 0.02512562814070352 0.01953125
0 0.9899497487437185 0.1796875 0.02512562814070352 0.01953125
0 0.06030150753768844 0.18359375 0.02512562814070352 0.01953125
0 0.8844221105527639 0.18359375 0.02512562814070352 0.01953125
0 0.9095477386934674 0.18359375 0.02512562814070352 0.01953125
0 0.9698492462311558 0.1875 0.02512562814070352 0.01953125
0 0.9949748743718593 0.1875 0.02512562814070352 0.01953125
0 0.8140703517587939 0.19140625 0.02512562814070352 0.01953125
0 0.8844221105527639 0.19140625 0.02512562814070352 0.01953125
0 0.7537688442211056 0.1953125 0.02512562814070352 0.01953125
0 0.8844221105527639 0.1953125 0.02512562814070352 0.01953125
0 0.9095477386934674 0.1953125 0.02512562814070352 0.01953125
0 0.964824120603015 0.19921875 0.02512562814070352 0.01953125
0 0.9899497487437185 0.19921875 0.02512562814070352 0.01953125
0 0.8190954773869347 0.203125 0.02512562814070352 0.01953125
0 0.8844221105527639 0.203125 0.02512562814070352 0.01953125
0 0.9095477386934674 0.203125 0.02512562814070352 0.01953125
0 0.9698492462311558 0.20703125 0.02512562814070352 0.01953125
0 0.9899497487437185 0.20703125 0.02512562814070352 0.01953125
0 0.8140703517587939 0.2109375 0.02512562814070352 0.01953125
0 0.10552763819095477 0.21484375 0.02512562814070352 0.01953125
0 0.7386934673366834 0.21484375 0.02512562814070352 0.01953125
0 0.8844221105527639 0.21484375 0.02512562814070352 0.01953125
0 0.9045226130653267 0.21484375 0.02512562814070352 0.01953125
0 0.9095477386934674 0.21484375 0.02512562814070352 0.01953125
0 0.9698492462311558 0.21875 0.02512562814070352 0.01953125
0 0.9949748743718593 0.21875 0.02512562814070352 0.01953125
0 0.8190954773869347 0.22265625 0.02512562814070352 0.01953125
0 0.8793969849246231 0.22265625 0.02512562814070352 0.01953125
0 0.9095477386934674 0.2265625 0.02512562814070352 0.01953125
0 0.9698492462311558 0.2265625 0.02512562814070352 0.01953125
0 0.1658291457286432 0.23046875 0.02512562814070352 0.01953125
0 0.8140703517587939 0.23046875 0.02512562814070352 0.01953125
0 0.8190954773869347 0.23046875 0.02512562814070352 0.01953125
0 0.9899497487437185 0.23046875 0.02512562814070352 0.01953125
0 0.1658291457286432 0.234375 0.02512562814070352 0.01953125
0 0.7286432160804021 0.234375 0.02512562814070352 0.01953125
0 0.7336683417085427 0.234375 0.02512562814070352 0.01953125
0 0.8793969849246231 0.234375 0.02512562814070352 0.01953125
0 0.9045226130653267 0.234375 0.02512562814070352 0.01953125
0 0.9045226130653267 0.23828125 0.02512562814070352 0.01953125
0 0.964824120603015 0.23828125 0.02512562814070352 0.01953125
0 0.8190954773869347 0.2421875 0.02512562814070352 0.01953125
0 0.8793969849246231 0.24609375 0.02512562814070352 0.01953125
0 0.8190954773869347 0.25390625 0.02512562814070352 0.01953125
0 0.7185929648241206 0.2578125 0.02512562814070352 0.01953125
0 0.8140703517587939 0.26171875 0.02512562814070352 0.01953125
0 0.8140703517587939 0.2734375 0.02512562814070352 0.01953125
0 0.7085427135678392 0.27734375 0.02512562814070352 0.01953125
0 0.8140703517587939 0.28515625 0.02512562814070352 0.01953125
0 0.9949748743718593 0.28515625 0.02512562814070352 0.01953125
0 0.9296482412060302 0.2890625 0.02512562814070352 0.01953125
0 0.9447236180904522 0.2890625 0.02512562814070352 0.01953125
0 0.9547738693467337 0.2890625 0.02512562814070352 0.01953125
0 0.9597989949748744 0.2890625 0.02512562814070352 0.01953125
0 0.9698492462311558 0.2890625 0.02512562814070352 0.01953125
0 0.9798994974874372 0.2890625 0.02512562814070352 0.01953125
0 0.9949748743718593 0.2890625 0.02512562814070352 0.01953125
0 0.1306532663316583 0.29296875 0.02512562814070352 0.01953125
0 0.8793969849246231 0.29296875 0.02512562814070352 0.01953125
0 0.8894472361809045 0.29296875 0.02512562814070352 0.01953125
0 0.9045226130653267 0.29296875 0.02512562814070352 0.01953125
0 0.914572864321608 0.29296875 0.02512562814070352 0.01953125
0 0.9296482412060302 0.29296875 0.02512562814070352 0.01953125
0 0.9447236180904522 0.29296875 0.02512562814070352 0.01953125
0 0.864321608040201 0.296875 0.02512562814070352 0.01953125
0 0.8391959798994975 0.30078125 0.02512562814070352 0.01953125
0 0.8492462311557789 0.30078125 0.02512562814070352 0.01953125
0 0.8542713567839196 0.30078125 0.02512562814070352 0.01953125
0 0.08040201005025126 0.32421875 0.02512562814070352 0.01953125
0 0.8040201005025126 0.35546875 0.02512562814070352 0.01953125
0 0.5527638190954773 0.40234375 0.02512562814070352 0.01953125
0 0.5226130653266332 0.40625 0.02512562814070352 0.01953125
0 0.48743718592964824 0.41015625 0.02512562814070352 0.01953125
0 0.7085427135678392 0.68359375 0.02512562814070352 0.01953125
0 0.7487437185929648 0.6875 0.02512562814070352 0.01953125
0 0.7487437185929648 0.69140625 0.02512562814070352 0.01953125
0 0.8944723618090452 0.78515625 0.02512562814070352 0.01953125
0 0.678391959798995 0.79296875 0.02512562814070352 0.01953125
0 0.6834170854271356 0.79296875 0.02512562814070352 0.01953125
0 0.7236180904522613 0.81640625 0.02512562814070352 0.01953125
0 0.7286432160804021 0.81640625 0.02512562814070352 0.01953125
0 0.964824120603015 0.82421875 0.02512562814070352 0.01953125
0 0.6934673366834171 0.859375 0.02512562814070352 0.01953125
0 0.6834170854271356 0.86328125 0.02512562814070352 0.01953125
0 0.6683417085427136 0.8671875 0.02512562814070352 0.01953125
0 0.32663316582914576 0.87109375 0.02512562814070352 0.01953125
0 0.7889447236180904 0.8828125 0.02512562814070352 0.01953125
0 0.7889447236180904 0.88671875 0.02512562814070352 0.01953125
0 0.7487437185929648 0.90234375 0.02512562814070352 0.01953125
0 0.6934673366834171 0.9140625 0.02512562814070352 0.01953125
0 0.7236180904522613 0.9140625 0.02512562814070352 0.01953125
0 0.7286432160804021 0.9140625 0.02512562814070352 0.01953125
0 0.9698492462311558 0.921875 0.02512562814070352 0.01953125
0 0.6683417085427136 0.9375 0.02512562814070352 0.01953125
0 0.9698492462311558 0.95703125 0.02512562814070352 0.01953125
0 0.6733668341708543 0.97265625 0.02512562814070352 0.01953125
0 0.9246231155778895 0.98828125 0.02512562814070352 0.01953125
0 0.9396984924623115 0.99609375 0.02512562814070352 0.01953125
