0 0.875 0.005025125628140704 0.01953125 0.02512562814070352
0 0.15234375 0.010050251256281407 0.01953125 0.02512562814070352
0 0.15625 0.010050251256281407 0.01953125 0.02512562814070352
0 0.90625 0.02512562814070352 0.01953125 0.02512562814070352
0 0.3359375 0.08542713567839195 0.01953125 0.02512562814070352
0 0.58203125 0.09547738693467336 0.01953125 0.02512562814070352
0 0.5859375 0.09547738693467336 0.01953125 0.02512562814070352
0 0.1171875 0.11055276381909548 0.01953125 0.02512562814070352
0 0.12109375 0.11055276381909548 0.01953125 0.02512562814070352
0 0.34375 0.11055276381909548 0.01953125 0.02512562814070352
0 0.60546875 0.1306532663316583 0.01953125 0.02512562814070352
0 0.22265625 0.1708542713567839 0.01953125 0.02512562814070352
0 0.22265625 0.17587939698492464 0.01953125 0.02512562814070352
0 0.1796875 0.18592964824120603 0.01953125 0.02512562814070352
0 0.99609375 0.19095477386934673 0.01953125 0.02512562814070352
0 0.99609375 0.19597989949748743 0.01953125 0.02512562814070352
0 0.1640625 0.20603015075376885 0.01953125 0.02512562814070352
0 0.44921875 0.20603015075376885 0.01953125 0.02512562814070352
0 0.1640625 0.21105527638190955 0.01953125 0.02512562814070352
0 0.08203125 0.2663316582914573 0.01953125 0.02512562814070352
0 0.140625 0.2663316582914573 0.01953125 0.02512562814070352
0 0.1640625 0.2814070351758794 0.01953125 0.02512562814070352
0 0.8125 0.2964824120603015 0.01953125 0.02512562814070352
0 0.71484375 0.3065326633165829 0.01953125 0.02512562814070352
0 0.55078125 0.33668341708542715 0.01953125 0.02512562814070352
0 0.4375 0.4371859296482412 0.01953125 0.02512562814070352
0 0.53125 0.4623115577889447 0.01953125 0.02512562814070352
0 0.24609375 0.49246231155778897 0.01953125 0.02512562814070352
0 0.24609375 0.49748743718592964 0.01953125 0.02512562814070352
0 0.29296875 0.49748743718592964 0.01953125 0.02512562814070352
0 0.71875 0.5025125628140703 0.01953125 0.02512562814070352
0 0.73046875 0.5577889447236181 0.01953125 0.02512562814070352
0 0.68359375 0.5879396984924623 0.01953125 0.02512562814070352
0 0.72265625 0.5879396984924623 0.01953125 0.02512562814070352
0 0.07421875 0.592964824120603 0.01953125 0.02512562814070352
0 0.078125 0.592964824120603 0.01953125 0.02512562814070352
0 0.171875 0.6130653266331658 0.01953125 0.02512562814070352
0 0.4140625 0.7236180904522613 0.01953125 0.02512562814070352
0 0.6328125 0.7286432160804021 0.01953125 0.02512562814070352
0 0.6328125 0.7336683417085427 0.01953125 0.02512562814070352
0 0.05078125 0.7537688442211056 0.01953125 0.02512562814070352
0 0.0546875 0.7537688442211056 0.01953125 0.02512562814070352
0 0.36328125 0.7587939698492462 0.01953125 0.02512562814070352
0 0.40234375 0.7738693467336684 0.01953125 0.02512562814070352
0 0.4453125 0.7788944723618091 0.01953125 0.02512562814070352
0 0.3828125 0.8040201005025126 0.01953125 0.02512562814070352
0 0.34375 0.8542713567839196 0.01953125 0.02512562814070352
0 0.3671875 0.8944723618090452 0.01953125 0.02512562814070352
0 0.375 0.9045226130653267 0.01953125 0.02512562814070352
0 0.57421875 0.9849246231155779 0.01953125 0.02512562814070352
