0 0.15234375 0.2613065326633166 0.01953125 0.02512562814070352
0 0.15625 0.2613065326633166 0.01953125 0.02512562814070352
0 0.01953125 0.3015075376884422 0.01953125 0.02512562814070352
0 0.0234375 0.3015075376884422 0.01953125 0.02512562814070352
0 0.19921875 0.40703517587939697 0.01953125 0.02512562814070352
0 0.203125 0.40703517587939697 0.01953125 0.02512562814070352
0 0.6015625 0.45226130653266333 0.01953125 0.02512562814070352
0 0.19140625 0.4723618090452261 0.01953125 0.02512562814070352
0 0.078125 0.47738693467336685 0.01953125 0.02512562814070352
0 0.09765625 0.507537688442211 0.01953125 0.02512562814070352
0 0.1015625 0.507537688442211 0.01953125 0.02512562814070352
0 0.18359375 0.5175879396984925 0.01953125 0.02512562814070352
0 0.1875 0.5175879396984925 0.01953125 0.02512562814070352
0 0.2421875 0.5678391959798995 0.01953125 0.02512562814070352
0 0.08984375 0.5829145728643216 0.01953125 0.02512562814070352
0 0.98828125 0.5879396984924623 0.01953125 0.02512562814070352
0 0.9921875 0.5879396984924623 0.01953125 0.02512562814070352
0 0.140625 0.628140703517588 0.01953125 0.02512562814070352
0 0.24609375 0.6432160804020101 0.01953125 0.02512562814070352
0 0.9765625 0.6532663316582915 0.01953125 0.02512562814070352
0 0.9765625 0.678391959798995 0.01953125 0.02512562814070352
0 0.98046875 0.678391959798995 0.01953125 0.02512562814070352
0 0.9765625 0.7185929648241206 0.01953125 0.02512562814070352
0 0.9765625 0.7437185929648241 0.01953125 0.02512562814070352
0 0.15625 0.7537688442211056 0.01953125 0.02512562814070352
0 0.98046875 0.7587939698492462 0.01953125 0.02512562814070352
0 0.84765625 0.7638190954773869 0.01953125 0.02512562814070352
0 0.9765625 0.7738693467336684 0.01953125 0.02512562814070352
0 0.6171875 0.7939698492462312 0.01953125 0.02512562814070352
0 0.15234375 0.8492462311557789 0.01953125 0.02512562814070352
0 0.2109375 0.8693467336683417 0.01953125 0.02512562814070352
0 0.3125 0.8844221105527639 0.01953125 0.02512562814070352
0 0.62890625 0.9195979899497487 0.01953125 0.02512562814070352
0 0.6328125 0.9195979899497487 0.01953125 0.02512562814070352
0 0.19140625 0.9597989949748744 0.01953125 0.02512562814070352
