0 0.78125 0.05078125 0.01953125 0.01953125
0 0.08203125 0.08984375 0.01953125 0.01953125
0 0.90234375 0.1640625 0.01953125 0.01953125
0 0.23828125 0.20703125 0.01953125 0.01953125
0 0.0234375 0.50390625 0.01953125 0.01953125
0 0.1015625 0.5078125 0.01953125 0.01953125
0 0.24609375 0.515625 0.01953125 0.01953125
0 0.90234375 0.53515625 0.01953125 0.01953125
0 0.6328125 0.54296875 0.01953125 0.01953125
0 0.4609375 0.546875 0.01953125 0.01953125
0 0.703125 0.55078125 0.01953125 0.01953125
0 0.26953125 0.6484375 0.01953125 0.01953125
0 0.4296875 0.8984375 0.01953125 0.01953125
