0 0.8592964824120602 0.03015075376884422 0.02512562814070352 0.02512562814070352
0 0.864321608040201 0.03015075376884422 0.02512562814070352 0.02512562814070352
0 0.8592964824120602 0.035175879396984924 0.02512562814070352 0.02512562814070352
0 0.864321608040201 0.035175879396984924 0.02512562814070352 0.02512562814070352
0 0.6633165829145728 0.08040201005025126 0.02512562814070352 0.02512562814070352
0 0.8693467336683417 0.09547738693467336 0.02512562814070352 0.02512562814070352
0 0.6633165829145728 0.11557788944723618 0.02512562814070352 0.02512562814070352
0 0.7537688442211056 0.12060301507537688 0.02512562814070352 0.02512562814070352
0 0.864321608040201 0.135678391959799 0.02512562814070352 0.02512562814070352
0 0.8693467336683417 0.135678391959799 0.02512562814070352 0.02512562814070352
0 0.5979899497487438 0.1507537688442211 0.02512562814070352 0.02512562814070352
0 0.6030150753768844 0.1507537688442211 0.02512562814070352 0.02512562814070352
0 0.864321608040201 0.1507537688442211 0.02512562814070352 0.02512562814070352
0 0.5979899497487438 0.15577889447236182 0.02512562814070352 0.02512562814070352
0 0.6030150753768844 0.15577889447236182 0.02512562814070352 0.02512562814070352
0 0.8391959798994975 0.20100502512562815 0.02512562814070352 0.02512562814070352
0 0.8090452261306532 0.21105527638190955 0.02512562814070352 0.02512562814070352
0 0.8391959798994975 0.21608040201005024 0.02512562814070352 0.02512562814070352
0 0.8391959798994975 0.22110552763819097 0.02512562814070352 0.02512562814070352
0 0.9246231155778895 0.22613065326633167 0.02512562814070352 0.02512562814070352
0 0.8391959798994975 0.23618090452261306 0.02512562814070352 0.02512562814070352
0 0.6030150753768844 0.24623115577889448 0.02512562814070352 0.02512562814070352
0 0.271356783919598 0.25125628140703515 0.02512562814070352 0.02512562814070352
0 0.8391959798994975 0.2562814070351759 0.02512562814070352 0.02512562814070352
0 0.271356783919598 0.271356783919598 0.02512562814070352 0.02512562814070352
0 0.27638190954773867 0.271356783919598 0.02512562814070352 0.02512562814070352
0 0.8341708542713567 0.271356783919598 0.02512562814070352 0.02512562814070352
0 0.864321608040201 0.36683417085427134 0.02512562814070352 0.02512562814070352
0 0.9246231155778895 0.41708542713567837 0.02512562814070352 0.02512562814070352
0 0.9195979899497487 0.5125628140703518 0.02512562814070352 0.02512562814070352
0 0.9246231155778895 0.5125628140703518 0.02512562814070352 0.02512562814070352
0 0.03015075376884422 0.5879396984924623 0.02512562814070352 0.02512562814070352
0 0.04020100502512563 0.6180904522613065 0.02512562814070352 0.02512562814070352
0 0.035175879396984924 0.6331658291457286 0.02512562814070352 0.02512562814070352
0 0.8391959798994975 0.7035175879396985 0.02512562814070352 0.02512562814070352
0 0.8894472361809045 0.7035175879396985 0.02512562814070352 0.02512562814070352
0 0.9396984924623115 0.7035175879396985 0.02512562814070352 0.02512562814070352
0 0.9547738693467337 0.7035175879396985 0.02512562814070352 0.02512562814070352
0 0.9798994974874372 0.7035175879396985 0.02512562814070352 0.02512562814070352
0 0.9849246231155779 0.7035175879396985 0.02512562814070352 0.02512562814070352
0 0.9396984924623115 0.7085427135678392 0.02512562814070352 0.02512562814070352
0 0.9547738693467337 0.7085427135678392 0.02512562814070352 0.02512562814070352
0 0.035175879396984924 0.7135678391959799 0.02512562814070352 0.02512562814070352
0 0.035175879396984924 0.7386934673366834 0.02512562814070352 0.02512562814070352
0 0.035175879396984924 0.7537688442211056 0.02512562814070352 0.02512562814070352
0 0.035175879396984924 0.7788944723618091 0.02512562814070352 0.02512562814070352
0 0.03015075376884422 0.7889447236180904 0.02512562814070352 0.02512562814070352
0 0.03015075376884422 0.7939698492462312 0.02512562814070352 0.02512562814070352
0 0.035175879396984924 0.8190954773869347 0.02512562814070352 0.02512562814070352
0 0.03015075376884422 0.8592964824120602 0.02512562814070352 0.02512562814070352
0 0.035175879396984924 0.8592964824120602 0.02512562814070352 0.02512562814070352
0 0.35175879396984927 0.914572864321608 0.02512562814070352 0.02512562814070352
0 0.35175879396984927 0.9195979899497487 0.02512562814070352 0.02512562814070352
0 0.9597989949748744 0.9547738693467337 0.02512562814070352 0.02512562814070352
0 0.9849246231155779 0.9597989949748744 0.02512562814070352 0.02512562814070352
0 0.6532663316582915 0.964824120603015 0.02512562814070352 0.02512562814070352
0 0.6633165829145728 0.964824120603015 0.02512562814070352 0.02512562814070352
0 0.6984924623115578 0.964824120603015 0.02512562814070352 0.02512562814070352
0 0.7286432160804021 0.964824120603015 0.02512562814070352 0.02512562814070352
0 0.7386934673366834 0.964824120603015 0.02512562814070352 0.02512562814070352
0 0.7487437185929648 0.964824120603015 0.02512562814070352 0.02512562814070352
0 0.9447236180904522 0.9748743718592965 0.02512562814070352 0.02512562814070352
0 0.6532663316582915 0.9899497487437185 0.02512562814070352 0.02512562814070352
0 0.6683417085427136 0.9899497487437185 0.02512562814070352 0.02512562814070352
0 0.678391959798995 0.9899497487437185 0.02512562814070352 0.02512562814070352
0 0.6834170854271356 0.9899497487437185 0.02512562814070352 0.02512562814070352
0 0.6934673366834171 0.9899497487437185 0.02512562814070352 0.02512562814070352
0 0.7085427135678392 0.9899497487437185 0.02512562814070352 0.02512562814070352
0 0.7236180904522613 0.9899497487437185 0.02512562814070352 0.02512562814070352
0 0.7386934673366834 0.9899497487437185 0.02512562814070352 0.02512562814070352
0 0.6532663316582915 0.9949748743718593 0.02512562814070352 0.02512562814070352
0 0.678391959798995 0.9949748743718593 0.02512562814070352 0.02512562814070352
0 0.6834170854271356 0.9949748743718593 0.02512562814070352 0.02512562814070352
0 0.7085427135678392 0.9949748743718593 0.02512562814070352 0.02512562814070352
