0 0.3671875 0.5625 0.01953125 0.01953125
0 0.35546875 0.72265625 0.01953125 0.01953125
0 0.41015625 0.7421875 0.01953125 0.01953125
0 0.55078125 0.76171875 0.01953125 0.01953125
0 0.52734375 0.76953125 0.01953125 0.01953125
0 0.5390625 0.76953125 0.01953125 0.01953125
0 0.51953125 0.78125 0.01953125 0.01953125
0 0.1015625 0.7890625 0.01953125 0.01953125
0 0.70703125 0.8046875 0.01953125 0.01953125
0 0.0 0.81640625 0.01953125 0.01953125
0 0.0 0.8203125 0.01953125 0.01953125
0 0.5390625 0.921875 0.01953125 0.01953125
0 0.4453125 0.9453125 0.01953125 0.01953125
0 0.45703125 0.9453125 0.01953125 0.01953125
0 0.46875 0.94921875 0.01953125 0.01953125
0 0.4375 0.98828125 0.01953125 0.01953125
