0 0.4921875 0.0234375 0.01953125 0.01953125
0 0.546875 0.02734375 0.01953125 0.01953125
0 0.51953125 0.03515625 0.01953125 0.01953125
0 0.45703125 0.0390625 0.01953125 0.01953125
0 0.45703125 0.04296875 0.01953125 0.01953125
0 0.46875 0.04296875 0.01953125 0.01953125
0 0.484375 0.05859375 0.01953125 0.01953125
0 0.94921875 0.09765625 0.01953125 0.01953125
0 0.9453125 0.21484375 0.01953125 0.01953125
0 0.34375 0.23046875 0.01953125 0.01953125
0 0.38671875 0.24609375 0.01953125 0.01953125
0 0.390625 0.26953125 0.01953125 0.01953125
0 0.3359375 0.2890625 0.01953125 0.01953125
0 0.33984375 0.2890625 0.01953125 0.01953125
0 0.390625 0.2890625 0.01953125 0.01953125
0 0.390625 0.29296875 0.01953125 0.01953125
0 0.3359375 0.30078125 0.01953125 0.01953125
0 0.3359375 0.30859375 0.01953125 0.01953125
0 0.3359375 0.3125 0.01953125 0.01953125
0 0.5390625 0.31640625 0.01953125 0.01953125
0 0.3359375 0.3203125 0.01953125 0.01953125
0 0.33984375 0.33203125 0.01953125 0.01953125
0 0.04296875 0.37109375 0.01953125 0.01953125
0 0.92578125 0.39453125 0.01953125 0.01953125
0 0.37109375 0.42578125 0.01953125 0.01953125
0 0.5234375 0.4609375 0.01953125 0.01953125
0 0.359375 0.50390625 0.01953125 0.01953125
0 0.359375 0.5078125 0.01953125 0.01953125
0 0.609375 0.83984375 0.01953125 0.01953125
0 0.609375 0.84375 0.01953125 0.01953125
