0 0.0 0.515625 0.01953125 0.01953125
0 0.66015625 0.66015625 0.01953125 0.01953125
0 0.65625 0.73828125 0.01953125 0.01953125
0 0.65625 0.7421875 0.01953125 0.01953125
0 0.58203125 0.74609375 0.01953125 0.01953125
0 0.6328125 0.75 0.01953125 0.01953125
0 0.65625 0.75 0.01953125 0.01953125
0 0.58203125 0.7578125 0.01953125 0.01953125
0 0.63671875 0.76171875 0.01953125 0.01953125
0 0.63671875 0.7734375 0.01953125 0.01953125
0 0.65625 0.7734375 0.01953125 0.01953125
0 0.58203125 0.77734375 0.01953125 0.01953125
0 0.5859375 0.77734375 0.01953125 0.01953125
0 0.65625 0.78125 0.01953125 0.01953125
0 0.5859375 0.79296875 0.01953125 0.01953125
0 0.63671875 0.80078125 0.01953125 0.01953125
0 0.63671875 0.8046875 0.01953125 0.01953125
0 0.65625 0.8046875 0.01953125 0.01953125
0 0.5859375 0.81640625 0.01953125 0.01953125
0 0.65625 0.82421875 0.01953125 0.01953125
0 0.65625 0.83203125 0.01953125 0.01953125
0 0.63671875 0.84375 0.01953125 0.01953125
0 0.65625 0.87109375 0.01953125 0.01953125
0 0.65625 0.875 0.01953125 0.01953125
0 0.8203125 0.90625 0.01953125 0.01953125
0 0.8203125 0.93359375 0.01953125 0.01953125
0 0.8203125 0.94140625 0.01953125 0.01953125
0 0.8203125 0.9453125 0.01953125 0.01953125
0 0.81640625 0.953125 0.01953125 0.01953125
0 0.734375 0.9609375 0.01953125 0.01953125
0 0.65234375 0.96484375 0.01953125 0.01953125
0 0.66015625 0.96484375 0.01953125 0.01953125
0 0.671875 0.96484375 0.01953125 0.01953125
0 0.68359375 0.96484375 0.01953125 0.01953125
0 0.69140625 0.96484375 0.01953125 0.01953125
0 0.71484375 0.96484375 0.01953125 0.01953125
0 0.72265625 0.96484375 0.01953125 0.01953125
0 0.75390625 0.96484375 0.01953125 0.01953125
0 0.76171875 0.96484375 0.01953125 0.01953125
