0 0.66796875 0.3984375 0.01953125 0.01953125
0 0.86328125 0.3984375 0.01953125 0.01953125
0 0.8671875 0.3984375 0.01953125 0.01953125
0 0.66796875 0.40234375 0.01953125 0.01953125
0 0.76171875 0.421875 0.01953125 0.01953125
0 0.765625 0.421875 0.01953125 0.01953125
0 0.90625 0.67578125 0.01953125 0.01953125
0 0.90625 0.6796875 0.01953125 0.01953125
0 0.01171875 0.7421875 0.01953125 0.01953125
0 0.015625 0.7421875 0.01953125 0.01953125
0 0.14453125 0.74609375 0.01953125 0.01953125
0 0.23828125 0.7734375 0.01953125 0.01953125
0 0.26171875 0.7734375 0.01953125 0.01953125
0 0.09375 0.7890625 0.01953125 0.01953125
0 0.41015625 0.8125 0.01953125 0.01953125
0 0.1171875 0.82421875 0.01953125 0.01953125
0 0.09765625 0.8828125 0.01953125 0.01953125
0 0.09765625 0.88671875 0.01953125 0.01953125
0 0.1015625 0.9140625 0.01953125 0.01953125
0 0.12109375 0.9140625 0.01953125 0.01953125
0 0.1328125 0.9140625 0.01953125 0.01953125
0 0.09375 0.91796875 0.01953125 0.01953125
0 0.11328125 0.91796875 0.01953125 0.01953125
0 0.13671875 0.91796875 0.01953125 0.01953125
0 0.4765625 0.91796875 0.01953125 0.01953125
0 0.48046875 0.91796875 0.01953125 0.01953125
0 0.58203125 0.95703125 0.01953125 0.01953125
0 0.58203125 0.9609375 0.01953125 0.01953125
0 0.484375 0.97265625 0.01953125 0.01953125
0 0.9765625 0.9765625 0.01953125 0.01953125
0 0.9765625 0.98046875 0.01953125 0.01953125
0 0.45703125 0.99609375 0.01953125 0.01953125
