0 0.8203125 0.0 0.01953125 0.01953125
0 0.8359375 0.0 0.01953125 0.01953125
0 0.87890625 0.0 0.01953125 0.01953125
0 0.0859375 0.015625 0.01953125 0.01953125
0 0.0859375 0.01953125 0.01953125 0.01953125
0 0.140625 0.0234375 0.01953125 0.01953125
0 0.31640625 0.02734375 0.01953125 0.01953125
0 0.3203125 0.02734375 0.01953125 0.01953125
0 0.25390625 0.03125 0.01953125 0.01953125
0 0.28515625 0.03125 0.01953125 0.01953125
0 0.078125 0.03515625 0.01953125 0.01953125
0 0.09375 0.03515625 0.01953125 0.01953125
0 0.18359375 0.03515625 0.01953125 0.01953125
0 0.1875 0.03515625 0.01953125 0.01953125
0 0.1953125 0.03515625 0.01953125 0.01953125
0 0.203125 0.03515625 0.01953125 0.01953125
0 0.21484375 0.03515625 0.01953125 0.01953125
0 0.2265625 0.03515625 0.01953125 0.01953125
0 0.234375 0.03515625 0.01953125 0.01953125
0 0.23828125 0.03515625 0.01953125 0.01953125
0 0.24609375 0.03515625 0.01953125 0.01953125
0 0.25 0.03515625 0.01953125 0.01953125
0 0.28515625 0.03515625 0.01953125 0.01953125
0 0.0625 0.0390625 0.01953125 0.01953125
0 0.078125 0.0390625 0.01953125 0.01953125
0 0.28515625 0.046875 0.01953125 0.01953125
0 0.296875 0.0546875 0.01953125 0.01953125
0 0.0390625 0.05859375 0.01953125 0.01953125
0 0.21484375 0.05859375 0.01953125 0.01953125
0 0.2265625 0.05859375 0.01953125 0.01953125
0 0.23828125 0.05859375 0.01953125 0.01953125
0 0.25 0.05859375 0.01953125 0.01953125
0 0.0390625 0.0625 0.01953125 0.01953125
0 0.12109375 0.0625 0.01953125 0.01953125
0 0.12890625 0.0625 0.01953125 0.01953125
0 0.140625 0.0625 0.01953125 0.01953125
0 0.15234375 0.0625 0.01953125 0.01953125
0 0.21484375 0.0625 0.01953125 0.01953125
0 0.25 0.0625 0.01953125 0.01953125
0 0.12109375 0.06640625 0.01953125 0.01953125
0 0.12890625 0.06640625 0.01953125 0.01953125
0 0.27734375 0.0703125 0.01953125 0.01953125
0 0.05078125 0.07421875 0.01953125 0.01953125
0 0.0625 0.07421875 0.01953125 0.01953125
0 0.265625 0.07421875 0.01953125 0.01953125
0 0.26953125 0.07421875 0.01953125 0.01953125
0 0.2890625 0.07421875 0.01953125 0.01953125
0 0.296875 0.07421875 0.01953125 0.01953125
0 0.30859375 0.07421875 0.01953125 0.01953125
0 0.20703125 0.078125 0.01953125 0.01953125
0 0.21875 0.078125 0.01953125 0.01953125
0 0.23828125 0.078125 0.01953125 0.01953125
0 0.2890625 0.078125 0.01953125 0.01953125
0 0.0390625 0.08203125 0.01953125 0.01953125
0 0.18359375 0.08203125 0.01953125 0.01953125
0 0.20703125 0.08203125 0.01953125 0.01953125
0 0.1171875 0.0859375 0.01953125 0.01953125
0 0.12109375 0.0859375 0.01953125 0.01953125
0 0.12890625 0.0859375 0.01953125 0.01953125
0 0.140625 0.0859375 0.01953125 0.01953125
0 0.1953125 0.0859375 0.01953125 0.01953125
0 0.07421875 0.08984375 0.01953125 0.01953125
0 0.078125 0.08984375 0.01953125 0.01953125
0 0.0859375 0.08984375 0.01953125 0.01953125
0 0.09765625 0.08984375 0.01953125 0.01953125
0 0.1171875 0.08984375 0.01953125 0.01953125
0 0.12109375 0.08984375 0.01953125 0.01953125
0 0.2890625 0.08984375 0.01953125 0.01953125
0 0.06640625 0.09375 0.01953125 0.01953125
0 0.07421875 0.09375 0.01953125 0.01953125
0 0.078125 0.09375 0.01953125 0.01953125
0 0.2890625 0.09375 0.01953125 0.01953125
0 0.30078125 0.09375 0.01953125 0.01953125
0 0.0546875 0.09765625 0.01953125 0.01953125
0 0.21875 0.09765625 0.01953125 0.01953125
0 0.23046875 0.09765625 0.01953125 0.01953125
0 0.23828125 0.09765625 0.01953125 0.01953125
0 0.25 0.09765625 0.01953125 0.01953125
0 0.2578125 0.09765625 0.01953125 0.01953125
0 0.26953125 0.09765625 0.01953125 0.01953125
0 0.28125 0.09765625 0.01953125 0.01953125
0 0.1953125 0.1015625 0.01953125 0.01953125
0 0.20703125 0.1015625 0.01953125 0.01953125
0 0.25 0.1015625 0.01953125 0.01953125
0 0.32421875 0.1015625 0.01953125 0.01953125
0 0.140625 0.10546875 0.01953125 0.01953125
0 0.32421875 0.10546875 0.01953125 0.01953125
0 0.09375 0.109375 0.01953125 0.01953125
0 0.12890625 0.109375 0.01953125 0.01953125
0 0.07421875 0.11328125 0.01953125 0.01953125
0 0.0859375 0.11328125 0.01953125 0.01953125
0 0.09375 0.11328125 0.01953125 0.01953125
0 0.10546875 0.11328125 0.01953125 0.01953125
0 0.32421875 0.11328125 0.01953125 0.01953125
0 0.07421875 0.1171875 0.01953125 0.01953125
0 0.0859375 0.1171875 0.01953125 0.01953125
0 0.22265625 0.1171875 0.01953125 0.01953125
0 0.25390625 0.1171875 0.01953125 0.01953125
0 0.27734375 0.1171875 0.01953125 0.01953125
0 0.2890625 0.1171875 0.01953125 0.01953125
0 0.296875 0.1171875 0.01953125 0.01953125
0 0.18359375 0.12109375 0.01953125 0.01953125
0 0.1875 0.12109375 0.01953125 0.01953125
0 0.19140625 0.12109375 0.01953125 0.01953125
0 0.1953125 0.12109375 0.01953125 0.01953125
0 0.203125 0.12109375 0.01953125 0.01953125
0 0.2109375 0.12109375 0.01953125 0.01953125
0 0.21484375 0.12109375 0.01953125 0.01953125
0 0.234375 0.12109375 0.01953125 0.01953125
0 0.2421875 0.12109375 0.01953125 0.01953125
0 0.24609375 0.12109375 0.01953125 0.01953125
0 0.25390625 0.12109375 0.01953125 0.01953125
0 0.265625 0.12109375 0.01953125 0.01953125
0 0.27734375 0.12109375 0.01953125 0.01953125
0 0.98828125 0.12109375 0.01953125 0.01953125
0 0.234375 0.125 0.01953125 0.01953125
0 0.140625 0.12890625 0.01953125 0.01953125
0 0.32421875 0.12890625 0.01953125 0.01953125
0 0.11328125 0.1328125 0.01953125 0.01953125
0 0.140625 0.1328125 0.01953125 0.01953125
0 0.0859375 0.13671875 0.01953125 0.01953125
0 0.09765625 0.13671875 0.01953125 0.01953125
0 0.10546875 0.13671875 0.01953125 0.01953125
0 0.234375 0.13671875 0.01953125 0.01953125
0 0.2734375 0.13671875 0.01953125 0.01953125
0 0.0625 0.140625 0.01953125 0.01953125
0 0.07421875 0.140625 0.01953125 0.01953125
0 0.22265625 0.140625 0.01953125 0.01953125
0 0.2421875 0.140625 0.01953125 0.01953125
0 0.25390625 0.140625 0.01953125 0.01953125
0 0.265625 0.140625 0.01953125 0.01953125
0 0.2734375 0.140625 0.01953125 0.01953125
0 0.28515625 0.140625 0.01953125 0.01953125
0 0.29296875 0.140625 0.01953125 0.01953125
0 0.04296875 0.14453125 0.01953125 0.01953125
0 0.0546875 0.14453125 0.01953125 0.01953125
0 0.15625 0.1484375 0.01953125 0.01953125
0 0.32421875 0.1484375 0.01953125 0.01953125
0 0.11328125 0.15234375 0.01953125 0.01953125
0 0.1328125 0.15234375 0.01953125 0.01953125
0 0.14453125 0.15234375 0.01953125 0.01953125
0 0.08203125 0.15625 0.01953125 0.01953125
0 0.0859375 0.15625 0.01953125 0.01953125
0 0.08984375 0.15625 0.01953125 0.01953125
0 0.09375 0.15625 0.01953125 0.01953125
0 0.1015625 0.15625 0.01953125 0.01953125
0 0.11328125 0.15625 0.01953125 0.01953125
0 0.28515625 0.15625 0.01953125 0.01953125
0 0.0625 0.16015625 0.01953125 0.01953125
0 0.07421875 0.16015625 0.01953125 0.01953125
0 0.20703125 0.16015625 0.01953125 0.01953125
0 0.23046875 0.16015625 0.01953125 0.01953125
0 0.23828125 0.16015625 0.01953125 0.01953125
0 0.2734375 0.16015625 0.01953125 0.01953125
0 0.28515625 0.16015625 0.01953125 0.01953125
0 0.30859375 0.16015625 0.01953125 0.01953125
0 0.04296875 0.1640625 0.01953125 0.01953125
0 0.0546875 0.1640625 0.01953125 0.01953125
0 0.0625 0.1640625 0.01953125 0.01953125
0 0.19921875 0.1640625 0.01953125 0.01953125
0 0.21875 0.1640625 0.01953125 0.01953125
0 0.32421875 0.1640625 0.01953125 0.01953125
0 0.13671875 0.171875 0.01953125 0.01953125
0 0.1484375 0.171875 0.01953125 0.01953125
0 0.16015625 0.171875 0.01953125 0.01953125
0 0.32421875 0.171875 0.01953125 0.01953125
0 0.125 0.17578125 0.01953125 0.01953125
0 0.13671875 0.17578125 0.01953125 0.01953125
0 0.3046875 0.17578125 0.01953125 0.01953125
0 0.30859375 0.17578125 0.01953125 0.01953125
0 0.32421875 0.17578125 0.01953125 0.01953125
0 0.21875 0.1796875 0.01953125 0.01953125
0 0.25 0.1796875 0.01953125 0.01953125
0 0.2578125 0.1796875 0.01953125 0.01953125
0 0.26953125 0.1796875 0.01953125 0.01953125
0 0.27734375 0.1796875 0.01953125 0.01953125
0 0.28125 0.1796875 0.01953125 0.01953125
0 0.2890625 0.1796875 0.01953125 0.01953125
0 0.0703125 0.18359375 0.01953125 0.01953125
0 0.19921875 0.18359375 0.01953125 0.01953125
0 0.20703125 0.18359375 0.01953125 0.01953125
0 0.05859375 0.1875 0.01953125 0.01953125
0 0.19140625 0.19140625 0.01953125 0.01953125
0 0.32421875 0.19140625 0.01953125 0.01953125
0 0.2890625 0.1953125 0.01953125 0.01953125
0 0.296875 0.1953125 0.01953125 0.01953125
0 0.3125 0.1953125 0.01953125 0.01953125
0 0.32421875 0.1953125 0.01953125 0.01953125
0 0.19921875 0.19921875 0.01953125 0.01953125
0 0.2578125 0.19921875 0.01953125 0.01953125
0 0.28125 0.19921875 0.01953125 0.01953125
0 0.2890625 0.19921875 0.01953125 0.01953125
0 0.0625 0.203125 0.01953125 0.01953125
0 0.22265625 0.203125 0.01953125 0.01953125
0 0.2578125 0.203125 0.01953125 0.01953125
0 0.26953125 0.203125 0.01953125 0.01953125
0 0.0546875 0.20703125 0.01953125 0.01953125
0 0.0625 0.20703125 0.01953125 0.01953125
0 0.12109375 0.21875 0.01953125 0.01953125
0 0.14453125 0.21875 0.01953125 0.01953125
0 0.2890625 0.21875 0.01953125 0.01953125
0 0.1015625 0.22265625 0.01953125 0.01953125
0 0.11328125 0.22265625 0.01953125 0.01953125
0 0.12109375 0.22265625 0.01953125 0.01953125
0 0.1328125 0.22265625 0.01953125 0.01953125
0 0.26953125 0.22265625 0.01953125 0.01953125
0 0.08984375 0.2265625 0.01953125 0.01953125
0 0.1015625 0.2265625 0.01953125 0.01953125
0 0.11328125 0.2265625 0.01953125 0.01953125
0 0.20703125 0.2265625 0.01953125 0.01953125
0 0.21484375 0.2265625 0.01953125 0.01953125
0 0.21875 0.2265625 0.01953125 0.01953125
0 0.23046875 0.2265625 0.01953125 0.01953125
0 0.078125 0.23046875 0.01953125 0.01953125
0 0.08984375 0.23046875 0.01953125 0.01953125
0 0.0546875 0.234375 0.01953125 0.01953125
0 0.25 0.23828125 0.01953125 0.01953125
0 0.15625 0.2421875 0.01953125 0.01953125
0 0.16015625 0.2421875 0.01953125 0.01953125
0 0.23828125 0.2421875 0.01953125 0.01953125
0 0.25 0.2421875 0.01953125 0.01953125
0 0.125 0.24609375 0.01953125 0.01953125
0 0.13671875 0.24609375 0.01953125 0.01953125
0 0.08203125 0.25 0.01953125 0.01953125
0 0.09375 0.25 0.01953125 0.01953125
0 0.10546875 0.25 0.01953125 0.01953125
0 0.1171875 0.25 0.01953125 0.01953125
0 0.05859375 0.25390625 0.01953125 0.01953125
0 0.0703125 0.25390625 0.01953125 0.01953125
0 0.09375 0.25390625 0.01953125 0.01953125
0 0.203125 0.25390625 0.01953125 0.01953125
0 0.20703125 0.25390625 0.01953125 0.01953125
0 0.28125 0.2578125 0.01953125 0.01953125
0 0.2890625 0.2578125 0.01953125 0.01953125
0 0.30078125 0.2578125 0.01953125 0.01953125
0 0.23046875 0.26171875 0.01953125 0.01953125
0 0.23828125 0.265625 0.01953125 0.01953125
0 0.25 0.265625 0.01953125 0.01953125
0 0.26171875 0.265625 0.01953125 0.01953125
0 0.1953125 0.26953125 0.01953125 0.01953125
0 0.21484375 0.26953125 0.01953125 0.01953125
0 0.30859375 0.2734375 0.01953125 0.01953125
0 0.3125 0.2734375 0.01953125 0.01953125
0 0.2890625 0.27734375 0.01953125 0.01953125
0 0.11328125 0.28125 0.01953125 0.01953125
0 0.24609375 0.28125 0.01953125 0.01953125
0 0.2578125 0.28125 0.01953125 0.01953125
0 0.26953125 0.28125 0.01953125 0.01953125
0 0.2734375 0.28125 0.01953125 0.01953125
0 0.28125 0.28125 0.01953125 0.01953125
0 0.10546875 0.28515625 0.01953125 0.01953125
0 0.125 0.28515625 0.01953125 0.01953125
0 0.12890625 0.28515625 0.01953125 0.01953125
0 0.16015625 0.28515625 0.01953125 0.01953125
0 0.1640625 0.28515625 0.01953125 0.01953125
0 0.23828125 0.28515625 0.01953125 0.01953125
0 0.2578125 0.28515625 0.01953125 0.01953125
0 0.26953125 0.28515625 0.01953125 0.01953125
0 0.2734375 0.28515625 0.01953125 0.01953125
0 0.09765625 0.2890625 0.01953125 0.01953125
0 0.21875 0.2890625 0.01953125 0.01953125
0 0.22265625 0.2890625 0.01953125 0.01953125
0 0.30078125 0.296875 0.01953125 0.01953125
0 0.765625 0.296875 0.01953125 0.01953125
0 0.953125 0.296875 0.01953125 0.01953125
0 0.96484375 0.296875 0.01953125 0.01953125
0 0.1171875 0.30078125 0.01953125 0.01953125
0 0.25390625 0.30078125 0.01953125 0.01953125
0 0.26171875 0.30078125 0.01953125 0.01953125
0 0.2734375 0.30078125 0.01953125 0.01953125
0 0.28515625 0.30078125 0.01953125 0.01953125
0 0.08984375 0.3046875 0.01953125 0.01953125
0 0.09765625 0.3046875 0.01953125 0.01953125
0 0.1015625 0.3046875 0.01953125 0.01953125
0 0.23046875 0.3046875 0.01953125 0.01953125
0 0.2421875 0.3046875 0.01953125 0.01953125
0 0.2734375 0.3046875 0.01953125 0.01953125
0 0.08203125 0.30859375 0.01953125 0.01953125
0 0.08984375 0.30859375 0.01953125 0.01953125
0 0.109375 0.30859375 0.01953125 0.01953125
0 0.2421875 0.30859375 0.01953125 0.01953125
0 0.0703125 0.3125 0.01953125 0.01953125
0 0.08203125 0.3125 0.01953125 0.01953125
0 0.17578125 0.3125 0.01953125 0.01953125
0 0.1796875 0.3125 0.01953125 0.01953125
0 0.25390625 0.31640625 0.01953125 0.01953125
0 0.953125 0.31640625 0.01953125 0.01953125
0 0.13671875 0.3203125 0.01953125 0.01953125
0 0.140625 0.3203125 0.01953125 0.01953125
0 0.1484375 0.3203125 0.01953125 0.01953125
0 0.11328125 0.32421875 0.01953125 0.01953125
0 0.12109375 0.32421875 0.01953125 0.01953125
0 0.171875 0.32421875 0.01953125 0.01953125
0 0.94921875 0.32421875 0.01953125 0.01953125
0 0.953125 0.32421875 0.01953125 0.01953125
0 0.09765625 0.328125 0.01953125 0.01953125
0 0.1015625 0.328125 0.01953125 0.01953125
0 0.11328125 0.328125 0.01953125 0.01953125
0 0.24609375 0.328125 0.01953125 0.01953125
0 0.94921875 0.328125 0.01953125 0.01953125
0 0.953125 0.328125 0.01953125 0.01953125
0 0.08984375 0.33203125 0.01953125 0.01953125
0 0.1640625 0.33203125 0.01953125 0.01953125
0 0.3125 0.33203125 0.01953125 0.01953125
0 0.86328125 0.33203125 0.01953125 0.01953125
0 0.97265625 0.33203125 0.01953125 0.01953125
0 0.07421875 0.3359375 0.01953125 0.01953125
0 0.86328125 0.3359375 0.01953125 0.01953125
0 0.953125 0.3359375 0.01953125 0.01953125
0 0.97265625 0.3359375 0.01953125 0.01953125
0 0.67578125 0.34375 0.01953125 0.01953125
0 0.95703125 0.34375 0.01953125 0.01953125
0 0.97265625 0.34375 0.01953125 0.01953125
0 0.1015625 0.34765625 0.01953125 0.01953125
0 0.8125 0.34765625 0.01953125 0.01953125
0 0.21484375 0.3515625 0.01953125 0.01953125
0 0.8125 0.3515625 0.01953125 0.01953125
0 0.97265625 0.3515625 0.01953125 0.01953125
0 0.12109375 0.35546875 0.01953125 0.01953125
0 0.125 0.35546875 0.01953125 0.01953125
0 0.1875 0.35546875 0.01953125 0.01953125
0 0.21484375 0.35546875 0.01953125 0.01953125
0 0.2265625 0.35546875 0.01953125 0.01953125
0 0.23046875 0.35546875 0.01953125 0.01953125
0 0.953125 0.35546875 0.01953125 0.01953125
0 0.2265625 0.359375 0.01953125 0.01953125
0 0.23046875 0.359375 0.01953125 0.01953125
0 0.234375 0.359375 0.01953125 0.01953125
0 0.3203125 0.359375 0.01953125 0.01953125
0 0.32421875 0.359375 0.01953125 0.01953125
0 0.67578125 0.359375 0.01953125 0.01953125
0 0.234375 0.36328125 0.01953125 0.01953125
0 0.28515625 0.36328125 0.01953125 0.01953125
0 0.67578125 0.36328125 0.01953125 0.01953125
0 0.953125 0.36328125 0.01953125 0.01953125
0 0.97265625 0.36328125 0.01953125 0.01953125
0 0.16796875 0.3671875 0.01953125 0.01953125
0 0.2890625 0.3671875 0.01953125 0.01953125
0 0.10546875 0.37109375 0.01953125 0.01953125
0 0.11328125 0.37109375 0.01953125 0.01953125
0 0.1484375 0.37109375 0.01953125 0.01953125
0 0.15234375 0.37109375 0.01953125 0.01953125
0 0.16796875 0.37109375 0.01953125 0.01953125
0 0.94921875 0.37109375 0.01953125 0.01953125
0 0.96875 0.37109375 0.01953125 0.01953125
0 0.97265625 0.37109375 0.01953125 0.01953125
0 0.12890625 0.375 0.01953125 0.01953125
0 0.140625 0.375 0.01953125 0.01953125
0 0.1875 0.375 0.01953125 0.01953125
0 0.296875 0.375 0.01953125 0.01953125
0 0.1953125 0.37890625 0.01953125 0.01953125
0 0.23046875 0.37890625 0.01953125 0.01953125
0 0.2421875 0.37890625 0.01953125 0.01953125
0 0.94921875 0.37890625 0.01953125 0.01953125
0 0.31640625 0.3828125 0.01953125 0.01953125
0 0.96875 0.3828125 0.01953125 0.01953125
0 0.97265625 0.3828125 0.01953125 0.01953125
0 0.27734375 0.38671875 0.01953125 0.01953125
0 0.28125 0.38671875 0.01953125 0.01953125
0 0.9453125 0.390625 0.01953125 0.01953125
0 0.94921875 0.390625 0.01953125 0.01953125
0 0.96484375 0.390625 0.01953125 0.01953125
0 0.96875 0.390625 0.01953125 0.01953125
0 0.80078125 0.515625 0.01953125 0.01953125
0 0.6328125 0.55859375 0.01953125 0.01953125
0 0.61328125 0.5625 0.01953125 0.01953125
0 0.65625 0.58203125 0.01953125 0.01953125
0 0.66015625 0.58203125 0.01953125 0.01953125
0 0.65625 0.5859375 0.01953125 0.01953125
0 0.66015625 0.5859375 0.01953125 0.01953125
0 0.703125 0.5859375 0.01953125 0.01953125
0 0.70703125 0.5859375 0.01953125 0.01953125
0 0.703125 0.58984375 0.01953125 0.01953125
0 0.70703125 0.58984375 0.01953125 0.01953125
0 0.6484375 0.59375 0.01953125 0.01953125
0 0.6875 0.59375 0.01953125 0.01953125
0 0.6953125 0.66015625 0.01953125 0.01953125
0 0.6953125 0.6640625 0.01953125 0.01953125
0 0.64453125 0.68359375 0.01953125 0.01953125
0 0.64453125 0.6875 0.01953125 0.01953125
0 0.69921875 0.6875 0.01953125 0.01953125
0 0.66015625 0.69140625 0.01953125 0.01953125
0 0.70703125 0.703125 0.01953125 0.01953125
0 0.921875 0.74609375 0.01953125 0.01953125
0 0.93359375 0.74609375 0.01953125 0.01953125
0 0.9453125 0.74609375 0.01953125 0.01953125
0 0.88671875 0.75390625 0.01953125 0.01953125
0 0.875 0.7734375 0.01953125 0.01953125
0 0.8828125 0.7734375 0.01953125 0.01953125
0 0.9375 0.7734375 0.01953125 0.01953125
0 0.953125 0.7734375 0.01953125 0.01953125
0 0.875 0.77734375 0.01953125 0.01953125
0 0.8984375 0.77734375 0.01953125 0.01953125
0 0.9140625 0.77734375 0.01953125 0.01953125
0 0.9453125 0.77734375 0.01953125 0.01953125
0 0.94921875 0.77734375 0.01953125 0.01953125
0 0.90625 0.78125 0.01953125 0.01953125
0 0.921875 0.78125 0.01953125 0.01953125
