0 0.59375 0.01171875 0.01953125 0.01953125
0 0.64453125 0.01171875 0.01953125 0.01953125
0 0.6640625 0.01171875 0.01953125 0.01953125
0 0.71484375 0.01171875 0.01953125 0.01953125
0 0.71484375 0.015625 0.01953125 0.01953125
0 0.58984375 0.01953125 0.01953125 0.01953125
0 0.59375 0.01953125 0.01953125 0.01953125
0 0.640625 0.0234375 0.01953125 0.01953125
0 0.6640625 0.0234375 0.01953125 0.01953125
0 0.71484375 0.0234375 0.01953125 0.01953125
0 0.71875 0.0234375 0.01953125 0.01953125
0 0.59375 0.02734375 0.01953125 0.01953125
0 0.59375 0.03125 0.01953125 0.01953125
0 0.640625 0.03125 0.01953125 0.01953125
0 0.59375 0.0390625 0.01953125 0.01953125
0 0.640625 0.0390625 0.01953125 0.01953125
0 0.64453125 0.0390625 0.01953125 0.01953125
0 0.59375 0.04296875 0.01953125 0.01953125
0 0.640625 0.04296875 0.01953125 0.01953125
0 0.64453125 0.04296875 0.01953125 0.01953125
0 0.58984375 0.05078125 0.01953125 0.01953125
0 0.640625 0.05078125 0.01953125 0.01953125
0 0.6640625 0.05078125 0.01953125 0.01953125
0 0.58984375 0.05859375 0.01953125 0.01953125
0 0.640625 0.0703125 0.01953125 0.01953125
0 0.640625 0.07421875 0.01953125 0.01953125
0 0.58984375 0.08203125 0.01953125 0.01953125
0 0.71484375 0.0859375 0.01953125 0.01953125
0 0.5859375 0.09375 0.01953125 0.01953125
0 0.58984375 0.09375 0.01953125 0.01953125
0 0.5859375 0.1015625 0.01953125 0.01953125
0 0.66015625 0.10546875 0.01953125 0.01953125
0 0.58984375 0.109375 0.01953125 0.01953125
0 0.7109375 0.1328125 0.01953125 0.01953125
0 0.71484375 0.1328125 0.01953125 0.01953125
0 0.7109375 0.13671875 0.01953125 0.01953125
0 0.71484375 0.13671875 0.01953125 0.01953125
0 0.5859375 0.15234375 0.01953125 0.01953125
0 0.7109375 0.15625 0.01953125 0.01953125
0 0.63671875 0.1953125 0.01953125 0.01953125
0 0.63671875 0.21484375 0.01953125 0.01953125
0 0.73046875 0.2265625 0.01953125 0.01953125
0 0.75 0.2265625 0.01953125 0.01953125
0 0.8203125 0.2265625 0.01953125 0.01953125
0 0.47265625 0.24609375 0.01953125 0.01953125
0 0.47265625 0.25 0.01953125 0.01953125
0 0.58203125 0.25390625 0.01953125 0.01953125
0 0.5859375 0.25390625 0.01953125 0.01953125
0 0.625 0.2734375 0.01953125 0.01953125
0 0.62890625 0.2734375 0.01953125 0.01953125
0 0.67578125 0.27734375 0.01953125 0.01953125
0 0.6796875 0.27734375 0.01953125 0.01953125
0 0.6875 0.27734375 0.01953125 0.01953125
0 0.80078125 0.27734375 0.01953125 0.01953125
0 0.859375 0.27734375 0.01953125 0.01953125
0 0.80859375 0.28125 0.01953125 0.01953125
0 0.83984375 0.28125 0.01953125 0.01953125
0 0.67578125 0.34375 0.01953125 0.01953125
0 0.6640625 0.34765625 0.01953125 0.01953125
0 0.68359375 0.34765625 0.01953125 0.01953125
0 0.6875 0.34765625 0.01953125 0.01953125
0 0.6953125 0.34765625 0.01953125 0.01953125
0 0.70703125 0.34765625 0.01953125 0.01953125
0 0.74609375 0.34765625 0.01953125 0.01953125
0 0.77734375 0.34765625 0.01953125 0.01953125
0 0.74609375 0.3515625 0.01953125 0.01953125
0 0.7578125 0.3515625 0.01953125 0.01953125
0 0.77734375 0.3515625 0.01953125 0.01953125
0 0.7890625 0.3515625 0.01953125 0.01953125
0 0.80859375 0.3515625 0.01953125 0.01953125
0 0.8359375 0.3515625 0.01953125 0.01953125
0 0.83984375 0.3515625 0.01953125 0.01953125
0 0.84765625 0.3515625 0.01953125 0.01953125
0 0.859375 0.3515625 0.01953125 0.01953125
0 0.87890625 0.3515625 0.01953125 0.01953125
0 0.890625 0.3515625 0.01953125 0.01953125
0 0.91015625 0.3515625 0.01953125 0.01953125
0 0.8671875 0.35546875 0.01953125 0.01953125
0 0.87109375 0.35546875 0.01953125 0.01953125
0 0.87890625 0.35546875 0.01953125 0.01953125
0 0.8984375 0.35546875 0.01953125 0.01953125
0 0.91015625 0.35546875 0.01953125 0.01953125
0 0.41015625 0.36328125 0.01953125 0.01953125
0 0.35546875 0.375 0.01953125 0.01953125
0 0.359375 0.39453125 0.01953125 0.01953125
0 0.359375 0.3984375 0.01953125 0.01953125
0 0.4140625 0.4140625 0.01953125 0.01953125
0 0.3515625 0.41796875 0.01953125 0.01953125
0 0.35546875 0.41796875 0.01953125 0.01953125
0 0.52734375 0.41796875 0.01953125 0.01953125
0 0.52734375 0.421875 0.01953125 0.01953125
0 0.35546875 0.4375 0.01953125 0.01953125
0 0.41015625 0.4375 0.01953125 0.01953125
0 0.41015625 0.453125 0.01953125 0.01953125
0 0.35546875 0.45703125 0.01953125 0.01953125
0 0.41015625 0.46484375 0.01953125 0.01953125
0 0.41015625 0.4765625 0.01953125 0.01953125
0 0.4140625 0.4765625 0.01953125 0.01953125
0 0.359375 0.48046875 0.01953125 0.01953125
0 0.359375 0.48828125 0.01953125 0.01953125
0 0.41015625 0.49609375 0.01953125 0.01953125
0 0.359375 0.5 0.01953125 0.01953125
0 0.359375 0.51171875 0.01953125 0.01953125
0 0.41015625 0.5390625 0.01953125 0.01953125
0 0.41015625 0.546875 0.01953125 0.01953125
0 0.41015625 0.55078125 0.01953125 0.01953125
0 0.40625 0.55859375 0.01953125 0.01953125
0 0.41015625 0.56640625 0.01953125 0.01953125
0 0.4140625 0.56640625 0.01953125 0.01953125
0 0.41015625 0.609375 0.01953125 0.01953125
0 0.41015625 0.62890625 0.01953125 0.01953125
0 0.41015625 0.640625 0.01953125 0.01953125
0 0.41015625 0.6484375 0.01953125 0.01953125
0 0.359375 0.66015625 0.01953125 0.01953125
0 0.359375 0.66796875 0.01953125 0.01953125
0 0.359375 0.6796875 0.01953125 0.01953125
0 0.359375 0.6875 0.01953125 0.01953125
0 0.4140625 0.70703125 0.01953125 0.01953125
0 0.359375 0.7109375 0.01953125 0.01953125
0 0.359375 0.71875 0.01953125 0.01953125
0 0.359375 0.73046875 0.01953125 0.01953125
0 0.36328125 0.73046875 0.01953125 0.01953125
0 0.359375 0.75 0.01953125 0.01953125
0 0.36328125 0.75 0.01953125 0.01953125
0 0.359375 0.75390625 0.01953125 0.01953125
0 0.36328125 0.75390625 0.01953125 0.01953125
0 0.359375 0.76953125 0.01953125 0.01953125
0 0.41015625 0.76953125 0.01953125 0.01953125
0 0.359375 0.79296875 0.01953125 0.01953125
0 0.41015625 0.79296875 0.01953125 0.01953125
0 0.359375 0.80078125 0.01953125 0.01953125
0 0.4140625 0.8125 0.01953125 0.01953125
0 0.359375 0.8203125 0.01953125 0.01953125
0 0.359375 0.83984375 0.01953125 0.01953125
0 0.359375 0.84375 0.01953125 0.01953125
0 0.359375 0.8515625 0.01953125 0.01953125
0 0.921875 0.98046875 0.01953125 0.01953125
0 0.92578125 0.98046875 0.01953125 0.01953125
