0 0.08203125 0.4453125 0.01953125 0.01953125
0 0.2734375 0.46875 0.01953125 0.01953125
0 0.26953125 0.48046875 0.01953125 0.01953125
0 0.2734375 0.48046875 0.01953125 0.01953125
0 0.1953125 0.51953125 0.01953125 0.01953125
0 0.19921875 0.51953125 0.01953125 0.01953125
0 0.1953125 0.5234375 0.01953125 0.01953125
0 0.19921875 0.5234375 0.01953125 0.01953125
0 0.1953125 0.53125 0.01953125 0.01953125
0 0.19921875 0.53125 0.01953125 0.01953125
0 0.140625 0.53515625 0.01953125 0.01953125
0 0.14453125 0.53515625 0.01953125 0.01953125
0 0.76953125 0.5390625 0.01953125 0.01953125
0 0.14453125 0.54296875 0.01953125 0.01953125
0 0.1953125 0.54296875 0.01953125 0.01953125
0 0.7265625 0.54296875 0.01953125 0.01953125
0 0.7890625 0.54296875 0.01953125 0.01953125
0 0.796875 0.54296875 0.01953125 0.01953125
0 0.8359375 0.54296875 0.01953125 0.01953125
0 0.83984375 0.54296875 0.01953125 0.01953125
0 0.14453125 0.546875 0.01953125 0.01953125
0 0.6796875 0.546875 0.01953125 0.01953125
0 0.69140625 0.546875 0.01953125 0.01953125
0 0.0703125 0.55078125 0.01953125 0.01953125
0 0.14453125 0.5546875 0.01953125 0.01953125
0 0.19921875 0.5546875 0.01953125 0.01953125
0 0.19921875 0.5625 0.01953125 0.01953125
0 0.14453125 0.57421875 0.01953125 0.01953125
0 0.19921875 0.57421875 0.01953125 0.01953125
0 0.85546875 0.578125 0.01953125 0.01953125
0 0.85546875 0.58984375 0.01953125 0.01953125
0 0.1484375 0.59765625 0.01953125 0.01953125
0 0.703125 0.59765625 0.01953125 0.01953125
0 0.72265625 0.59765625 0.01953125 0.01953125
0 0.75390625 0.59765625 0.01953125 0.01953125
0 0.76171875 0.59765625 0.01953125 0.01953125
0 0.78125 0.59765625 0.01953125 0.01953125
0 0.80078125 0.59765625 0.01953125 0.01953125
0 0.6875 0.6015625 0.01953125 0.01953125
0 0.703125 0.6015625 0.01953125 0.01953125
0 0.7421875 0.6015625 0.01953125 0.01953125
0 0.859375 0.6015625 0.01953125 0.01953125
0 0.14453125 0.60546875 0.01953125 0.01953125
0 0.19921875 0.60546875 0.01953125 0.01953125
0 0.0703125 0.609375 0.01953125 0.01953125
0 0.07421875 0.609375 0.01953125 0.01953125
0 0.14453125 0.609375 0.01953125 0.01953125
0 0.7734375 0.6171875 0.01953125 0.01953125
0 0.79296875 0.6171875 0.01953125 0.01953125
0 0.07421875 0.62109375 0.01953125 0.01953125
0 0.85546875 0.62109375 0.01953125 0.01953125
0 0.1484375 0.63671875 0.01953125 0.01953125
0 0.859375 0.640625 0.01953125 0.01953125
0 0.203125 0.64453125 0.01953125 0.01953125
0 0.1484375 0.6484375 0.01953125 0.01953125
0 0.07421875 0.65234375 0.01953125 0.01953125
0 0.85546875 0.6640625 0.01953125 0.01953125
0 0.078125 0.671875 0.01953125 0.01953125
0 0.78515625 0.671875 0.01953125 0.01953125
0 0.7890625 0.671875 0.01953125 0.01953125
0 0.765625 0.67578125 0.01953125 0.01953125
0 0.078125 0.68359375 0.01953125 0.01953125
0 0.859375 0.68359375 0.01953125 0.01953125
0 0.14453125 0.6875 0.01953125 0.01953125
0 0.078125 0.69140625 0.01953125 0.01953125
0 0.80078125 0.69140625 0.01953125 0.01953125
0 0.74609375 0.6953125 0.01953125 0.01953125
0 0.765625 0.6953125 0.01953125 0.01953125
0 0.77734375 0.6953125 0.01953125 0.01953125
0 0.7890625 0.6953125 0.01953125 0.01953125
0 0.74609375 0.69921875 0.01953125 0.01953125
0 0.07421875 0.703125 0.01953125 0.01953125
0 0.078125 0.703125 0.01953125 0.01953125
0 0.86328125 0.703125 0.01953125 0.01953125
0 0.2265625 0.70703125 0.01953125 0.01953125
0 0.078125 0.7109375 0.01953125 0.01953125
0 0.859375 0.7109375 0.01953125 0.01953125
0 0.078125 0.72265625 0.01953125 0.01953125
0 0.1796875 0.734375 0.01953125 0.01953125
0 0.84375 0.734375 0.01953125 0.01953125
0 0.3671875 0.73828125 0.01953125 0.01953125
0 0.37890625 0.73828125 0.01953125 0.01953125
0 0.078125 0.7421875 0.01953125 0.01953125
0 0.08203125 0.7421875 0.01953125 0.01953125
0 0.1875 0.7421875 0.01953125 0.01953125
0 0.26953125 0.75 0.01953125 0.01953125
0 0.2734375 0.75 0.01953125 0.01953125
0 0.08203125 0.75390625 0.01953125 0.01953125
0 0.0859375 0.75390625 0.01953125 0.01953125
0 0.203125 0.7578125 0.01953125 0.01953125
0 0.7734375 0.76171875 0.01953125 0.01953125
0 0.0859375 0.765625 0.01953125 0.01953125
0 0.73046875 0.765625 0.01953125 0.01953125
0 0.2890625 0.76953125 0.01953125 0.01953125
0 0.21484375 0.7734375 0.01953125 0.01953125
0 0.22265625 0.78125 0.01953125 0.01953125
0 0.09375 0.78515625 0.01953125 0.01953125
0 0.1015625 0.8046875 0.01953125 0.01953125
0 0.7109375 0.8125 0.01953125 0.01953125
0 0.63671875 0.81640625 0.01953125 0.01953125
0 0.72265625 0.81640625 0.01953125 0.01953125
0 0.734375 0.81640625 0.01953125 0.01953125
0 0.75390625 0.81640625 0.01953125 0.01953125
0 0.765625 0.81640625 0.01953125 0.01953125
0 0.6953125 0.8203125 0.01953125 0.01953125
0 0.72265625 0.8203125 0.01953125 0.01953125
0 0.74609375 0.8359375 0.01953125 0.01953125
0 0.7578125 0.8359375 0.01953125 0.01953125
0 0.64453125 0.84375 0.01953125 0.01953125
0 0.640625 0.8671875 0.01953125 0.01953125
0 0.77734375 0.88671875 0.01953125 0.01953125
0 0.7265625 0.890625 0.01953125 0.01953125
0 0.71875 0.89453125 0.01953125 0.01953125
0 0.35546875 0.96484375 0.01953125 0.01953125
0 0.3671875 0.96484375 0.01953125 0.01953125
0 0.375 0.96484375 0.01953125 0.01953125
0 0.3984375 0.96484375 0.01953125 0.01953125
0 0.31640625 0.96875 0.01953125 0.01953125
0 0.38671875 0.96875 0.01953125 0.01953125
0 0.28515625 0.97265625 0.01953125 0.01953125
0 0.31640625 0.97265625 0.01953125 0.01953125
