0 0.58203125 0.01171875 0.01953125 0.01953125
0 0.59765625 0.01171875 0.01953125 0.01953125
0 0.34375 0.0625 0.01953125 0.01953125
0 0.34765625 0.0625 0.01953125 0.01953125
0 0.33984375 0.81640625 0.01953125 0.01953125
0 0.015625 0.92578125 0.01953125 0.01953125
0 0.05078125 0.92578125 0.01953125 0.01953125
0 0.07421875 0.92578125 0.01953125 0.01953125
0 0.05078125 0.9296875 0.01953125 0.01953125
0 0.09765625 0.9296875 0.01953125 0.01953125
0 0.51171875 0.9375 0.01953125 0.01953125
0 0.51171875 0.97265625 0.01953125 0.01953125
0 0.0703125 0.9765625 0.01953125 0.01953125
0 0.08203125 0.9765625 0.01953125 0.01953125
0 0.1015625 0.9765625 0.01953125 0.01953125
0 0.11328125 0.9765625 0.01953125 0.01953125
0 0.61328125 0.9921875 0.01953125 0.01953125
