0 0.6197183098591549 0.171875 0.07042253521126761 0.01953125
0 0.6338028169014085 0.18359375 0.07042253521126761 0.01953125
0 0.6338028169014085 0.3125 0.07042253521126761 0.01953125
0 0.6338028169014085 0.32421875 0.07042253521126761 0.01953125
0 0.676056338028169 0.34765625 0.07042253521126761 0.01953125
0 0.6901408450704225 0.34765625 0.07042253521126761 0.01953125
0 0.6056338028169014 0.359375 0.07042253521126761 0.01953125
0 0.4225352112676056 0.94921875 0.07042253521126761 0.01953125
0 0.647887323943662 0.94921875 0.07042253521126761 0.01953125
0 0.07042253521126761 0.9765625 0.07042253521126761 0.01953125
