0 0.51171875 0.00390625 0.01953125 0.01953125
0 0.56640625 0.00390625 0.01953125 0.01953125
0 0.5703125 0.00390625 0.01953125 0.01953125
0 0.69921875 0.01171875 0.01953125 0.01953125
0 0.5078125 0.13671875 0.01953125 0.01953125
0 0.81640625 0.15234375 0.01953125 0.01953125
0 0.67578125 0.18359375 0.01953125 0.01953125
0 0.6796875 0.18359375 0.01953125 0.01953125
0 0.3828125 0.24609375 0.01953125 0.01953125
0 0.3828125 0.25 0.01953125 0.01953125
0 0.46875 0.25 0.01953125 0.01953125
0 0.48046875 0.25 0.01953125 0.01953125
0 0.859375 0.31640625 0.01953125 0.01953125
0 0.859375 0.3203125 0.01953125 0.01953125
0 0.88671875 0.66796875 0.01953125 0.01953125
0 0.91796875 0.66796875 0.01953125 0.01953125
0 0.8984375 0.671875 0.01953125 0.01953125
0 0.91796875 0.671875 0.01953125 0.01953125
0 0.15625 0.69921875 0.01953125 0.01953125
0 0.16015625 0.69921875 0.01953125 0.01953125
0 0.875 0.69921875 0.01953125 0.01953125
0 0.875 0.71875 0.01953125 0.01953125
0 0.875 0.72265625 0.01953125 0.01953125
