0 0.0 0.01953125 0.07042253521126761 0.01953125
0 0.6056338028169014 0.03125 0.07042253521126761 0.01953125
0 0.6056338028169014 0.0390625 0.07042253521126761 0.01953125
0 0.6056338028169014 0.04296875 0.07042253521126761 0.01953125
0 0.6056338028169014 0.05078125 0.07042253521126761 0.01953125
0 0.6056338028169014 0.05859375 0.07042253521126761 0.01953125
0 0.8028169014084507 0.0703125 0.07042253521126761 0.01953125
0 0.8169014084507042 0.08203125 0.07042253521126761 0.01953125
0 0.6056338028169014 0.1015625 0.07042253521126761 0.01953125
0 0.7746478873239436 0.1015625 0.07042253521126761 0.01953125
0 0.8450704225352113 0.1015625 0.07042253521126761 0.01953125
0 0.8450704225352113 0.109375 0.07042253521126761 0.01953125
0 0.8309859154929577 0.12109375 0.07042253521126761 0.01953125
0 0.8450704225352113 0.12109375 0.07042253521126761 0.01953125
0 0.6056338028169014 0.12890625 0.07042253521126761 0.01953125
0 0.8591549295774648 0.12890625 0.07042253521126761 0.01953125
0 0.5915492957746479 0.13671875 0.07042253521126761 0.01953125
0 0.5915492957746479 0.140625 0.07042253521126761 0.01953125
0 0.5774647887323944 0.1484375 0.07042253521126761 0.01953125
0 0.5915492957746479 0.1484375 0.07042253521126761 0.01953125
0 0.7605633802816901 0.15234375 0.07042253521126761 0.01953125
0 0.5915492957746479 0.16015625 0.07042253521126761 0.01953125
0 0.7746478873239436 0.16015625 0.07042253521126761 0.01953125
0 0.8450704225352113 0.16015625 0.07042253521126761 0.01953125
0 0.8591549295774648 0.16015625 0.07042253521126761 0.01953125
0 0.8450704225352113 0.1640625 0.07042253521126761 0.01953125
0 0.8591549295774648 0.1640625 0.07042253521126761 0.01953125
0 0.5915492957746479 0.171875 0.07042253521126761 0.01953125
0 0.7746478873239436 0.171875 0.07042253521126761 0.01953125
0 0.5774647887323944 0.1796875 0.07042253521126761 0.01953125
0 0.5915492957746479 0.1796875 0.07042253521126761 0.01953125
0 0.7605633802816901 0.18359375 0.07042253521126761 0.01953125
0 0.8309859154929577 0.18359375 0.07042253521126761 0.01953125
0 0.5915492957746479 0.19140625 0.07042253521126761 0.01953125
0 0.5915492957746479 0.19921875 0.07042253521126761 0.01953125
0 0.7605633802816901 0.203125 0.07042253521126761 0.01953125
0 0.8450704225352113 0.203125 0.07042253521126761 0.01953125
0 0.5774647887323944 0.2109375 0.07042253521126761 0.01953125
0 0.7605633802816901 0.2109375 0.07042253521126761 0.01953125
0 0.5774647887323944 0.22265625 0.07042253521126761 0.01953125
0 0.7605633802816901 0.22265625 0.07042253521126761 0.01953125
0 0.8309859154929577 0.22265625 0.07042253521126761 0.01953125
0 0.5774647887323944 0.23046875 0.07042253521126761 0.01953125
0 0.5915492957746479 0.23046875 0.07042253521126761 0.01953125
0 0.7746478873239436 0.23046875 0.07042253521126761 0.01953125
0 0.8450704225352113 0.234375 0.07042253521126761 0.01953125
0 0.5774647887323944 0.2421875 0.07042253521126761 0.01953125
0 0.8309859154929577 0.2421875 0.07042253521126761 0.01953125
0 0.8450704225352113 0.2421875 0.07042253521126761 0.01953125
0 0.5774647887323944 0.25 0.07042253521126761 0.01953125
0 0.7605633802816901 0.25 0.07042253521126761 0.01953125
0 0.7605633802816901 0.25390625 0.07042253521126761 0.01953125
0 0.5915492957746479 0.26171875 0.07042253521126761 0.01953125
0 0.8450704225352113 0.26171875 0.07042253521126761 0.01953125
0 0.8309859154929577 0.2734375 0.07042253521126761 0.01953125
0 0.8450704225352113 0.2734375 0.07042253521126761 0.01953125
0 0.5774647887323944 0.27734375 0.07042253521126761 0.01953125
0 0.7605633802816901 0.28125 0.07042253521126761 0.01953125
0 0.5774647887323944 0.2890625 0.07042253521126761 0.01953125
0 0.7605633802816901 0.29296875 0.07042253521126761 0.01953125
0 0.8309859154929577 0.29296875 0.07042253521126761 0.01953125
0 0.5774647887323944 0.30078125 0.07042253521126761 0.01953125
0 0.8309859154929577 0.30078125 0.07042253521126761 0.01953125
0 0.7605633802816901 0.3046875 0.07042253521126761 0.01953125
0 0.8309859154929577 0.3046875 0.07042253521126761 0.01953125
0 0.5774647887323944 0.30859375 0.07042253521126761 0.01953125
0 0.7464788732394366 0.3125 0.07042253521126761 0.01953125
0 0.7605633802816901 0.3125 0.07042253521126761 0.01953125
0 0.8309859154929577 0.3125 0.07042253521126761 0.01953125
0 0.8450704225352113 0.3125 0.07042253521126761 0.01953125
0 0.5774647887323944 0.3203125 0.07042253521126761 0.01953125
0 0.5774647887323944 0.328125 0.07042253521126761 0.01953125
0 0.5774647887323944 0.33984375 0.07042253521126761 0.01953125
0 0.5774647887323944 0.3515625 0.07042253521126761 0.01953125
0 0.8028169014084507 0.3671875 0.07042253521126761 0.01953125
0 0.8169014084507042 0.3671875 0.07042253521126761 0.01953125
0 0.8450704225352113 0.3671875 0.07042253521126761 0.01953125
0 0.8591549295774648 0.3671875 0.07042253521126761 0.01953125
0 0.8873239436619719 0.3671875 0.07042253521126761 0.01953125
0 0.9295774647887324 0.3671875 0.07042253521126761 0.01953125
0 0.9577464788732394 0.3671875 0.07042253521126761 0.01953125
0 0.971830985915493 0.3671875 0.07042253521126761 0.01953125
0 0.22535211267605634 0.44140625 0.07042253521126761 0.01953125
0 0.5915492957746479 0.89453125 0.07042253521126761 0.01953125
0 0.5915492957746479 0.8984375 0.07042253521126761 0.01953125
0 0.2535211267605634 0.90625 0.07042253521126761 0.01953125
0 0.8873239436619719 0.91015625 0.07042253521126761 0.01953125
0 0.2676056338028169 0.9375 0.07042253521126761 0.01953125
0 0.2676056338028169 0.94140625 0.07042253521126761 0.01953125
