0 0.546875 0.05859375 0.01953125 0.01953125
0 0.546875 0.0625 0.01953125 0.01953125
0 0.546875 0.0703125 0.01953125 0.01953125
0 0.546875 0.08203125 0.01953125 0.01953125
0 0.55078125 0.1015625 0.01953125 0.01953125
0 0.55078125 0.11328125 0.01953125 0.01953125
0 0.546875 0.12109375 0.01953125 0.01953125
0 0.55078125 0.12109375 0.01953125 0.01953125
0 0.55078125 0.1328125 0.01953125 0.01953125
0 0.55078125 0.140625 0.01953125 0.01953125
0 0.5546875 0.15234375 0.01953125 0.01953125
0 0.5546875 0.1640625 0.01953125 0.01953125
0 0.5546875 0.171875 0.01953125 0.01953125
0 0.5 0.1953125 0.01953125 0.01953125
0 0.55859375 0.1953125 0.01953125 0.01953125
0 0.5 0.19921875 0.01953125 0.01953125
0 0.5 0.20703125 0.01953125 0.01953125
0 0.50390625 0.21875 0.01953125 0.01953125
0 0.5546875 0.22265625 0.01953125 0.01953125
0 0.50390625 0.2265625 0.01953125 0.01953125
0 0.5546875 0.2265625 0.01953125 0.01953125
0 0.50390625 0.23046875 0.01953125 0.01953125
0 0.55859375 0.234375 0.01953125 0.01953125
0 0.50390625 0.23828125 0.01953125 0.01953125
0 0.5078125 0.23828125 0.01953125 0.01953125
0 0.50390625 0.24609375 0.01953125 0.01953125
0 0.5078125 0.24609375 0.01953125 0.01953125
0 0.50390625 0.25 0.01953125 0.01953125
0 0.5078125 0.25 0.01953125 0.01953125
0 0.5546875 0.25390625 0.01953125 0.01953125
0 0.55859375 0.25390625 0.01953125 0.01953125
0 0.5078125 0.2578125 0.01953125 0.01953125
0 0.5078125 0.26953125 0.01953125 0.01953125
0 0.55859375 0.27734375 0.01953125 0.01953125
0 0.5078125 0.2890625 0.01953125 0.01953125
0 0.5078125 0.30859375 0.01953125 0.01953125
0 0.51171875 0.3203125 0.01953125 0.01953125
0 0.42578125 0.3984375 0.01953125 0.01953125
0 0.56640625 0.40625 0.01953125 0.01953125
0 0.30859375 0.69140625 0.01953125 0.01953125
0 0.34375 0.734375 0.01953125 0.01953125
0 0.31640625 0.7578125 0.01953125 0.01953125
0 0.33203125 0.7578125 0.01953125 0.01953125
0 0.734375 0.85546875 0.01953125 0.01953125
0 0.73828125 0.85546875 0.01953125 0.01953125
0 0.95703125 0.875 0.01953125 0.01953125
0 0.0234375 0.87890625 0.01953125 0.01953125
0 0.21875 0.8828125 0.01953125 0.01953125
0 0.37890625 0.88671875 0.01953125 0.01953125
0 0.66796875 0.89453125 0.01953125 0.01953125
0 0.265625 0.8984375 0.01953125 0.01953125
0 0.265625 0.90234375 0.01953125 0.01953125
0 0.42578125 0.90234375 0.01953125 0.01953125
0 0.42578125 0.90625 0.01953125 0.01953125
0 0.51171875 0.90625 0.01953125 0.01953125
0 0.91015625 0.90625 0.01953125 0.01953125
0 0.51171875 0.91015625 0.01953125 0.01953125
0 0.609375 0.91015625 0.01953125 0.01953125
0 0.15625 0.9609375 0.01953125 0.01953125
0 0.16796875 0.9609375 0.01953125 0.01953125
0 0.17578125 0.9609375 0.01953125 0.01953125
0 0.19921875 0.9609375 0.01953125 0.01953125
0 0.2265625 0.9609375 0.01953125 0.01953125
0 0.23828125 0.9609375 0.01953125 0.01953125
0 0.21875 0.96484375 0.01953125 0.01953125
0 0.2265625 0.96484375 0.01953125 0.01953125
0 0.25390625 0.96484375 0.01953125 0.01953125
0 0.65234375 0.9765625 0.01953125 0.01953125
0 0.90234375 0.98046875 0.01953125 0.01953125
