0 0.7464788732394366 0.00390625 0.07042253521126761 0.01953125
0 0.8028169014084507 0.01953125 0.07042253521126761 0.01953125
0 0.014084507042253521 0.06640625 0.07042253521126761 0.01953125
0 0.028169014084507043 0.06640625 0.07042253521126761 0.01953125
0 0.04225352112676056 0.09375 0.07042253521126761 0.01953125
0 0.0 0.1015625 0.07042253521126761 0.01953125
0 0.056338028169014086 0.109375 0.07042253521126761 0.01953125
0 0.056338028169014086 0.11328125 0.07042253521126761 0.01953125
0 0.07042253521126761 0.140625 0.07042253521126761 0.01953125
0 0.04225352112676056 0.1640625 0.07042253521126761 0.01953125
0 0.1267605633802817 0.18359375 0.07042253521126761 0.01953125
0 0.1267605633802817 0.1875 0.07042253521126761 0.01953125
0 0.15492957746478872 0.19921875 0.07042253521126761 0.01953125
0 0.16901408450704225 0.20703125 0.07042253521126761 0.01953125
0 0.8591549295774648 0.3515625 0.07042253521126761 0.01953125
0 0.971830985915493 0.38671875 0.07042253521126761 0.01953125
0 0.9295774647887324 0.390625 0.07042253521126761 0.01953125
0 0.30985915492957744 0.4609375 0.07042253521126761 0.01953125
0 0.352112676056338 0.48046875 0.07042253521126761 0.01953125
0 0.4225352112676056 0.87109375 0.07042253521126761 0.01953125
0 0.38028169014084506 0.90625 0.07042253521126761 0.01953125
0 0.38028169014084506 0.91015625 0.07042253521126761 0.01953125
0 0.49295774647887325 0.91796875 0.07042253521126761 0.01953125
0 0.5070422535211268 0.91796875 0.07042253521126761 0.01953125
0 0.5211267605633803 0.92578125 0.07042253521126761 0.01953125
