0 0.9375 0.0 0.01953125 0.01953125
0 0.8515625 0.00390625 0.01953125 0.01953125
0 0.9375 0.00390625 0.01953125 0.01953125
0 0.71484375 0.0078125 0.01953125 0.01953125
0 0.83203125 0.0078125 0.01953125 0.01953125
0 0.98046875 0.015625 0.01953125 0.01953125
0 0.8203125 0.02734375 0.01953125 0.01953125
0 0.69921875 0.03125 0.01953125 0.01953125
0 0.703125 0.03125 0.01953125 0.01953125
0 0.8671875 0.0390625 0.01953125 0.01953125
0 0.8671875 0.0546875 0.01953125 0.01953125
0 0.53125 0.07421875 0.01953125 0.01953125
0 0.8671875 0.08203125 0.01953125 0.01953125
0 0.70703125 0.140625 0.01953125 0.01953125
0 0.9453125 0.19140625 0.01953125 0.01953125
0 0.9453125 0.1953125 0.01953125 0.01953125
0 0.53125 0.21875 0.01953125 0.01953125
0 0.53515625 0.24609375 0.01953125 0.01953125
0 0.93359375 0.28515625 0.01953125 0.01953125
0 0.93359375 0.3046875 0.01953125 0.01953125
0 0.92578125 0.31640625 0.01953125 0.01953125
0 0.94140625 0.328125 0.01953125 0.01953125
0 0.953125 0.328125 0.01953125 0.01953125
0 0.73828125 0.33984375 0.01953125 0.01953125
0 0.94140625 0.34375 0.01953125 0.01953125
0 0.94921875 0.34375 0.01953125 0.01953125
0 0.94921875 0.34765625 0.01953125 0.01953125
0 0.95703125 0.34765625 0.01953125 0.01953125
0 0.75390625 0.3515625 0.01953125 0.01953125
0 0.98828125 0.51171875 0.01953125 0.01953125
0 0.7421875 0.51953125 0.01953125 0.01953125
0 0.9921875 0.5234375 0.01953125 0.01953125
0 0.91015625 0.56640625 0.01953125 0.01953125
0 0.85546875 0.62109375 0.01953125 0.01953125
0 0.96484375 0.75390625 0.01953125 0.01953125
0 0.87890625 0.7578125 0.01953125 0.01953125
0 0.96484375 0.7578125 0.01953125 0.01953125
