0 0.41964285714285715 0.125 0.044642857142857144 0.01953125
0 0.16071428571428573 0.19921875 0.044642857142857144 0.01953125
0 0.9285714285714286 0.21484375 0.044642857142857144 0.01953125
0 0.9375 0.21484375 0.044642857142857144 0.01953125
0 0.39285714285714285 0.61328125 0.044642857142857144 0.01953125
0 0.39285714285714285 0.6171875 0.044642857142857144 0.01953125
0 0.9375 0.7890625 0.044642857142857144 0.01953125
0 0.9464285714285714 0.7890625 0.044642857142857144 0.01953125
0 0.9375 0.79296875 0.044642857142857144 0.01953125
0 0.9464285714285714 0.79296875 0.044642857142857144 0.01953125
0 0.9821428571428571 0.79296875 0.044642857142857144 0.01953125
0 0.36607142857142855 0.81640625 0.044642857142857144 0.01953125
0 0.36607142857142855 0.87109375 0.044642857142857144 0.01953125
