0 0.671875 0.09765625 0.01953125 0.01953125
0 0.5078125 0.15625 0.01953125 0.01953125
0 0.52734375 0.21875 0.01953125 0.01953125
0 0.66796875 0.21875 0.01953125 0.01953125
0 0.671875 0.21875 0.01953125 0.01953125
0 0.66796875 0.28515625 0.01953125 0.01953125
0 0.3828125 0.515625 0.01953125 0.01953125
0 0.546875 0.54296875 0.01953125 0.01953125
0 0.19921875 0.56640625 0.01953125 0.01953125
0 0.19921875 0.5703125 0.01953125 0.01953125
0 0.3125 0.57421875 0.01953125 0.01953125
0 0.33984375 0.578125 0.01953125 0.01953125
0 0.359375 0.578125 0.01953125 0.01953125
0 0.1953125 0.859375 0.01953125 0.01953125
0 0.78515625 0.87890625 0.01953125 0.01953125
0 0.38671875 0.98046875 0.01953125 0.01953125
0 0.38671875 0.984375 0.01953125 0.01953125
