0 0.11328125 0.55859375 0.01953125 0.01953125
0 0.48046875 0.6171875 0.01953125 0.01953125
0 0.140625 0.6640625 0.01953125 0.01953125
0 0.14453125 0.6640625 0.01953125 0.01953125
0 0.05078125 0.6875 0.01953125 0.01953125
0 0.47265625 0.80078125 0.01953125 0.01953125
0 0.39453125 0.85546875 0.01953125 0.01953125
0 0.3984375 0.85546875 0.01953125 0.01953125
0 0.390625 0.890625 0.01953125 0.01953125
0 0.39453125 0.890625 0.01953125 0.01953125
0 0.453125 0.91015625 0.01953125 0.01953125
0 0.39453125 0.92578125 0.01953125 0.01953125
0 0.3984375 0.92578125 0.01953125 0.01953125
0 0.390625 0.9375 0.01953125 0.01953125
0 0.39453125 0.9375 0.01953125 0.01953125
0 0.390625 0.94921875 0.01953125 0.01953125
0 0.390625 0.9609375 0.01953125 0.01953125
0 0.39453125 0.9609375 0.01953125 0.01953125
0 0.390625 0.97265625 0.01953125 0.01953125
0 0.390625 0.984375 0.01953125 0.01953125
0 0.39453125 0.984375 0.01953125 0.01953125
0 0.39453125 0.99609375 0.01953125 0.01953125
0 0.453125 0.99609375 0.01953125 0.01953125
