0 0.3671875 0.04296875 0.01953125 0.01953125
0 0.63671875 0.4453125 0.01953125 0.01953125
0 0.640625 0.45703125 0.01953125 0.01953125
0 0.1875 0.59375 0.01953125 0.01953125
0 0.25390625 0.6015625 0.01953125 0.01953125
0 0.31640625 0.62890625 0.01953125 0.01953125
0 0.31640625 0.6328125 0.01953125 0.01953125
0 0.1796875 0.640625 0.01953125 0.01953125
0 0.18359375 0.640625 0.01953125 0.01953125
0 0.23046875 0.65234375 0.01953125 0.01953125
0 0.18359375 0.66015625 0.01953125 0.01953125
0 0.1875 0.66015625 0.01953125 0.01953125
0 0.18359375 0.6640625 0.01953125 0.01953125
0 0.1875 0.6640625 0.01953125 0.01953125
0 0.25 0.671875 0.01953125 0.01953125
0 0.25390625 0.671875 0.01953125 0.01953125
0 0.18359375 0.68359375 0.01953125 0.01953125
0 0.546875 0.76953125 0.01953125 0.01953125
0 0.55078125 0.76953125 0.01953125 0.01953125
0 0.08984375 0.79296875 0.01953125 0.01953125
0 0.84375 0.87109375 0.01953125 0.01953125
0 0.92578125 0.87890625 0.01953125 0.01953125
0 0.92578125 0.8828125 0.01953125 0.01953125
0 0.98046875 0.8828125 0.01953125 0.01953125
0 0.921875 0.890625 0.01953125 0.01953125
0 0.92578125 0.890625 0.01953125 0.01953125
0 0.921875 0.89453125 0.01953125 0.01953125
0 0.92578125 0.89453125 0.01953125 0.01953125
0 0.92578125 0.9140625 0.01953125 0.01953125
0 0.92578125 0.92578125 0.01953125 0.01953125
0 0.84375 0.9296875 0.01953125 0.01953125
0 0.84765625 0.9296875 0.01953125 0.01953125
0 0.921875 0.93359375 0.01953125 0.01953125
0 0.921875 0.9375 0.01953125 0.01953125
0 0.98046875 0.94140625 0.01953125 0.01953125
0 0.98046875 0.94921875 0.01953125 0.01953125
0 0.98046875 0.953125 0.01953125 0.01953125
0 0.98046875 0.96484375 0.01953125 0.01953125
0 0.83984375 0.97265625 0.01953125 0.01953125
0 0.84375 0.97265625 0.01953125 0.01953125
0 0.90234375 0.98046875 0.01953125 0.01953125
0 0.90234375 0.984375 0.01953125 0.01953125
0 0.59375 0.98828125 0.01953125 0.01953125
