0 0.390625 0.0078125 0.01953125 0.01953125
0 0.453125 0.01171875 0.01953125 0.01953125
0 0.390625 0.01953125 0.01953125 0.01953125
0 0.453125 0.0234375 0.01953125 0.01953125
0 0.453125 0.02734375 0.01953125 0.01953125
0 0.39453125 0.0390625 0.01953125 0.01953125
0 0.390625 0.05078125 0.01953125 0.01953125
0 0.44921875 0.05078125 0.01953125 0.01953125
0 0.453125 0.05078125 0.01953125 0.01953125
0 0.390625 0.0625 0.01953125 0.01953125
0 0.390625 0.07421875 0.01953125 0.01953125
0 0.390625 0.0859375 0.01953125 0.01953125
0 0.390625 0.09765625 0.01953125 0.01953125
0 0.39453125 0.09765625 0.01953125 0.01953125
0 0.390625 0.109375 0.01953125 0.01953125
0 0.39453125 0.109375 0.01953125 0.01953125
0 0.390625 0.12109375 0.01953125 0.01953125
0 0.39453125 0.13671875 0.01953125 0.01953125
0 0.390625 0.14453125 0.01953125 0.01953125
0 0.390625 0.15625 0.01953125 0.01953125
0 0.390625 0.16796875 0.01953125 0.01953125
0 0.67578125 0.19921875 0.01953125 0.01953125
0 0.4375 0.25 0.01953125 0.01953125
0 0.44921875 0.265625 0.01953125 0.01953125
0 0.44921875 0.3125 0.01953125 0.01953125
0 0.44921875 0.32421875 0.01953125 0.01953125
0 0.53515625 0.37890625 0.01953125 0.01953125
0 0.39453125 0.453125 0.01953125 0.01953125
0 0.3984375 0.453125 0.01953125 0.01953125
0 0.39453125 0.45703125 0.01953125 0.01953125
0 0.3984375 0.45703125 0.01953125 0.01953125
0 0.46875 0.4609375 0.01953125 0.01953125
0 0.4765625 0.46875 0.01953125 0.01953125
0 0.4765625 0.47265625 0.01953125 0.01953125
0 0.9296875 0.68359375 0.01953125 0.01953125
0 0.125 0.6953125 0.01953125 0.01953125
0 0.14453125 0.6953125 0.01953125 0.01953125
0 0.93359375 0.77734375 0.01953125 0.01953125
0 0.94140625 0.8515625 0.01953125 0.01953125
0 0.40234375 0.9375 0.01953125 0.01953125
0 0.40234375 0.94140625 0.01953125 0.01953125
