0 0.66015625 0.13671875 0.01953125 0.01953125
0 0.6640625 0.13671875 0.01953125 0.01953125
0 0.578125 0.171875 0.01953125 0.01953125
0 0.46875 0.17578125 0.01953125 0.01953125
0 0.4921875 0.17578125 0.01953125 0.01953125
0 0.49609375 0.17578125 0.01953125 0.01953125
0 0.609375 0.17578125 0.01953125 0.01953125
0 0.6171875 0.17578125 0.01953125 0.01953125
0 0.62109375 0.17578125 0.01953125 0.01953125
0 0.62890625 0.17578125 0.01953125 0.01953125
0 0.5859375 0.1796875 0.01953125 0.01953125
0 0.58984375 0.1796875 0.01953125 0.01953125
0 0.46875 0.1953125 0.01953125 0.01953125
0 0.47265625 0.1953125 0.01953125 0.01953125
0 0.4921875 0.1953125 0.01953125 0.01953125
0 0.4921875 0.19921875 0.01953125 0.01953125
0 0.46875 0.20703125 0.01953125 0.01953125
0 0.41796875 0.21484375 0.01953125 0.01953125
0 0.46875 0.2265625 0.01953125 0.01953125
0 0.4921875 0.2265625 0.01953125 0.01953125
0 0.49609375 0.2265625 0.01953125 0.01953125
0 0.41796875 0.24609375 0.01953125 0.01953125
0 0.4921875 0.24609375 0.01953125 0.01953125
0 0.41796875 0.25 0.01953125 0.01953125
0 0.4921875 0.25 0.01953125 0.01953125
0 0.46875 0.2578125 0.01953125 0.01953125
0 0.41796875 0.26953125 0.01953125 0.01953125
0 0.4921875 0.26953125 0.01953125 0.01953125
0 0.46484375 0.27734375 0.01953125 0.01953125
0 0.46875 0.27734375 0.01953125 0.01953125
0 0.4921875 0.27734375 0.01953125 0.01953125
0 0.46484375 0.28125 0.01953125 0.01953125
0 0.46875 0.28125 0.01953125 0.01953125
0 0.48828125 0.296875 0.01953125 0.01953125
0 0.4921875 0.296875 0.01953125 0.01953125
0 0.46875 0.30078125 0.01953125 0.01953125
0 0.5234375 0.30078125 0.01953125 0.01953125
0 0.46875 0.3046875 0.01953125 0.01953125
0 0.4140625 0.3203125 0.01953125 0.01953125
0 0.92578125 0.4453125 0.01953125 0.01953125
0 0.55859375 0.51171875 0.01953125 0.01953125
0 0.30078125 0.515625 0.01953125 0.01953125
0 0.390625 0.515625 0.01953125 0.01953125
0 0.4296875 0.515625 0.01953125 0.01953125
0 0.43359375 0.515625 0.01953125 0.01953125
0 0.55859375 0.515625 0.01953125 0.01953125
0 0.30078125 0.51953125 0.01953125 0.01953125
0 0.3203125 0.51953125 0.01953125 0.01953125
0 0.3203125 0.56640625 0.01953125 0.01953125
0 0.33984375 0.56640625 0.01953125 0.01953125
0 0.37109375 0.56640625 0.01953125 0.01953125
0 0.5546875 0.59375 0.01953125 0.01953125
