0 0.9921875 0.08203125 0.01953125 0.01953125
0 0.96875 0.0859375 0.01953125 0.01953125
0 0.8671875 0.34375 0.01953125 0.01953125
0 0.8671875 0.3984375 0.01953125 0.01953125
0 0.85546875 0.41796875 0.01953125 0.01953125
0 0.890625 0.421875 0.01953125 0.01953125
0 0.8828125 0.47265625 0.01953125 0.01953125
0 0.88671875 0.47265625 0.01953125 0.01953125
0 0.4609375 0.640625 0.01953125 0.01953125
0 0.2734375 0.68359375 0.01953125 0.01953125
0 0.5859375 0.71875 0.01953125 0.01953125
0 0.5859375 0.72265625 0.01953125 0.01953125
0 0.26171875 0.74609375 0.01953125 0.01953125
0 0.49609375 0.75 0.01953125 0.01953125
0 0.58203125 0.76953125 0.01953125 0.01953125
0 0.61328125 0.76953125 0.01953125 0.01953125
0 0.49609375 0.7734375 0.01953125 0.01953125
0 0.625 0.7734375 0.01953125 0.01953125
0 0.6015625 0.79296875 0.01953125 0.01953125
0 0.60546875 0.79296875 0.01953125 0.01953125
0 0.49609375 0.859375 0.01953125 0.01953125
0 0.90625 0.9765625 0.01953125 0.01953125
0 0.91015625 0.9765625 0.01953125 0.01953125
