0 0.640625 0.0703125 0.01953125 0.01953125
0 0.3203125 0.2109375 0.01953125 0.01953125
0 0.328125 0.2109375 0.01953125 0.01953125
0 0.33203125 0.2109375 0.01953125 0.01953125
0 0.33984375 0.2109375 0.01953125 0.01953125
0 0.3515625 0.2109375 0.01953125 0.01953125
0 0.36328125 0.2109375 0.01953125 0.01953125
0 0.296875 0.25390625 0.01953125 0.01953125
0 0.34765625 0.2578125 0.01953125 0.01953125
0 0.3515625 0.2578125 0.01953125 0.01953125
0 0.359375 0.2578125 0.01953125 0.01953125
0 0.34765625 0.26171875 0.01953125 0.01953125
0 0.3515625 0.26171875 0.01953125 0.01953125
0 0.296875 0.265625 0.01953125 0.01953125
0 0.30078125 0.27734375 0.01953125 0.01953125
0 0.3515625 0.27734375 0.01953125 0.01953125
0 0.3515625 0.28125 0.01953125 0.01953125
0 0.30078125 0.28515625 0.01953125 0.01953125
0 0.30078125 0.2890625 0.01953125 0.01953125
0 0.296875 0.296875 0.01953125 0.01953125
0 0.30078125 0.296875 0.01953125 0.01953125
0 0.296875 0.3046875 0.01953125 0.01953125
0 0.296875 0.31640625 0.01953125 0.01953125
0 0.49609375 0.33203125 0.01953125 0.01953125
0 0.28125 0.375 0.01953125 0.01953125
0 0.2890625 0.37890625 0.01953125 0.01953125
0 0.32421875 0.37890625 0.01953125 0.01953125
0 0.33984375 0.3828125 0.01953125 0.01953125
0 0.58984375 0.5078125 0.01953125 0.01953125
0 0.54296875 0.51171875 0.01953125 0.01953125
0 0.33984375 0.5234375 0.01953125 0.01953125
0 0.30859375 0.5546875 0.01953125 0.01953125
0 0.55078125 0.5546875 0.01953125 0.01953125
0 0.30859375 0.55859375 0.01953125 0.01953125
0 0.5390625 0.64453125 0.01953125 0.01953125
0 0.30078125 0.85546875 0.01953125 0.01953125
0 0.328125 0.85546875 0.01953125 0.01953125
0 0.28125 0.8671875 0.01953125 0.01953125
0 0.28515625 0.8671875 0.01953125 0.01953125
0 0.53515625 0.90234375 0.01953125 0.01953125
0 0.53515625 0.92578125 0.01953125 0.01953125
0 0.5546875 0.92578125 0.01953125 0.01953125
0 0.5546875 0.96875 0.01953125 0.01953125
0 0.53515625 0.97265625 0.01953125 0.01953125
0 0.5546875 0.97265625 0.01953125 0.01953125
0 0.56640625 0.97265625 0.01953125 0.01953125
0 0.40625 0.98046875 0.01953125 0.01953125
0 0.66796875 0.9921875 0.01953125 0.01953125
