0 0.2734375 0.10546875 0.01953125 0.01953125
0 0.27734375 0.10546875 0.01953125 0.01953125
0 0.27734375 0.1171875 0.01953125 0.01953125
0 0.5078125 0.14453125 0.01953125 0.01953125
0 0.5078125 0.15234375 0.01953125 0.01953125
0 0.5078125 0.15625 0.01953125 0.01953125
0 0.5078125 0.16796875 0.01953125 0.01953125
0 0.5078125 0.1796875 0.01953125 0.01953125
0 0.5703125 0.18359375 0.01953125 0.01953125
0 0.26953125 0.1875 0.01953125 0.01953125
0 0.48828125 0.1875 0.01953125 0.01953125
0 0.48828125 0.19140625 0.01953125 0.01953125
0 0.55078125 0.1953125 0.01953125 0.01953125
0 0.5078125 0.19921875 0.01953125 0.01953125
0 0.5078125 0.203125 0.01953125 0.01953125
0 0.5546875 0.203125 0.01953125 0.01953125
0 0.57421875 0.203125 0.01953125 0.01953125
0 0.5078125 0.2109375 0.01953125 0.01953125
0 0.5546875 0.21484375 0.01953125 0.01953125
0 0.5546875 0.2265625 0.01953125 0.01953125
0 0.640625 0.23046875 0.01953125 0.01953125
0 0.640625 0.234375 0.01953125 0.01953125
0 0.5546875 0.23828125 0.01953125 0.01953125
0 0.27734375 0.2421875 0.01953125 0.01953125
0 0.57421875 0.2421875 0.01953125 0.01953125
0 0.27734375 0.24609375 0.01953125 0.01953125
0 0.27734375 0.25390625 0.01953125 0.01953125
0 0.55078125 0.25390625 0.01953125 0.01953125
0 0.5546875 0.25390625 0.01953125 0.01953125
0 0.5546875 0.26171875 0.01953125 0.01953125
0 0.640625 0.26171875 0.01953125 0.01953125
0 0.64453125 0.26171875 0.01953125 0.01953125
0 0.5546875 0.265625 0.01953125 0.01953125
0 0.57421875 0.265625 0.01953125 0.01953125
0 0.640625 0.265625 0.01953125 0.01953125
0 0.64453125 0.265625 0.01953125 0.01953125
0 0.48828125 0.2734375 0.01953125 0.01953125
0 0.57421875 0.27734375 0.01953125 0.01953125
0 0.5546875 0.28515625 0.01953125 0.01953125
0 0.57421875 0.2890625 0.01953125 0.01953125
0 0.50390625 0.29296875 0.01953125 0.01953125
0 0.640625 0.3046875 0.01953125 0.01953125
0 0.50390625 0.31640625 0.01953125 0.01953125
0 0.50390625 0.3203125 0.01953125 0.01953125
0 0.43359375 0.32421875 0.01953125 0.01953125
0 0.5546875 0.32421875 0.01953125 0.01953125
0 0.50390625 0.33203125 0.01953125 0.01953125
0 0.5703125 0.34765625 0.01953125 0.01953125
0 0.5078125 0.3515625 0.01953125 0.01953125
0 0.640625 0.35546875 0.01953125 0.01953125
0 0.57421875 0.359375 0.01953125 0.01953125
0 0.640625 0.359375 0.01953125 0.01953125
0 0.50390625 0.36328125 0.01953125 0.01953125
0 0.63671875 0.3671875 0.01953125 0.01953125
0 0.5703125 0.375 0.01953125 0.01953125
0 0.68359375 0.375 0.01953125 0.01953125
0 0.69921875 0.375 0.01953125 0.01953125
0 0.7109375 0.375 0.01953125 0.01953125
0 0.72265625 0.375 0.01953125 0.01953125
0 0.74609375 0.375 0.01953125 0.01953125
0 0.7578125 0.375 0.01953125 0.01953125
0 0.76171875 0.375 0.01953125 0.01953125
0 0.76953125 0.375 0.01953125 0.01953125
0 0.7734375 0.375 0.01953125 0.01953125
0 0.671875 0.37890625 0.01953125 0.01953125
0 0.734375 0.37890625 0.01953125 0.01953125
0 0.74609375 0.37890625 0.01953125 0.01953125
0 0.76953125 0.37890625 0.01953125 0.01953125
0 0.7734375 0.37890625 0.01953125 0.01953125
0 0.55078125 0.3828125 0.01953125 0.01953125
0 0.5078125 0.38671875 0.01953125 0.01953125
0 0.5703125 0.38671875 0.01953125 0.01953125
0 0.57421875 0.38671875 0.01953125 0.01953125
0 0.90625 0.38671875 0.01953125 0.01953125
0 0.92578125 0.38671875 0.01953125 0.01953125
0 0.92578125 0.390625 0.01953125 0.01953125
0 0.50390625 0.3984375 0.01953125 0.01953125
0 0.50390625 0.40234375 0.01953125 0.01953125
0 0.640625 0.40625 0.01953125 0.01953125
0 0.2734375 0.41015625 0.01953125 0.01953125
0 0.2734375 0.4140625 0.01953125 0.01953125
0 0.671875 0.421875 0.01953125 0.01953125
0 0.6875 0.421875 0.01953125 0.01953125
0 0.7109375 0.421875 0.01953125 0.01953125
0 0.72265625 0.421875 0.01953125 0.01953125
0 0.7265625 0.421875 0.01953125 0.01953125
0 0.76171875 0.421875 0.01953125 0.01953125
0 0.7734375 0.421875 0.01953125 0.01953125
0 0.90234375 0.421875 0.01953125 0.01953125
0 0.5703125 0.42578125 0.01953125 0.01953125
0 0.6875 0.42578125 0.01953125 0.01953125
0 0.72265625 0.42578125 0.01953125 0.01953125
0 0.7265625 0.42578125 0.01953125 0.01953125
0 0.74609375 0.42578125 0.01953125 0.01953125
0 0.78515625 0.42578125 0.01953125 0.01953125
0 0.92578125 0.4296875 0.01953125 0.01953125
0 0.5546875 0.43359375 0.01953125 0.01953125
0 0.90234375 0.43359375 0.01953125 0.01953125
0 0.92578125 0.43359375 0.01953125 0.01953125
0 0.2734375 0.4375 0.01953125 0.01953125
0 0.640625 0.4375 0.01953125 0.01953125
0 0.78125 0.44140625 0.01953125 0.01953125
0 0.90234375 0.44140625 0.01953125 0.01953125
0 0.640625 0.4453125 0.01953125 0.01953125
0 0.68359375 0.4453125 0.01953125 0.01953125
0 0.6953125 0.4453125 0.01953125 0.01953125
0 0.7109375 0.4453125 0.01953125 0.01953125
0 0.72265625 0.4453125 0.01953125 0.01953125
0 0.73046875 0.4453125 0.01953125 0.01953125
0 0.74609375 0.4453125 0.01953125 0.01953125
0 0.7578125 0.4453125 0.01953125 0.01953125
0 0.76953125 0.4453125 0.01953125 0.01953125
0 0.78125 0.4453125 0.01953125 0.01953125
0 0.796875 0.4453125 0.01953125 0.01953125
0 0.90234375 0.4453125 0.01953125 0.01953125
0 0.921875 0.4453125 0.01953125 0.01953125
0 0.2734375 0.44921875 0.01953125 0.01953125
0 0.640625 0.44921875 0.01953125 0.01953125
0 0.72265625 0.44921875 0.01953125 0.01953125
0 0.921875 0.45703125 0.01953125 0.01953125
0 0.2734375 0.4609375 0.01953125 0.01953125
0 0.90234375 0.46484375 0.01953125 0.01953125
0 0.2734375 0.46875 0.01953125 0.01953125
0 0.2734375 0.47265625 0.01953125 0.01953125
0 0.8984375 0.4765625 0.01953125 0.01953125
0 0.91796875 0.4765625 0.01953125 0.01953125
0 0.921875 0.4765625 0.01953125 0.01953125
0 0.27734375 0.484375 0.01953125 0.01953125
0 0.640625 0.48828125 0.01953125 0.01953125
0 0.68359375 0.48828125 0.01953125 0.01953125
0 0.7109375 0.48828125 0.01953125 0.01953125
0 0.78515625 0.48828125 0.01953125 0.01953125
0 0.68359375 0.4921875 0.01953125 0.01953125
0 0.7109375 0.4921875 0.01953125 0.01953125
0 0.72265625 0.4921875 0.01953125 0.01953125
0 0.734375 0.4921875 0.01953125 0.01953125
0 0.74609375 0.4921875 0.01953125 0.01953125
0 0.75 0.4921875 0.01953125 0.01953125
0 0.76171875 0.4921875 0.01953125 0.01953125
0 0.7734375 0.4921875 0.01953125 0.01953125
0 0.78515625 0.4921875 0.01953125 0.01953125
0 0.796875 0.4921875 0.01953125 0.01953125
0 0.6796875 0.51171875 0.01953125 0.01953125
0 0.69140625 0.51171875 0.01953125 0.01953125
0 0.7109375 0.51171875 0.01953125 0.01953125
0 0.69140625 0.515625 0.01953125 0.01953125
0 0.63671875 0.52734375 0.01953125 0.01953125
0 0.6640625 0.52734375 0.01953125 0.01953125
0 0.72265625 0.52734375 0.01953125 0.01953125
0 0.7265625 0.52734375 0.01953125 0.01953125
0 0.7265625 0.5390625 0.01953125 0.01953125
0 0.6640625 0.546875 0.01953125 0.01953125
0 0.7265625 0.546875 0.01953125 0.01953125
0 0.1640625 0.55078125 0.01953125 0.01953125
0 0.1875 0.55859375 0.01953125 0.01953125
0 0.6640625 0.55859375 0.01953125 0.01953125
0 0.56640625 0.56640625 0.01953125 0.01953125
0 0.5703125 0.56640625 0.01953125 0.01953125
0 0.6640625 0.5703125 0.01953125 0.01953125
0 0.72265625 0.5703125 0.01953125 0.01953125
0 0.63671875 0.578125 0.01953125 0.01953125
0 0.72265625 0.578125 0.01953125 0.01953125
0 0.7265625 0.578125 0.01953125 0.01953125
0 0.72265625 0.58203125 0.01953125 0.01953125
0 0.7265625 0.58203125 0.01953125 0.01953125
0 0.640625 0.58984375 0.01953125 0.01953125
0 0.56640625 0.59375 0.01953125 0.01953125
0 0.56640625 0.60546875 0.01953125 0.01953125
0 0.6640625 0.609375 0.01953125 0.01953125
0 0.6328125 0.62109375 0.01953125 0.01953125
0 0.3359375 0.64453125 0.01953125 0.01953125
0 0.35546875 0.64453125 0.01953125 0.01953125
0 0.359375 0.64453125 0.01953125 0.01953125
0 0.5 0.64453125 0.01953125 0.01953125
0 0.41796875 0.6484375 0.01953125 0.01953125
0 0.51953125 0.65625 0.01953125 0.01953125
0 0.51953125 0.66796875 0.01953125 0.01953125
0 0.5078125 0.82421875 0.01953125 0.01953125
