0 0.46875 0.35714285714285715 0.01953125 0.044642857142857144
0 0.3046875 0.4017857142857143 0.01953125 0.044642857142857144
0 0.46875 0.44642857142857145 0.01953125 0.044642857142857144
0 0.46875 0.49107142857142855 0.01953125 0.044642857142857144
0 0.5234375 0.49107142857142855 0.01953125 0.044642857142857144
0 0.46875 0.5 0.01953125 0.044642857142857144
0 0.5234375 0.5 0.01953125 0.044642857142857144
0 0.46875 0.5178571428571429 0.01953125 0.044642857142857144
0 0.5234375 0.5625 0.01953125 0.044642857142857144
0 0.81640625 0.5625 0.01953125 0.044642857142857144
0 0.8203125 0.5625 0.01953125 0.044642857142857144
0 0.8359375 0.5625 0.01953125 0.044642857142857144
0 0.83984375 0.5625 0.01953125 0.044642857142857144
0 0.47265625 0.6071428571428571 0.01953125 0.044642857142857144
0 0.33203125 0.6160714285714286 0.01953125 0.044642857142857144
0 0.46875 0.6339285714285714 0.01953125 0.044642857142857144
0 0.91015625 0.6339285714285714 0.01953125 0.044642857142857144
0 0.46875 0.6607142857142857 0.01953125 0.044642857142857144
0 0.91015625 0.7232142857142857 0.01953125 0.044642857142857144
0 0.46875 0.7321428571428571 0.01953125 0.044642857142857144
0 0.91015625 0.8303571428571429 0.01953125 0.044642857142857144
0 0.3828125 0.8839285714285714 0.01953125 0.044642857142857144
