0 0.27734375 0.1875 0.01953125 0.044642857142857144
0 0.27734375 0.30357142857142855 0.01953125 0.044642857142857144
0 0.27734375 0.36607142857142855 0.01953125 0.044642857142857144
0 0.2734375 0.4017857142857143 0.01953125 0.044642857142857144
0 0.27734375 0.4017857142857143 0.01953125 0.044642857142857144
0 0.24609375 0.5357142857142857 0.01953125 0.044642857142857144
0 0.83203125 0.6785714285714286 0.01953125 0.044642857142857144
0 0.83203125 0.6875 0.01953125 0.044642857142857144
0 0.83203125 0.7142857142857143 0.01953125 0.044642857142857144
0 0.828125 0.7410714285714286 0.01953125 0.044642857142857144
0 0.83203125 0.7410714285714286 0.01953125 0.044642857142857144
0 0.83203125 0.7678571428571429 0.01953125 0.044642857142857144
0 0.828125 0.7946428571428571 0.01953125 0.044642857142857144
0 0.828125 0.8035714285714286 0.01953125 0.044642857142857144
