0 0.24107142857142858 0.140625 0.044642857142857144 0.01953125
0 0.008928571428571428 0.53515625 0.044642857142857144 0.01953125
0 0.23214285714285715 0.640625 0.044642857142857144 0.01953125
0 0.9375 0.6484375 0.044642857142857144 0.01953125
0 0.9464285714285714 0.6484375 0.044642857142857144 0.01953125
0 0.9642857142857143 0.6484375 0.044642857142857144 0.01953125
0 0.9642857142857143 0.65234375 0.044642857142857144 0.01953125
0 0.0 0.65625 0.044642857142857144 0.01953125
0 0.008928571428571428 0.65625 0.044642857142857144 0.01953125
0 0.0 0.66015625 0.044642857142857144 0.01953125
0 0.008928571428571428 0.66015625 0.044642857142857144 0.01953125
0 0.25892857142857145 0.6875 0.044642857142857144 0.01953125
