0 0.52734375 0.17857142857142858 0.01953125 0.044642857142857144
0 0.52734375 0.1875 0.01953125 0.044642857142857144
0 0.52734375 0.23214285714285715 0.01953125 0.044642857142857144
0 0.53125 0.23214285714285715 0.01953125 0.044642857142857144
0 0.6640625 0.24107142857142858 0.01953125 0.044642857142857144
0 0.578125 0.2767857142857143 0.01953125 0.044642857142857144
0 0.58203125 0.2767857142857143 0.01953125 0.044642857142857144
0 0.69140625 0.2767857142857143 0.01953125 0.044642857142857144
0 0.68359375 0.2857142857142857 0.01953125 0.044642857142857144
0 0.52734375 0.39285714285714285 0.01953125 0.044642857142857144
0 0.68359375 0.39285714285714285 0.01953125 0.044642857142857144
0 0.68359375 0.4017857142857143 0.01953125 0.044642857142857144
0 0.703125 0.4017857142857143 0.01953125 0.044642857142857144
0 0.7109375 0.4017857142857143 0.01953125 0.044642857142857144
0 0.7734375 0.44642857142857145 0.01953125 0.044642857142857144
0 0.77734375 0.44642857142857145 0.01953125 0.044642857142857144
0 0.66796875 0.45535714285714285 0.01953125 0.044642857142857144
0 0.69140625 0.45535714285714285 0.01953125 0.044642857142857144
0 0.69921875 0.45535714285714285 0.01953125 0.044642857142857144
0 0.703125 0.45535714285714285 0.01953125 0.044642857142857144
0 0.7109375 0.45535714285714285 0.01953125 0.044642857142857144
0 0.7734375 0.45535714285714285 0.01953125 0.044642857142857144
0 0.77734375 0.45535714285714285 0.01953125 0.044642857142857144
0 0.796875 0.45535714285714285 0.01953125 0.044642857142857144
0 0.828125 0.45535714285714285 0.01953125 0.044642857142857144
0 0.84765625 0.45535714285714285 0.01953125 0.044642857142857144
0 0.69921875 0.4642857142857143 0.01953125 0.044642857142857144
0 0.703125 0.4642857142857143 0.01953125 0.044642857142857144
0 0.7109375 0.4642857142857143 0.01953125 0.044642857142857144
0 0.68359375 0.5714285714285714 0.01953125 0.044642857142857144
0 0.6875 0.5714285714285714 0.01953125 0.044642857142857144
0 0.796875 0.7232142857142857 0.01953125 0.044642857142857144
0 0.80078125 0.7232142857142857 0.01953125 0.044642857142857144
0 0.85546875 0.7589285714285714 0.01953125 0.044642857142857144
0 0.796875 0.7857142857142857 0.01953125 0.044642857142857144
0 0.85546875 0.7857142857142857 0.01953125 0.044642857142857144
0 0.8515625 0.8214285714285714 0.01953125 0.044642857142857144
0 0.8515625 0.8303571428571429 0.01953125 0.044642857142857144
0 0.8515625 0.875 0.01953125 0.044642857142857144
0 0.60546875 0.8928571428571429 0.01953125 0.044642857142857144
0 0.76171875 0.9017857142857143 0.01953125 0.044642857142857144
0 0.8515625 0.9107142857142857 0.01953125 0.044642857142857144
0 0.8515625 0.9196428571428571 0.01953125 0.044642857142857144
0 0.98046875 0.9285714285714286 0.01953125 0.044642857142857144
0 0.5234375 0.9375 0.01953125 0.044642857142857144
0 0.84765625 0.9464285714285714 0.01953125 0.044642857142857144
0 0.8515625 0.9642857142857143 0.01953125 0.044642857142857144
0 0.84765625 0.9910714285714286 0.01953125 0.044642857142857144
