0 0.45703125 0.0625 0.01953125 0.01953125
0 0.61328125 0.62890625 0.01953125 0.01953125
0 0.63671875 0.62890625 0.01953125 0.01953125
0 0.83984375 0.6328125 0.01953125 0.01953125
0 0.83984375 0.6484375 0.01953125 0.01953125
0 0.83984375 0.65234375 0.01953125 0.01953125
0 0.6875 0.66796875 0.01953125 0.01953125
0 0.05859375 0.78125 0.01953125 0.01953125
0 0.05859375 0.78515625 0.01953125 0.01953125
0 0.37109375 0.8125 0.01953125 0.01953125
0 0.56640625 0.859375 0.01953125 0.01953125
0 0.9921875 0.875 0.01953125 0.01953125
