0 0.0 0.109375 0.01953125 0.01953125
0 0.90234375 0.30859375 0.01953125 0.01953125
0 0.046875 0.390625 0.01953125 0.01953125
0 0.80078125 0.42578125 0.01953125 0.01953125
0 0.7890625 0.4453125 0.01953125 0.01953125
0 0.89453125 0.5546875 0.01953125 0.01953125
0 0.8984375 0.5546875 0.01953125 0.01953125
0 0.89453125 0.55859375 0.01953125 0.01953125
0 0.8984375 0.55859375 0.01953125 0.01953125
0 0.8984375 0.5703125 0.01953125 0.01953125
0 0.8984375 0.57421875 0.01953125 0.01953125
0 0.89453125 0.671875 0.01953125 0.01953125
0 0.8984375 0.671875 0.01953125 0.01953125
0 0.89453125 0.68359375 0.01953125 0.01953125
0 0.8984375 0.72265625 0.01953125 0.01953125
0 0.90234375 0.72265625 0.01953125 0.01953125
0 0.90234375 0.79296875 0.01953125 0.01953125
