0 0.05859375 0.0234375 0.01953125 0.01953125
0 0.26171875 0.07421875 0.01953125 0.01953125
0 0.26171875 0.0859375 0.01953125 0.01953125
0 0.26171875 0.08984375 0.01953125 0.01953125
0 0.171875 0.1015625 0.01953125 0.01953125
0 0.11328125 0.12890625 0.01953125 0.01953125
0 0.1171875 0.12890625 0.01953125 0.01953125
0 0.13671875 0.12890625 0.01953125 0.01953125
0 0.19921875 0.1484375 0.01953125 0.01953125
0 0.171875 0.26171875 0.01953125 0.01953125
0 0.13671875 0.3671875 0.01953125 0.01953125
0 0.01171875 0.3828125 0.01953125 0.01953125
0 0.0078125 0.40234375 0.01953125 0.01953125
0 0.08984375 0.48828125 0.01953125 0.01953125
