0 0.16796875 0.0 0.01953125 0.01953125
0 0.171875 0.0 0.01953125 0.01953125
0 0.16796875 0.015625 0.01953125 0.01953125
0 0.171875 0.015625 0.01953125 0.01953125
0 0.36328125 0.625 0.01953125 0.01953125
0 0.48828125 0.64453125 0.01953125 0.01953125
0 0.4921875 0.64453125 0.01953125 0.01953125
0 0.50390625 0.64453125 0.01953125 0.01953125
0 0.51171875 0.6484375 0.01953125 0.01953125
0 0.5234375 0.6484375 0.01953125 0.01953125
0 0.53515625 0.6484375 0.01953125 0.01953125
0 0.546875 0.6484375 0.01953125 0.01953125
0 0.5625 0.65234375 0.01953125 0.01953125
0 0.57421875 0.65234375 0.01953125 0.01953125
0 0.81640625 0.828125 0.01953125 0.01953125
0 0.7578125 0.8359375 0.01953125 0.01953125
0 0.2109375 0.83984375 0.01953125 0.01953125
0 0.21484375 0.83984375 0.01953125 0.01953125
0 0.7578125 0.83984375 0.01953125 0.01953125
0 0.8046875 0.83984375 0.01953125 0.01953125
