0 0.9453125 0.0 0.01953125 0.01953125
0 0.5703125 0.02734375 0.01953125 0.01953125
0 0.66015625 0.02734375 0.01953125 0.01953125
0 0.671875 0.02734375 0.01953125 0.01953125
0 0.8203125 0.0390625 0.01953125 0.01953125
0 0.83203125 0.0390625 0.01953125 0.01953125
0 0.8203125 0.04296875 0.01953125 0.01953125
0 0.67578125 0.13671875 0.01953125 0.01953125
0 0.6875 0.13671875 0.01953125 0.01953125
0 0.69140625 0.13671875 0.01953125 0.01953125
0 0.69921875 0.13671875 0.01953125 0.01953125
0 0.7109375 0.13671875 0.01953125 0.01953125
0 0.73828125 0.14453125 0.01953125 0.01953125
0 0.7421875 0.14453125 0.01953125 0.01953125
0 0.75 0.14453125 0.01953125 0.01953125
0 0.75390625 0.14453125 0.01953125 0.01953125
0 0.6875 0.16015625 0.01953125 0.01953125
0 0.69140625 0.16015625 0.01953125 0.01953125
0 0.73046875 0.171875 0.01953125 0.01953125
0 0.7421875 0.171875 0.01953125 0.01953125
0 0.75 0.171875 0.01953125 0.01953125
0 0.75390625 0.171875 0.01953125 0.01953125
0 0.828125 0.234375 0.01953125 0.01953125
0 0.8046875 0.24609375 0.01953125 0.01953125
0 0.8046875 0.25 0.01953125 0.01953125
0 0.81640625 0.25 0.01953125 0.01953125
0 0.828125 0.25 0.01953125 0.01953125
0 0.8359375 0.25 0.01953125 0.01953125
0 0.54296875 0.8125 0.01953125 0.01953125
0 0.62109375 0.81640625 0.01953125 0.01953125
0 0.62109375 0.828125 0.01953125 0.01953125
0 0.94921875 0.90625 0.01953125 0.01953125
0 0.953125 0.90625 0.01953125 0.01953125
0 0.3671875 0.9140625 0.01953125 0.01953125
