0 0.74609375 0.09375 0.01953125 0.01953125
0 0.7734375 0.09375 0.01953125 0.01953125
0 0.89453125 0.09375 0.01953125 0.01953125
0 0.87890625 0.09765625 0.01953125 0.01953125
0 0.95703125 0.09765625 0.01953125 0.01953125
0 0.796875 0.1015625 0.01953125 0.01953125
0 0.8203125 0.10546875 0.01953125 0.01953125
0 0.83203125 0.10546875 0.01953125 0.01953125
0 0.84375 0.10546875 0.01953125 0.01953125
0 0.86328125 0.10546875 0.01953125 0.01953125
0 0.8671875 0.10546875 0.01953125 0.01953125
0 0.90625 0.109375 0.01953125 0.01953125
0 0.90625 0.11328125 0.01953125 0.01953125
0 0.9765625 0.1328125 0.01953125 0.01953125
0 0.9765625 0.13671875 0.01953125 0.01953125
0 0.74609375 0.1484375 0.01953125 0.01953125
0 0.74609375 0.15234375 0.01953125 0.01953125
0 0.734375 0.2734375 0.01953125 0.01953125
0 0.46875 0.30859375 0.01953125 0.01953125
0 0.4921875 0.3125 0.01953125 0.01953125
0 0.51171875 0.3125 0.01953125 0.01953125
0 0.73046875 0.3125 0.01953125 0.01953125
0 0.66015625 0.4296875 0.01953125 0.01953125
0 0.6796875 0.4296875 0.01953125 0.01953125
0 0.68359375 0.4296875 0.01953125 0.01953125
0 0.8515625 0.4296875 0.01953125 0.01953125
0 0.75390625 0.4453125 0.01953125 0.01953125
0 0.62890625 0.44921875 0.01953125 0.01953125
0 0.640625 0.44921875 0.01953125 0.01953125
0 0.75390625 0.44921875 0.01953125 0.01953125
0 0.55078125 0.453125 0.01953125 0.01953125
0 0.625 0.453125 0.01953125 0.01953125
0 0.85546875 0.453125 0.01953125 0.01953125
0 0.859375 0.453125 0.01953125 0.01953125
0 0.66015625 0.45703125 0.01953125 0.01953125
0 0.66796875 0.45703125 0.01953125 0.01953125
0 0.87109375 0.5 0.01953125 0.01953125
0 0.875 0.5 0.01953125 0.01953125
0 0.3828125 0.5078125 0.01953125 0.01953125
0 0.3828125 0.51171875 0.01953125 0.01953125
0 0.3828125 0.53125 0.01953125 0.01953125
0 0.37890625 0.57421875 0.01953125 0.01953125
0 0.37890625 0.59765625 0.01953125 0.01953125
0 0.37890625 0.6015625 0.01953125 0.01953125
0 0.375 0.62109375 0.01953125 0.01953125
0 0.37890625 0.62109375 0.01953125 0.01953125
0 0.9609375 0.62109375 0.01953125 0.01953125
0 0.3671875 0.6328125 0.01953125 0.01953125
0 0.37109375 0.6328125 0.01953125 0.01953125
0 0.9609375 0.6328125 0.01953125 0.01953125
0 0.36328125 0.66796875 0.01953125 0.01953125
0 0.3515625 0.76171875 0.01953125 0.01953125
0 0.3515625 0.7734375 0.01953125 0.01953125
0 0.35546875 0.7734375 0.01953125 0.01953125
0 0.34375 0.78125 0.01953125 0.01953125
0 0.359375 0.78515625 0.01953125 0.01953125
0 0.36328125 0.78515625 0.01953125 0.01953125
0 0.61328125 0.80859375 0.01953125 0.01953125
0 0.61328125 0.8125 0.01953125 0.01953125
