0 0.71484375 0.09375 0.01953125 0.01953125
0 0.71875 0.09375 0.01953125 0.01953125
0 0.08203125 0.1015625 0.01953125 0.01953125
0 0.09375 0.1015625 0.01953125 0.01953125
0 0.0546875 0.203125 0.01953125 0.01953125
0 0.7265625 0.24609375 0.01953125 0.01953125
0 0.73828125 0.24609375 0.01953125 0.01953125
0 0.70703125 0.25 0.01953125 0.01953125
0 0.7109375 0.25 0.01953125 0.01953125
0 0.71484375 0.25 0.01953125 0.01953125
0 0.71875 0.25 0.01953125 0.01953125
0 0.2734375 0.546875 0.01953125 0.01953125
0 0.26953125 0.60546875 0.01953125 0.01953125
0 0.26171875 0.640625 0.01953125 0.01953125
0 0.26171875 0.703125 0.01953125 0.01953125
0 0.26171875 0.70703125 0.01953125 0.01953125
0 0.14453125 0.7265625 0.01953125 0.01953125
0 0.3125 0.765625 0.01953125 0.01953125
0 0.32421875 0.76953125 0.01953125 0.01953125
0 0.5078125 0.87890625 0.01953125 0.01953125
0 0.55859375 0.99609375 0.01953125 0.01953125
0 0.5625 0.99609375 0.01953125 0.01953125
