0 0.9375 0.0078125 0.01953125 0.01953125
0 0.3984375 0.21875 0.01953125 0.01953125
0 0.40234375 0.21875 0.01953125 0.01953125
0 0.4140625 0.21875 0.01953125 0.01953125
0 0.48828125 0.22265625 0.01953125 0.01953125
0 0.52734375 0.34765625 0.01953125 0.01953125
0 0.53125 0.34765625 0.01953125 0.01953125
0 0.55859375 0.39453125 0.01953125 0.01953125
0 0.6328125 0.39453125 0.01953125 0.01953125
0 0.55859375 0.3984375 0.01953125 0.01953125
0 0.62109375 0.3984375 0.01953125 0.01953125
0 0.6328125 0.3984375 0.01953125 0.01953125
0 0.52734375 0.41796875 0.01953125 0.01953125
0 0.53125 0.41796875 0.01953125 0.01953125
0 0.47265625 0.421875 0.01953125 0.01953125
0 0.52734375 0.421875 0.01953125 0.01953125
0 0.53125 0.421875 0.01953125 0.01953125
0 0.39453125 0.6484375 0.01953125 0.01953125
0 0.39453125 0.66015625 0.01953125 0.01953125
0 0.83984375 0.6640625 0.01953125 0.01953125
0 0.6171875 0.8984375 0.01953125 0.01953125
0 0.62109375 0.8984375 0.01953125 0.01953125
