0 0.13671875 0.5625 0.01953125 0.044642857142857144
0 0.13671875 0.5714285714285714 0.01953125 0.044642857142857144
0 0.10546875 0.7321428571428571 0.01953125 0.044642857142857144
0 0.1875 0.7321428571428571 0.01953125 0.044642857142857144
0 0.10546875 0.7410714285714286 0.01953125 0.044642857142857144
0 0.296875 0.8125 0.01953125 0.044642857142857144
0 0.1015625 0.8839285714285714 0.01953125 0.044642857142857144
0 0.1015625 0.8928571428571429 0.01953125 0.044642857142857144
0 0.1015625 0.9107142857142857 0.01953125 0.044642857142857144
0 0.10546875 0.9107142857142857 0.01953125 0.044642857142857144
0 0.18359375 0.9375 0.01953125 0.044642857142857144
0 0.1875 0.9375 0.01953125 0.044642857142857144
0 0.1640625 0.9464285714285714 0.01953125 0.044642857142857144
0 0.1171875 0.9910714285714286 0.01953125 0.044642857142857144
