0 0.53125 0.0 0.01953125 0.044642857142857144
0 0.53515625 0.0 0.01953125 0.044642857142857144
0 0.52734375 0.026785714285714284 0.01953125 0.044642857142857144
0 0.55078125 0.08035714285714286 0.01953125 0.044642857142857144
0 0.5546875 0.08035714285714286 0.01953125 0.044642857142857144
0 0.6171875 0.14285714285714285 0.01953125 0.044642857142857144
0 0.578125 0.20535714285714285 0.01953125 0.044642857142857144
0 0.640625 0.21428571428571427 0.01953125 0.044642857142857144
0 0.64453125 0.21428571428571427 0.01953125 0.044642857142857144
0 0.21484375 0.22321428571428573 0.01953125 0.044642857142857144
0 0.21875 0.22321428571428573 0.01953125 0.044642857142857144
0 0.640625 0.22321428571428573 0.01953125 0.044642857142857144
0 0.64453125 0.22321428571428573 0.01953125 0.044642857142857144
0 0.19921875 0.25 0.01953125 0.044642857142857144
0 0.203125 0.25 0.01953125 0.044642857142857144
0 0.19921875 0.25892857142857145 0.01953125 0.044642857142857144
0 0.203125 0.25892857142857145 0.01953125 0.044642857142857144
0 0.578125 0.2767857142857143 0.01953125 0.044642857142857144
0 0.86328125 0.30357142857142855 0.01953125 0.044642857142857144
0 0.8671875 0.30357142857142855 0.01953125 0.044642857142857144
0 0.14453125 0.375 0.01953125 0.044642857142857144
0 0.5546875 0.375 0.01953125 0.044642857142857144
0 0.1328125 0.38392857142857145 0.01953125 0.044642857142857144
0 0.14453125 0.38392857142857145 0.01953125 0.044642857142857144
0 0.8984375 0.38392857142857145 0.01953125 0.044642857142857144
0 0.83203125 0.41964285714285715 0.01953125 0.044642857142857144
0 0.53515625 0.4375 0.01953125 0.044642857142857144
0 0.578125 0.4375 0.01953125 0.044642857142857144
0 0.58203125 0.4375 0.01953125 0.044642857142857144
0 0.90625 0.45535714285714285 0.01953125 0.044642857142857144
0 0.91015625 0.45535714285714285 0.01953125 0.044642857142857144
0 0.90234375 0.5 0.01953125 0.044642857142857144
0 0.83984375 0.5446428571428571 0.01953125 0.044642857142857144
0 0.84375 0.5446428571428571 0.01953125 0.044642857142857144
0 0.921875 0.5982142857142857 0.01953125 0.044642857142857144
0 0.60546875 0.6160714285714286 0.01953125 0.044642857142857144
0 0.91015625 0.6160714285714286 0.01953125 0.044642857142857144
0 0.8203125 0.6607142857142857 0.01953125 0.044642857142857144
0 0.82421875 0.6607142857142857 0.01953125 0.044642857142857144
0 0.9296875 0.6875 0.01953125 0.044642857142857144
0 0.90625 0.6964285714285714 0.01953125 0.044642857142857144
0 0.90625 0.7232142857142857 0.01953125 0.044642857142857144
0 0.6015625 0.7767857142857143 0.01953125 0.044642857142857144
0 0.60546875 0.7767857142857143 0.01953125 0.044642857142857144
0 0.85546875 0.7857142857142857 0.01953125 0.044642857142857144
0 0.62890625 0.8125 0.01953125 0.044642857142857144
0 0.55078125 0.8392857142857143 0.01953125 0.044642857142857144
0 0.5546875 0.8392857142857143 0.01953125 0.044642857142857144
0 0.82421875 0.8482142857142857 0.01953125 0.044642857142857144
0 0.828125 0.8482142857142857 0.01953125 0.044642857142857144
0 0.6015625 0.8660714285714286 0.01953125 0.044642857142857144
0 0.60546875 0.8660714285714286 0.01953125 0.044642857142857144
0 0.578125 0.875 0.01953125 0.044642857142857144
0 0.6015625 0.875 0.01953125 0.044642857142857144
0 0.60546875 0.875 0.01953125 0.044642857142857144
0 0.578125 0.9375 0.01953125 0.044642857142857144
0 0.82421875 0.9642857142857143 0.01953125 0.044642857142857144
