0 0.7890625 0.45535714285714285 0.01953125 0.044642857142857144
0 0.515625 0.7857142857142857 0.01953125 0.044642857142857144
0 0.56640625 0.7857142857142857 0.01953125 0.044642857142857144
0 0.5859375 0.7857142857142857 0.01953125 0.044642857142857144
0 0.56640625 0.7946428571428571 0.01953125 0.044642857142857144
0 0.75390625 0.8392857142857143 0.01953125 0.044642857142857144
0 0.65234375 0.8928571428571429 0.01953125 0.044642857142857144
0 0.50390625 0.9017857142857143 0.01953125 0.044642857142857144
0 0.5078125 0.9017857142857143 0.01953125 0.044642857142857144
0 0.65234375 0.9107142857142857 0.01953125 0.044642857142857144
0 0.65234375 0.9464285714285714 0.01953125 0.044642857142857144
0 0.65234375 0.9553571428571429 0.01953125 0.044642857142857144
0 0.65234375 0.9732142857142857 0.01953125 0.044642857142857144
0 0.76171875 0.9910714285714286 0.01953125 0.044642857142857144
